22 0.5255594559017113 0.6076260762607626 0.009653356735410267 0.02050020500205002
7 0.7128126371215445 0.3877272106054394 0.012505484861781484 0.01995353286866202
106 0.5384488810881966 0.6050293836271696 0.016125493637560332 0.015306819734864016
22 0.2882843352347521 0.3416700833675003 0.008775778850372971 0.01913352466858002
7 0.6387670030715226 0.32308323083230833 0.012505484861781484 0.02050020500205002
149 0.5435498025449759 0.36627032936996035 0.012066695919262835 0.015306819734864016
7 0.6315818341377797 0.46795134618012846 0.012834576568670469 0.01858685253519202
224 0.7359587538394032 0.3252015853491868 0.014480035103115402 0.016263495968293015
119 0.4168494953927161 0.2790077900779008 0.009653356735410267 0.016263495968293015
7 0.5273694602896007 0.5157851578515785 0.017222465993856954 0.02104687713543802
160 0.49725756910925845 0.3037447041137078 0.014480035103115402 0.015170151701517014
99 0.6496270293988592 0.34857181905152385 0.011627906976744186 0.024736914035807026
32 0.39189337428696797 0.4746480798141315 0.015686704695041687 0.02050020500205002
32 0.2358490566037736 0.4353560202268689 0.014699429574374727 0.01872352056853902
185 0.7830737165423431 0.34071340713407133 0.015247915752523036 0.022413557468908024
211 0.17348617814831066 0.45004783381167146 0.00932426502852128 0.01858685253519202
119 0.41339403247038176 0.43262265955992896 0.012834576568670469 0.023370233702337023
149 0.507788503729706 0.34522345223452233 0.014480035103115402 0.02104687713543802
200 0.6029508556384379 0.38629219625529587 0.009982448442299254 0.017083504168375018
22 0.5583589293549802 0.5826158261582616 0.012505484861781484 0.01913352466858002
185 0.4196467749012725 0.4106191061910619 0.013712154453707767 0.01899685663523302
7 0.2687033786748574 0.45401120677873447 0.010421237384817903 0.016126827934946016
110 0.5700416849495392 0.5832991663249966 0.00932426502852128 0.014760147601476014
8 0.574045634050022 0.6735684023506902 0.011627906976744186 0.023370233702337023
185 0.4903466432645897 0.25919092524258575 0.01491882404563405 0.015716823834905014
118 0.4710399297937692 0.23875905425720925 0.01645458534444932 0.02050020500205002
200 0.7391948222904783 0.34788847888478885 0.0112988152698552 0.016810168101681018
99 0.650669153137341 0.36982369823698236 0.008007898200965336 0.016673500068334016
22 0.43292014041246163 0.32260489271559384 0.012834576568670469 0.016810168101681018
7 0.5750329091706889 0.2823561568949023 0.011189118034225537 0.016126827934946016
200 0.23113207547169812 0.48141314746480796 0.01075032909170689 0.017356840235069018
200 0.770787626151821 0.4147191471914719 0.01086002632733655 0.017630176301763018
16 0.4984093900833699 0.2818778187781878 0.01086002632733655 0.022003553368867022
8 0.4361013602457218 0.3901189011890119 0.012834576568670469 0.020910209102091022
44 0.3197125932426503 0.42893262265955995 0.0185388328214129 0.02036353696870302
32 0.5591268100043879 0.469386360530272 0.013602457218078104 0.01954352876862102
22 0.7464896884598509 0.523643569769031 0.014480035103115402 0.01954352876862102
160 0.4992869679684072 0.3877272106054394 0.013712154453707767 0.01913352466858002
22 0.7486287845546292 0.4132841328413284 0.011737604212373848 0.01858685253519202
58 0.4601250548486178 0.43241765750990846 0.017661254936375603 0.01913352466858002
149 0.7476963580517771 0.4746480798141315 0.01491882404563405 0.016673500068334016
118 0.5782141290039491 0.36531365313653136 0.014480035103115402 0.01913352466858002
76 0.46144142167617375 0.34741014076807436 0.016125493637560332 0.026240262402624025
106 0.44641290039491005 0.3211698783654503 0.015686704695041687 0.014760147601476014
185 0.6830846862659061 0.45530955309553095 0.011189118034225537 0.016263495968293015
22 0.29228828433523474 0.503006696733634 0.01086002632733655 0.01981686483531502
22 0.6413448881088196 0.3880005466721334 0.013712154453707767 0.016673500068334016
211 0.5377906976744186 0.6703567035670357 0.01437033786748574 0.03006696733634003
160 0.563021061869241 0.561363946972803 0.012834576568670469 0.01954352876862102
200 0.664929793769197 0.4321443214432144 0.0112988152698552 0.016673500068334016
149 0.7357942079859587 0.3683886838868389 0.013273365511189118 0.017630176301763018
7 0.4273255813953488 0.27948612819461527 0.0112988152698552 0.02104687713543802
176 0.6791904344010531 0.3015580155801558 0.015247915752523036 0.017630176301763018
118 0.71105748135147 0.23800738007380073 0.014480035103115402 0.01817684843515102
22 0.7201075032909171 0.475536422030887 0.013712154453707767 0.01954352876862102
99 0.5525449758666081 0.5623889572229056 0.008775778850372971 0.02050020500205002
22 0.2859806932865292 0.36579199125324585 0.01184730144800351 0.01981686483531502
118 0.6973453268977622 0.3237665709990433 0.015357612988152698 0.01995353286866202
7 0.49429574374725754 0.36579199125324585 0.014041246160596753 0.01899685663523302
160 0.47910267661254935 0.2611726117261173 0.013273365511189118 0.01858685253519202
119 0.40560552874067574 0.2790077900779008 0.012834576568670469 0.01817684843515102
211 0.5323058358929355 0.3836271696050294 0.0055945590171127685 0.016673500068334016
224 0.512670030715226 0.2611042777094438 0.0112988152698552 0.01954352876862102
160 0.621763931548925 0.25898592319256525 0.012066695919262835 0.017220172201722016
106 0.2348069328652918 0.34228508951756187 0.015028521281263712 0.01872352056853902
119 0.5075691092584467 0.36599699330326635 0.012505484861781484 0.016673500068334016
7 0.6164436156208863 0.32280989476561434 0.015247915752523036 0.01913352466858002
22 0.6720052654673102 0.45387453874538747 0.010969723562966213 0.017220172201722016
7 0.6575800789820097 0.25966926335930024 0.0112988152698552 0.016673500068334016
185 0.7186814392277314 0.43480934809348093 0.013273365511189118 0.020910209102091022
99 0.2650285212812637 0.2783927839278393 0.011189118034225537 0.02760694273609403
224 0.6538503729706011 0.3884105507721744 0.013712154453707767 0.016673500068334016
13 0.751645458534445 0.3670220035533689 0.013602457218078104 0.015716823834905014
106 0.7469833260201842 0.3899138991389914 0.013273365511189118 0.016673500068334016
224 0.586715664765248 0.2811944786114528 0.0112988152698552 0.017630176301763018
200 0.6603225098727512 0.3679103457701244 0.0112988152698552 0.016673500068334016
32 0.5668604651162791 0.6260762607626076 0.013273365511189118 0.01913352466858002
58 0.48041904344010533 0.36627032936996035 0.015247915752523036 0.02104687713543802
185 0.5309346204475647 0.3669536695366954 0.011627906976744186 0.013940139401394014
22 0.6945480473892058 0.474579745797458 0.01086002632733655 0.017630176301763018
200 0.5064172882843352 0.42982096487631544 0.010421237384817903 0.01858685253519202
22 0.5086112329969285 0.28016946836135026 0.010421237384817903 0.016673500068334016
200 0.686046511627907 0.3249965832991663 0.008775778850372971 0.02050020500205002
7 0.6561540149188241 0.28044280442804426 0.012395787626151821 0.017220172201722016
185 0.7356845107503291 0.522960229602296 0.015247915752523036 0.01899685663523302
22 0.42063405002193943 0.3877272106054394 0.01086002632733655 0.01995353286866202
211 0.6883501535761298 0.25871258712587125 0.006801228609039052 0.016673500068334016
7 0.5890741553312856 0.4065873992073254 0.012066695919262835 0.016673500068334016
185 0.758775778850373 0.4750580839141725 0.012066695919262835 0.01858685253519202
200 0.2573497147871874 0.4118491184911849 0.01228609039052216 0.01817684843515102
200 0.45809565598946905 0.4118491184911849 0.010092145677928916 0.017630176301763018
22 0.532141290039491 0.44717780511138444 0.008775778850372971 0.017220172201722016
13 0.24374725756910925 0.4118491184911849 0.01645458534444932 0.017356840235069018
211 0.7802215884159719 0.4141724750580839 0.0064721369021500655 0.015716823834905014
13 0.5745941202281702 0.448886155528222 0.01491882404563405 0.017630176301763018
224 0.5738810881965775 0.5394970616372831 0.008885476086002632 0.01954352876862102
119 0.5637340939008337 0.2823561568949023 0.012066695919262835 0.01913352466858002
7 0.7057920140412461 0.34549678830121633 0.012066695919262835 0.017766844335110017
13 0.6531373409390083 0.516536832034987 0.015357612988152698 0.017630176301763018
224 0.7502742430890742 0.3457017903512368 0.01086002632733655 0.01817684843515102
211 0.5852896007020623 0.5422987563208965 0.008446687143483985 0.02159354926882602
118 0.6315818341377797 0.27948612819461527 0.014150943396226415 0.017220172201722016
44 0.4466322948661694 0.45407954079540797 0.019635805177709523 0.015716823834905014
211 0.20370776656428258 0.36135028016946835 0.005265467310223783 0.017766844335110017
185 0.6852786309784994 0.4110974443077764 0.014480035103115402 0.018040180401804017
211 0.412022817025011 0.45530955309553095 0.005265467310223783 0.01817684843515102
211 0.7543330408073716 0.4364493644936449 0.008885476086002632 0.021456881235479022
224 0.6624067573497148 0.23657236572365722 0.015247915752523036 0.01995353286866202
224 0.5566586222027204 0.36435697690310237 0.011737604212373848 0.018040180401804017
211 0.7073826239578762 0.43433100997676644 0.013273365511189118 0.01995353286866202
8 0.2152259763053971 0.36497198305316386 0.015138218516893374 0.022550225502255022
118 0.6826458973233874 0.34481344813448134 0.01491882404563405 0.017220172201722016
211 0.6409609477841158 0.36866201995353287 0.008117595436594998 0.01817684843515102
58 0.753236068451075 0.3058630586305863 0.016125493637560332 0.02050020500205002
149 0.45524352786309785 0.3896405630722974 0.014041246160596753 0.01913352466858002
176 0.5168385256691531 0.43002596692633593 0.015247915752523036 0.020910209102091022
224 0.16712373848179027 0.45578789121224544 0.011079420798595875 0.016400164001640016
200 0.5640083369899078 0.6488998223315566 0.013273365511189118 0.017220172201722016
118 0.18198771390960947 0.4351510181768484 0.015357612988152698 0.018313516468498017
224 0.6654234313295305 0.27996446631132976 0.011627906976744186 0.01899685663523302
22 0.6413997367266345 0.42831761650949846 0.010092145677928916 0.01858685253519202
110 0.6777643703378675 0.3917589175891759 0.01086002632733655 0.017630176301763018
160 0.4007788503729706 0.4963782971163045 0.013712154453707767 0.02104687713543802
106 0.5415752523036419 0.3027880278802788 0.015357612988152698 0.015170151701517014
44 0.47679903466432644 0.43241765750990846 0.019635805177709523 0.01913352466858002
7 0.7621215445370777 0.3681836818368184 0.0112988152698552 0.01913352466858002
7 0.5301667397981571 0.5397020636873036 0.014041246160596753 0.02104687713543802
8 0.21972356296621326 0.4777914445811125 0.014699429574374727 0.023780237802378024
185 0.4108161474330847 0.3877272106054394 0.012066695919262835 0.01913352466858002
149 0.38761518209741114 0.4096624299576329 0.014150943396226415 0.02009020090200902
44 0.6898859148749451 0.4951482848161815 0.02215884159719175 0.016673500068334016
22 0.48743966652040366 0.4096624299576329 0.012395787626151821 0.01817684843515102
211 0.7862549363756033 0.4142408090747574 0.0055945590171127685 0.016673500068334016
7 0.2894910048266784 0.3034713680470138 0.01184730144800351 0.016536832034987018
32 0.2722136902150066 0.36558698920322535 0.016344888108819657 0.02132021320213202
22 0.2286638876700307 0.36538198715320486 0.012615182097411146 0.01981686483531502
7 0.4291904344010531 0.23800738007380073 0.013273365511189118 0.02009020090200902
22 0.6326788064940764 0.3679786797867979 0.01086002632733655 0.017630176301763018
58 0.5787077665642826 0.6493781604482711 0.0185388328214129 0.016263495968293015
118 0.4463580517770952 0.4093890938909389 0.01491882404563405 0.01954352876862102
7 0.22679903466432647 0.38724887248872486 0.011518209741114524 0.02036353696870302
22 0.5557810443176832 0.6269646029793631 0.013712154453707767 0.01899685663523302
185 0.4226634488810882 0.32239989066557334 0.014041246160596753 0.017220172201722016
58 0.6026217639315489 0.4484078174115074 0.0185388328214129 0.016673500068334016
22 0.501974550241334 0.25966926335930024 0.009214567792891619 0.016673500068334016
149 0.2865291794646775 0.479909799097991 0.01601579640193067 0.01872352056853902
22 0.527917946467749 0.4264725980593139 0.01086002632733655 0.01954352876862102
106 0.4005046072838964 0.4099357660243269 0.014041246160596753 0.01954352876862102
211 0.2666191311978938 0.4775181085144185 0.004936375603334796 0.01913352466858002
118 0.5014809126810005 0.4084324176575099 0.015686704695041687 0.015716823834905014
118 0.5601140851250549 0.3240399070657373 0.014480035103115402 0.015853491868252016
7 0.45326897762176394 0.27948612819461527 0.009214567792891619 0.01913352466858002
6 0.7919043440105309 0.3070930709307093 0.009653356735410267 0.022960229602296024
7 0.24945151382185168 0.497676643433101 0.014699429574374727 0.021183545168785022
99 0.270458534444932 0.5028016946836135 0.00976305397103993 0.023780237802378024
58 0.5800789820096534 0.5630722973896406 0.019745502413339184 0.01913352466858002
76 0.7794537077665643 0.47724477244772445 0.014809126810004387 0.03826704933716004
22 0.4771829749890303 0.3891622249555829 0.011189118034225537 0.017083504168375018
7 0.2284993418165862 0.41246412464124643 0.018867924528301886 0.02022686893535602
13 0.761682755594559 0.4136941369413694 0.013712154453707767 0.016673500068334016
200 0.6992101799034665 0.45674456744567443 0.009653356735410267 0.017220172201722016
99 0.6339403247038174 0.3037447041137078 0.011627906976744186 0.02009020090200902
106 0.6208315050460729 0.3016263495968293 0.013712154453707767 0.016673500068334016
106 0.6609258446687144 0.4527128604619379 0.012944273804300131 0.017630176301763018
22 0.41909828872312416 0.25734590679240127 0.01086002632733655 0.014760147601476014
200 0.7345875383940325 0.3901189011890119 0.01086002632733655 0.017083504168375018
200 0.4035212812637122 0.45578789121224544 0.01086002632733655 0.017220172201722016
185 0.6780934620447565 0.25898592319256525 0.012834576568670469 0.017220172201722016
13 0.69641290039491 0.5220035533688671 0.014150943396226415 0.01817684843515102
58 0.6542891619131198 0.3027880278802788 0.013712154453707767 0.017083504168375018
211 0.584741114523914 0.6053027196938636 0.012834576568670469 0.01858685253519202
200 0.2468187801667398 0.4355610222768894 0.009433962264150943 0.01913352466858002
149 0.8043549802544976 0.3051797184638513 0.015247915752523036 0.02186688533552002
76 0.431164984642387 0.25850758507585075 0.012395787626151821 0.031570315703157034
106 0.7939337428696797 0.41253245865791993 0.012834576568670469 0.016263495968293015
13 0.5428916191311979 0.6258029246959136 0.014480035103115402 0.01858685253519202
6 0.48743966652040366 0.32643159764930985 0.011737604212373848 0.021456881235479022
13 0.7107832382623958 0.3249282492824928 0.013273365511189118 0.021456881235479022
22 0.589293549802545 0.470069700697007 0.012066695919262835 0.01817684843515102
211 0.41339403247038176 0.34549678830121633 0.007569109258446687 0.02050020500205002
13 0.5114085125054849 0.38697553642203086 0.014480035103115402 0.017630176301763018
7 0.7271829749890303 0.5435287686210195 0.012066695919262835 0.022960229602296024
200 0.22295963141728828 0.3411917452507858 0.011518209741114524 0.016536832034987018
106 0.5903356735410268 0.25919092524258575 0.015247915752523036 0.017630176301763018
119 0.4056603773584906 0.23513735137351374 0.012066695919262835 0.022823561568949022
58 0.2095765686704695 0.2967746344130108 0.022926722246599387 0.01927019270192702
118 0.5643922773146117 0.516810168101681 0.01491882404563405 0.01817684843515102
118 0.28362220272049143 0.5227552275522755 0.01656428258007898 0.018313516468498017
200 0.6718407196138657 0.23588902555692223 0.011737604212373848 0.01858685253519202
118 0.7284993418165863 0.3025146918135848 0.014041246160596753 0.01954352876862102
149 0.5869350592365072 0.6758917589175891 0.011737604212373848 0.022823561568949022
13 0.5283018867924528 0.4065190651906519 0.012066695919262835 0.015716823834905014
211 0.49670908293111016 0.3242449091157578 0.006801228609039052 0.01817684843515102
7 0.7024462483545415 0.28023780237802376 0.013273365511189118 0.015716823834905014
7 0.7592694164107064 0.39087057537242037 0.013712154453707767 0.02050020500205002
149 0.730199648968846 0.43453601202678693 0.013712154453707767 0.021456881235479022
106 0.6095875383940325 0.34672680060133937 0.014480035103115402 0.02104687713543802
99 0.577610794207986 0.4093890938909389 0.011737604212373848 0.021456881235479022
7 0.5680122860903906 0.469659696596966 0.012066695919262835 0.01817684843515102
211 0.2521390960947784 0.3006696733634003 0.0047169811320754715 0.01886018860188602
224 0.4108709960508995 0.25830258302583026 0.0112988152698552 0.01858685253519202
211 0.77599824484423 0.3047013803471368 0.006801228609039052 0.025830258302583026
160 0.6675625274243089 0.36627032936996035 0.012834576568670469 0.02186688533552002
118 0.29124616059675296 0.2769577695776958 0.015357612988152698 0.023643569769031023
7 0.22328872312417727 0.45442121087877546 0.013273365511189118 0.01858685253519202
99 0.45930232558139533 0.3249965832991663 0.009214567792891619 0.022413557468908024
44 0.5249561211057482 0.6451414514145142 0.01656428258007898 0.01817684843515102
119 0.41712373848179024 0.23418067514008473 0.013273365511189118 0.025830258302583026
7 0.6667397981570864 0.3021046877135438 0.013602457218078104 0.017630176301763018
6 0.5309346204475647 0.4698646986469865 0.01601579640193067 0.02159354926882602
118 0.30907196138657306 0.4306409730763974 0.013053971039929793 0.02022686893535602
200 0.275340061430452 0.4132841328413284 0.01601579640193067 0.017766844335110017
160 0.40390522158841596 0.3025830258302583 0.012066695919262835 0.02050020500205002
149 0.4109806932865292 0.32260489271559384 0.014150943396226415 0.021456881235479022
7 0.5864414216761737 0.44765614322809893 0.012066695919262835 0.017083504168375018
58 0.7062308029837648 0.47649309826431596 0.01491882404563405 0.015716823834905014
7 0.39293549802544975 0.28071614049473825 0.01338306274681878 0.016673500068334016
6 0.6167178587099605 0.46863468634686345 0.012066695919262835 0.01913352466858002
99 0.2330517770952172 0.45681290146234793 0.00976305397103993 0.01817684843515102
99 0.5098179025888547 0.23629902965696323 0.0112988152698552 0.02050020500205002
106 0.5697125932426503 0.34501845018450183 0.016125493637560332 0.01954352876862102
22 0.6685498025449759 0.32280989476561434 0.011737604212373848 0.02104687713543802
149 0.7603115401491882 0.34385677190105235 0.01338306274681878 0.02104687713543802
8 0.24336331724440544 0.3668170015033484 0.013931548924967091 0.023780237802378024
7 0.5273146116717858 0.492756594232609 0.01645458534444932 0.01872352056853902
200 0.5198551996489689 0.3042230422304223 0.009653356735410267 0.015306819734864016
224 0.5300021939447126 0.6251195845291786 0.013712154453707767 0.01913352466858002
211 0.23738481790258886 0.522550225502255 0.008995173321632294 0.020636873035397022
211 0.7196687143483984 0.3039497061637283 0.008446687143483985 0.02050020500205002
6 0.5219394471259324 0.5828208282082821 0.012944273804300131 0.025283586169195026
119 0.3995173321632295 0.43310099767664345 0.014041246160596753 0.024326909935766024
7 0.4255155770074594 0.43405767391007244 0.015357612988152698 0.02050020500205002
106 0.5450307152259763 0.44697280306136394 0.015247915752523036 0.015716823834905014
211 0.7711715664765247 0.3679786797867979 0.007678806494076349 0.01954352876862102
224 0.34406537955243527 0.3416700833675003 0.009104870557261956 0.02159354926882602
185 0.4743856954804739 0.3025830258302583 0.0112988152698552 0.016673500068334016
13 0.5830956559894691 0.23732403990706574 0.014589732338745064 0.017630176301763018
149 0.45425625274243087 0.3016263495968293 0.010530934620447565 0.01858685253519202
224 0.4664874945151382 0.4108924422577559 0.008446687143483985 0.017630176301763018
13 0.6216542343132953 0.3670220035533689 0.012944273804300131 0.017630176301763018
7 0.6943835015357613 0.43460434604346043 0.012066695919262835 0.01858685253519202
160 0.5569328652917946 0.2608992756594233 0.010530934620447565 0.02104687713543802
224 0.6652040368582711 0.4932349323493235 0.009653356735410267 0.01858685253519202
143 0.7738043001316367 0.3898455651223179 0.014480035103115402 0.01954352876862102
200 0.6523146116717858 0.43050430504305043 0.01086002632733655 0.017220172201722016
22 0.5821083808688021 0.5838458384583846 0.013273365511189118 0.016673500068334016
224 0.724330846862659 0.3888888888888889 0.009653356735410267 0.017630176301763018
13 0.2561430451952611 0.3861555282219489 0.014260640631856078 0.01817684843515102
7 0.21171566476524792 0.43494601612682793 0.015357612988152698 0.01954352876862102
200 0.660706450197455 0.34501845018450183 0.011189118034225537 0.013803471368047014
106 0.5188130759104871 0.32308323083230833 0.013273365511189118 0.014760147601476014
13 0.39809126810004386 0.3247232472324723 0.01338306274681878 0.017220172201722016
7 0.5800789820096534 0.6269646029793631 0.014041246160596753 0.02009020090200902
185 0.6438679245283019 0.469386360530272 0.013273365511189118 0.014896815634823014
99 0.46374506362439666 0.2823561568949023 0.01086002632733655 0.02104687713543802
22 0.5388328214129003 0.23725570589039224 0.010530934620447565 0.02050020500205002
6 0.28093462044756473 0.5040317069837364 0.01184730144800351 0.023780237802378024
200 0.24736726634488812 0.5238485718190515 0.013163668275559455 0.022413557468908024
7 0.7144580956559895 0.36647533141998084 0.012505484861781484 0.017630176301763018
22 0.3063295304958315 0.34016673500068334 0.009104870557261956 0.01858685253519202
22 0.598398420359807 0.28064780647806475 0.011189118034225537 0.017630176301763018
211 0.6546731022378236 0.4698646986469865 0.007678806494076349 0.015853491868252016
7 0.5231461167178587 0.26021593549268823 0.010530934620447565 0.016673500068334016
118 0.33408293111013604 0.4281809484761514 0.016783677051338305 0.016126827934946016
7 0.673376480912681 0.4094574279076124 0.011737604212373848 0.01858685253519202
119 0.3146665204036858 0.34030340303403034 0.011956998683633173 0.01995353286866202
13 0.6338306274681879 0.25898592319256525 0.014480035103115402 0.017220172201722016
118 0.6361891180342255 0.4085007516741834 0.016125493637560332 0.01858685253519202
118 0.30556164984642387 0.5008883422167555 0.015028521281263712 0.02077354106874402
22 0.41761737604212373 0.3677053437201039 0.012944273804300131 0.01817684843515102
22 0.6653137340939008 0.3880005466721334 0.012505484861781484 0.016673500068334016
224 0.7235081175954365 0.4099357660243269 0.010421237384817903 0.01954352876862102
149 0.213635366388767 0.3167965012983463 0.013931548924967091 0.01858685253519202
22 0.5830408073716542 0.3457701243679103 0.011189118034225537 0.02104687713543802
200 0.6429903466432646 0.3013530135301353 0.010421237384817903 0.016126827934946016
211 0.5459631417288284 0.4058357250239169 0.007240017551557701 0.017083504168375018
200 0.8172444054409829 0.4096624299576329 0.009653356735410267 0.01817684843515102
22 0.24736726634488812 0.34228508951756187 0.01228609039052216 0.01872352056853902
224 0.7078214129003949 0.3034713680470138 0.012834576568670469 0.01954352876862102
76 0.7335454146555507 0.500136668033347 0.014480035103115402 0.02965696323629903
7 0.5199100482667837 0.23513735137351374 0.0112988152698552 0.022823561568949022
99 0.5500767880649408 0.24039907065737323 0.012834576568670469 0.024873582069154025
7 0.5450307152259763 0.46863468634686345 0.012834576568670469 0.01913352466858002
118 0.24040149188240456 0.3886838868388684 0.016344888108819657 0.02159354926882602
58 0.21028960070206232 0.45681290146234793 0.015357612988152698 0.016536832034987018
7 0.6758446687143485 0.27996446631132976 0.014041246160596753 0.01899685663523302
99 0.7025559455901711 0.39107557742244087 0.008885476086002632 0.020910209102091022
118 0.604212373848179 0.469659696596966 0.015357612988152698 0.016263495968293015
110 0.659719175076788 0.3237665709990433 0.009214567792891619 0.02186688533552002
224 0.5481022378236069 0.5840508405084051 0.008885476086002632 0.01817684843515102
106 0.611671785870996 0.2811261445947793 0.014480035103115402 0.014760147601476014
22 0.7419921017990346 0.3051797184638513 0.012066695919262835 0.02104687713543802
200 0.6502852128126371 0.32280989476561434 0.009653356735410267 0.017220172201722016
149 0.40055945590171127 0.3891622249555829 0.013273365511189118 0.01817684843515102
119 0.46752961825362 0.3884105507721744 0.013602457218078104 0.02050020500205002
176 0.7242759982448442 0.36866201995353287 0.0112988152698552 0.016263495968293015
8 0.8068231680561649 0.475126417930846 0.012944273804300131 0.023370233702337023
118 0.734752084247477 0.475536422030887 0.01733216322948662 0.017630176301763018
7 0.24407634927599825 0.45360120267869347 0.013602457218078104 0.017766844335110017
160 0.5163997367266345 0.4084324176575099 0.01656428258007898 0.01954352876862102
118 0.5472246599385695 0.3216482164821648 0.012834576568670469 0.015716823834905014
106 0.5898968845985081 0.3856088560885609 0.016125493637560332 0.015716823834905014
76 0.19109258446687144 0.36176028426950935 0.01996489688459851 0.026240262402624025
200 0.64123519087319 0.4486128194615279 0.008885476086002632 0.015170151701517014
110 0.4073606845107503 0.3674320076534099 0.01086002632733655 0.017630176301763018
118 0.6281263712154453 0.44765614322809893 0.01491882404563405 0.016263495968293015
118 0.6076129881526986 0.3015580155801558 0.014480035103115402 0.017630176301763018
22 0.6707437472575691 0.34406177395107285 0.008885476086002632 0.016810168101681018
224 0.5637340939008337 0.4484078174115074 0.011627906976744186 0.014760147601476014
7 0.5302764370337868 0.34433511001776684 0.012066695919262835 0.022003553368867022
200 0.600976305397104 0.36435697690310237 0.013273365511189118 0.01995353286866202
7 0.1965225976305397 0.4141041410414104 0.01437033786748574 0.024873582069154025
200 0.5438788942518649 0.28044280442804426 0.010092145677928916 0.016126827934946016
118 0.3031483106625713 0.45360120267869347 0.01437033786748574 0.017766844335110017
224 0.5296731022378236 0.3037447041137078 0.01086002632733655 0.016263495968293015
176 0.7840609916630101 0.3070930709307093 0.013273365511189118 0.02104687713543802
58 0.6851140851250549 0.23821238212382123 0.017222465993856954 0.016673500068334016
7 0.5618143922773147 0.6697416974169742 0.012834576568670469 0.017630176301763018
7 0.4436704695041685 0.25966926335930024 0.013273365511189118 0.016673500068334016
211 0.47679903466432644 0.45414787481208146 0.004497586660816147 0.016673500068334016
200 0.48453268977621766 0.23800738007380073 0.012066695919262835 0.02009020090200902
185 0.6280715225976305 0.3235615689490228 0.013712154453707767 0.017630176301763018
76 0.7058468626590609 0.542093754270876 0.012834576568670469 0.02965696323629903
58 0.4446577446248354 0.23657236572365722 0.0185388328214129 0.02104687713543802
200 0.5525449758666081 0.516536832034987 0.010530934620447565 0.017630176301763018
200 0.7478609039052216 0.5018450184501845 0.01086002632733655 0.016673500068334016
119 0.22378236068451074 0.43385267186005194 0.013602457218078104 0.01817684843515102
118 0.4429574374725757 0.4782014486811535 0.014480035103115402 0.022413557468908024
200 0.5474989030276437 0.25898592319256525 0.014041246160596753 0.017220172201722016
13 0.281483106625713 0.43474101407680743 0.017770952172005264 0.014760147601476014
7 0.6177051338306274 0.23732403990706574 0.012944273804300131 0.017630176301763018
160 0.7705682316805617 0.34433511001776684 0.013712154453707767 0.022823561568949022
118 0.2125932426502852 0.41205412054120544 0.017770952172005264 0.01858685253519202
22 0.5654892496709083 0.36244362443624434 0.012505484861781484 0.018040180401804017
44 0.2891619131197894 0.45380620472871397 0.015796401930671347 0.015716823834905014
118 0.4459741114523914 0.34501845018450183 0.01656428258007898 0.021456881235479022
211 0.4830517770952172 0.45435287686210196 0.0064721369021500655 0.01817684843515102
211 0.27758885476086004 0.45442121087877546 0.007349714787187363 0.01858685253519202
7 0.7241663010092145 0.23657236572365722 0.014150943396226415 0.02186688533552002
119 0.487659060991663 0.3899138991389914 0.012834576568670469 0.02050020500205002
211 0.6927380430013164 0.45530955309553095 0.006362439666520404 0.016263495968293015
224 0.5208424747696359 0.34242175755090887 0.010969723562966213 0.01899685663523302
7 0.7432536200087758 0.43480934809348093 0.012395787626151821 0.020910209102091022
149 0.5709192628345766 0.32260489271559384 0.0112988152698552 0.016810168101681018
99 0.7054629223343571 0.500136668033347 0.009653356735410267 0.025830258302583026
176 0.1986068451075033 0.43494601612682793 0.015028521281263712 0.02036353696870302
224 0.4788284335234752 0.3242449091157578 0.009653356735410267 0.01899685663523302
32 0.6824813514699429 0.474853081864152 0.012395787626151821 0.01899685663523302
106 0.7182974989030276 0.3464534645346454 0.014480035103115402 0.01968019680196802
211 0.5549034664326459 0.44813448134481343 0.006910925844668714 0.017220172201722016
22 0.45891838525669154 0.23752904195708624 0.013273365511189118 0.02104687713543802
211 0.435717419921018 0.3462484624846248 0.006362439666520404 0.022003553368867022
118 0.4924857393593681 0.4309826431597649 0.01656428258007898 0.022003553368867022
224 0.6798486178148311 0.36654366543665434 0.01086002632733655 0.01858685253519202
211 0.5553422553751646 0.6477381440481071 0.0055945590171127685 0.013803471368047014
118 0.23546511627906977 0.501503348366817 0.016783677051338305 0.01954352876862102
211 0.5525449758666081 0.2811261445947793 0.007240017551557701 0.01858685253519202
106 0.16169372531812198 0.33039497061637285 0.01601579640193067 0.020910209102091022
211 0.5784335234752084 0.46911302446357794 0.007240017551557701 0.01817684843515102
99 0.6635037297060115 0.4113707803744704 0.008007898200965336 0.01858685253519202
185 0.4143813075910487 0.3030613639469728 0.012834576568670469 0.01954352876862102
200 0.5941750767880649 0.23800738007380073 0.009982448442299254 0.016263495968293015
22 0.6981680561649847 0.23923739237392375 0.013712154453707767 0.021456881235479022
185 0.4774023694602896 0.4098674320076534 0.01491882404563405 0.016673500068334016
99 0.6854980254497587 0.43357933579335795 0.008117595436594998 0.01954352876862102
22 0.6981680561649847 0.4108924422577559 0.013712154453707767 0.01954352876862102
44 0.2773146116717859 0.2773677736777368 0.015357612988152698 0.026376930435971026
185 0.5325800789820097 0.5619106191061911 0.011627906976744186 0.021456881235479022
99 0.4323716542343133 0.45653956539565393 0.0112988152698552 0.021456881235479022
44 0.39046731022378234 0.3681836818368184 0.020513383062746818 0.02186688533552002
22 0.5904453707766564 0.36531365313653136 0.01086002632733655 0.017220172201722016
13 0.17869679684071962 0.33196665299986333 0.01491882404563405 0.02159354926882602
13 0.6949319877139096 0.34474511411780784 0.012066695919262835 0.01817684843515102
99 0.7299254058797718 0.34952849528495283 0.010530934620447565 0.02009020090200902
211 0.29508556384379114 0.36510865108651086 0.006362439666520404 0.021183545168785022
149 0.46352566915313737 0.36674866748667484 0.015247915752523036 0.01899685663523302
149 0.2563075910487056 0.36661199945332784 0.014589732338745064 0.023370233702337023
22 0.5550680122860904 0.3032663659969933 0.012505484861781484 0.016126827934946016
200 0.5373519087319 0.4072707393740604 0.01086002632733655 0.016126827934946016
8 0.652259763053971 0.4099357660243269 0.01601579640193067 0.021456881235479022
99 0.254552435278631 0.3235615689490228 0.00976305397103993 0.021183545168785022
58 0.42425405879771827 0.3457701243679103 0.01656428258007898 0.02104687713543802
149 0.5937911364633611 0.6526581932485992 0.012724879333040808 0.026103594369277026
13 0.27797279508556383 0.34249009156758237 0.01601579640193067 0.01995353286866202
119 0.21555506801228608 0.38704387043870436 0.01228609039052216 0.01913352466858002
118 0.6837428696796841 0.5202952029520295 0.018429135585783237 0.022413557468908024
22 0.6365730583589293 0.3459751264179308 0.012944273804300131 0.01954352876862102
185 0.29755375164545855 0.33927839278392785 0.012615182097411146 0.022823561568949022
224 0.5664216761737604 0.26021593549268823 0.01086002632733655 0.01858685253519202
176 0.25543001316366826 0.45510455104551045 0.013931548924967091 0.018313516468498017
32 0.535048266783677 0.2818778187781878 0.013273365511189118 0.02009020090200902
118 0.5406428258007898 0.49371327046603797 0.015686704695041687 0.020636873035397022
118 0.4481680561649846 0.3675003416700834 0.013712154453707767 0.01858685253519202
118 0.49391180342255375 0.3459751264179308 0.013273365511189118 0.017630176301763018
99 0.20979596314172883 0.5004783381167145 0.010201842913558579 0.023233565668990024
118 0.5237494515138219 0.27996446631132976 0.018100043878894252 0.01899685663523302
7 0.5518319438350153 0.3853355200218669 0.013273365511189118 0.01817684843515102
211 0.6101908731899957 0.3672270056033894 0.006033347959631417 0.017220172201722016
200 0.6894471259324265 0.3016263495968293 0.010092145677928916 0.016673500068334016
106 0.5852896007020623 0.42906929069290695 0.016125493637560332 0.015170151701517014
185 0.5462922334357174 0.6469864698646987 0.014041246160596753 0.015306819734864016
119 0.5842474769635805 0.3216482164821648 0.014480035103115402 0.017630176301763018
6 0.572071083808688 0.6038677053437201 0.011627906976744186 0.017630176301763018
13 0.45573716542343135 0.25823424900915676 0.018100043878894252 0.017630176301763018
99 0.27342035980693286 0.48052480524805247 0.010201842913558579 0.022413557468908024
200 0.7171456779289161 0.26185595189285227 0.008007898200965336 0.018040180401804017
200 0.4687362878455463 0.3247232472324723 0.011189118034225537 0.01995353286866202
106 0.6019087318999561 0.4058357250239169 0.01689337428696797 0.015170151701517014
176 0.5411364633611233 0.3856088560885609 0.012066695919262835 0.01954352876862102
200 0.33441202281702503 0.34016673500068334 0.010201842913558579 0.02214022140221402
106 0.5067463799912242 0.32308323083230833 0.014150943396226415 0.016673500068334016
200 0.5583589293549802 0.5392237255705891 0.010092145677928916 0.01817684843515102
8 0.6078323826239579 0.4269509361760284 0.012066695919262835 0.022413557468908024
7 0.4866169372531812 0.3020363536968703 0.014041246160596753 0.01858685253519202
110 0.43758227292672225 0.43337433374333745 0.014480035103115402 0.02104687713543802
185 0.44356077226853885 0.3018313516468498 0.012395787626151821 0.01899685663523302
58 0.7009104870557262 0.36647533141998084 0.016125493637560332 0.01954352876862102
118 0.6168275559455901 0.38724887248872486 0.013602457218078104 0.01899685663523302
44 0.5914874945151383 0.3003963372967063 0.018429135585783237 0.015306819734864016
13 0.4224989030276437 0.45653956539565393 0.011737604212373848 0.01954352876862102
6 0.5552325581395349 0.4077490774907749 0.013712154453707767 0.02009020090200902
22 0.5772268538832821 0.25925925925925924 0.012505484861781484 0.01858685253519202
211 0.4343462044756472 0.3016263495968293 0.008446687143483985 0.01858685253519202
106 0.44224440544098287 0.27921279212792127 0.012834576568670469 0.016673500068334016
106 0.5413010092145678 0.5170151701517015 0.016125493637560332 0.02050020500205002
22 0.7941531373409391 0.4743747437474375 0.01086002632733655 0.02104687713543802
22 0.7848288723124177 0.3891622249555829 0.01086002632733655 0.02009020090200902
211 0.5631856077226853 0.6052343856771901 0.006801228609039052 0.017630176301763018
149 0.47586660816147436 0.28044280442804426 0.01491882404563405 0.01913352466858002
13 0.6230802983764809 0.34693180265135987 0.01491882404563405 0.017630176301763018
44 0.2959631417288284 0.4317343173431734 0.01864853005704256 0.02159354926882602
149 0.6446906537955244 0.2816728167281673 0.009653356735410267 0.01858685253519202
44 0.4780057042562527 0.34501845018450183 0.017661254936375603 0.013803471368047014
224 0.38926064063185606 0.3254065873992073 0.014150943396226415 0.01858685253519202
99 0.4270513383062747 0.37030203635369685 0.010092145677928916 0.023370233702337023
22 0.19251864853005704 0.3379117124504578 0.012724879333040808 0.022823561568949022
7 0.7989798157086442 0.3414650813174798 0.015686704695041687 0.022003553368867022
224 0.6056384379113646 0.23752904195708624 0.011189118034225537 0.01913352466858002
211 0.650669153137341 0.448886155528222 0.006033347959631417 0.015716823834905014
176 0.6879113646336112 0.27948612819461527 0.012505484861781484 0.016126827934946016
22 0.7120447564721369 0.4110974443077764 0.012505484861781484 0.01913352466858002
32 0.39024791575252304 0.3462484624846248 0.015247915752523036 0.022003553368867022
13 0.6752413339183853 0.4944649446494465 0.010421237384817903 0.01913352466858002
119 0.5507349714787187 0.6704933716003827 0.012395787626151821 0.01913352466858002
211 0.7084247476963581 0.45599289326226594 0.006362439666520404 0.01954352876862102
224 0.7062308029837648 0.26014760147601473 0.009653356735410267 0.015716823834905014
7 0.5202391399736727 0.3670220035533689 0.013712154453707767 0.015716823834905014
13 0.5097630539710399 0.3037447041137078 0.012944273804300131 0.016263495968293015
185 0.7371654234313295 0.4132841328413284 0.015357612988152698 0.02050020500205002
211 0.45930232558139533 0.45483121497881646 0.006362439666520404 0.018040180401804017
211 0.28005704256252745 0.3034713680470138 0.006362439666520404 0.01817684843515102
160 0.22098508117595436 0.501503348366817 0.01437033786748574 0.01954352876862102
76 0.49676393154892495 0.23896405630722975 0.014809126810004387 0.034303676370097035
119 0.6460618692408951 0.25966926335930024 0.013273365511189118 0.01858685253519202
7 0.3943615620886354 0.23465901325679925 0.014699429574374727 0.023780237802378024
185 0.726963580517771 0.2608992756594233 0.014041246160596753 0.017220172201722016
22 0.25608819657744625 0.47669810031433646 0.013273365511189118 0.01913352466858002
118 0.5702062308029837 0.23800738007380073 0.014480035103115402 0.01899685663523302
211 0.6221478718736287 0.2809211425447588 0.0055945590171127685 0.016263495968293015
22 0.5530934620447565 0.4929615962826295 0.011627906976744186 0.01913352466858002
32 0.5349934181658622 0.25830258302583026 0.012505484861781484 0.016673500068334016
44 0.7128674857393593 0.5217985513188466 0.018100043878894252 0.016673500068334016
99 0.7153356735410268 0.5448954489544895 0.010092145677928916 0.022960229602296024
211 0.5963141728828434 0.42954762880962144 0.007678806494076349 0.016126827934946016
7 0.26958095655989467 0.3892988929889299 0.013273365511189118 0.022003553368867022
149 0.622093023255814 0.42838595052617195 0.012505484861781484 0.01954352876862102
118 0.1986068451075033 0.3172065053983873 0.013931548924967091 0.022960229602296024
211 0.698716542343133 0.3018313516468498 0.006033347959631417 0.016263495968293015
224 0.5427819218955683 0.34426677600109334 0.011189118034225537 0.02104687713543802
22 0.7164874945151383 0.4987016536832035 0.01086002632733655 0.01913352466858002
22 0.5672992540587977 0.4072707393740604 0.010421237384817903 0.018040180401804017
58 0.22641509433962265 0.31788984556512234 0.01645458534444932 0.01913352466858002
119 0.5653795524352786 0.4929615962826295 0.012944273804300131 0.01913352466858002
200 0.6020184291355858 0.25925925925925924 0.010530934620447565 0.016673500068334016
185 0.6290587977182975 0.3880005466721334 0.013273365511189118 0.01858685253519202
7 0.40275340061430454 0.3461801284679513 0.012834576568670469 0.01913352466858002
200 0.5593462044756472 0.23629902965696323 0.010530934620447565 0.01858685253519202
7 0.4323168056164985 0.4098674320076534 0.014041246160596753 0.022413557468908024
118 0.5202391399736727 0.559723930572639 0.01437033786748574 0.01954352876862102
118 0.5589622641509434 0.4274292742927429 0.018100043878894252 0.01954352876862102
200 0.4689556823168056 0.45360120267869347 0.011189118034225537 0.016673500068334016
211 0.7137450636243967 0.2816728167281673 0.006033347959631417 0.016673500068334016
7 0.24232119350592365 0.3193248599152658 0.01601579640193067 0.02036353696870302
7 0.20140412461605967 0.3861555282219489 0.015357612988152698 0.022550225502255022
106 0.42908073716542344 0.4782014486811535 0.012395787626151821 0.02159354926882602
44 0.6669591926283458 0.4705480388137215 0.017770952172005264 0.017220172201722016
22 0.5717968407196139 0.42879595462621295 0.013273365511189118 0.01954352876862102
224 0.6680013163668276 0.25946426130927974 0.008007898200965336 0.017083504168375018
211 0.5666410706450198 0.5397020636873036 0.0055945590171127685 0.018040180401804017
211 0.7965116279069767 0.3901189011890119 0.010092145677928916 0.022823561568949022
22 0.4484422992540588 0.43412600792674594 0.012066695919262835 0.021456881235479022
211 0.4856845107503291 0.28064780647806475 0.012834576568670469 0.017630176301763018
119 0.5658731899956121 0.3848571819051524 0.015686704695041687 0.018040180401804017
22 0.5761847301448003 0.3029930299302993 0.0112988152698552 0.016673500068334016
13 0.2427599824484423 0.3010113434467678 0.012505484861781484 0.017356840235069018
224 0.38723124177270735 0.3891622249555829 0.012505484861781484 0.020910209102091022
7 0.26777095217200525 0.3029246959136258 0.012724879333040808 0.01927019270192702
149 0.5949429574374726 0.32212655459887934 0.013273365511189118 0.01858685253519202
211 0.6049802544975866 0.3211698783654503 0.014041246160596753 0.024326909935766024
44 0.5329091706888986 0.32239989066557334 0.01733216322948662 0.015306819734864016
200 0.575636243966652 0.493029930299303 0.009982448442299254 0.02009020090200902
119 0.6124945151382185 0.25925925925925924 0.0112988152698552 0.016673500068334016
99 0.6779837648091268 0.3237665709990433 0.008007898200965336 0.02104687713543802
149 0.6674528301886793 0.5179718463851305 0.015686704695041687 0.01968019680196802
224 0.632788503729706 0.4278392783927839 0.0112988152698552 0.01954352876862102
7 0.5224879333040807 0.3875222085554189 0.011627906976744186 0.017630176301763018
22 0.41141948222904784 0.4096624299576329 0.01086002632733655 0.01817684843515102
211 0.6888437911364633 0.3670220035533689 0.0064721369021500655 0.01954352876862102
13 0.5796950416849496 0.5170151701517015 0.014150943396226415 0.02159354926882602
200 0.3906867046950417 0.45407954079540797 0.012395787626151821 0.01954352876862102
44 0.6186375603334796 0.4070657373240399 0.018100043878894252 0.015716823834905014
22 0.6167178587099605 0.44772447724477243 0.009653356735410267 0.015306819734864016
44 0.5430013163668276 0.4271559382260489 0.017770952172005264 0.01899685663523302
22 0.5550131636682756 0.34501845018450183 0.013273365511189118 0.021456881235479022
99 0.5657086441421676 0.3061363946972803 0.010530934620447565 0.02104687713543802
7 0.5943396226415094 0.3457701243679103 0.014480035103115402 0.02104687713543802
200 0.7235081175954365 0.3256799234659013 0.010421237384817903 0.017220172201722016
200 0.5428916191311979 0.5611589449227825 0.009653356735410267 0.01913352466858002
7 0.32547169811320753 0.33845838458384586 0.011189118034225537 0.02036353696870302
106 0.8059455901711277 0.41273746070794043 0.012066695919262835 0.01858685253519202
13 0.21012505484861782 0.34105507721743883 0.01744186046511628 0.02036353696870302
44 0.6468845985081176 0.23705070384037175 0.01733216322948662 0.017083504168375018
149 0.6511079420798596 0.4922782561158945 0.015247915752523036 0.01968019680196802
22 0.42485739359368146 0.3018313516468498 0.010530934620447565 0.02009020090200902
200 0.6965774462483545 0.2608992756594233 0.010530934620447565 0.016126827934946016
76 0.675021939447126 0.4311876452097854 0.0112988152698552 0.026240262402624025
22 0.7691970162351909 0.4753314199808665 0.010530934620447565 0.02186688533552002
58 0.5455243527863097 0.5397020636873036 0.01491882404563405 0.01995353286866202
211 0.44520623080298377 0.3886838868388684 0.006033347959631417 0.016126827934946016
224 0.46495173321632294 0.3018313516468498 0.008446687143483985 0.016263495968293015
149 0.6910925844668714 0.3894355610222769 0.014041246160596753 0.015716823834905014
99 0.40511189118034224 0.47724477244772445 0.011189118034225537 0.02159354926882602
106 0.6305945590171128 0.23752904195708624 0.013712154453707767 0.01995353286866202
110 0.5303861342694164 0.23923739237392375 0.010530934620447565 0.01954352876862102
13 0.39288064940763495 0.3037447041137078 0.015686704695041687 0.022003553368867022
149 0.537022817025011 0.585007516741834 0.014150943396226415 0.020910209102091022
200 0.43675954365949976 0.3681836818368184 0.01086002632733655 0.01995353286866202
58 0.5869350592365072 0.492756594232609 0.015686704695041687 0.01954352876862102
22 0.552928916191312 0.6050293836271696 0.013712154453707767 0.017220172201722016
200 0.4686265906099166 0.2606942736094028 0.012505484861781484 0.015716823834905014
13 0.24265028521281265 0.47669810031433646 0.014260640631856078 0.014760147601476014
22 0.5761847301448003 0.3848571819051524 0.010421237384817903 0.015306819734864016
200 0.3883282141290039 0.4958316249829165 0.012066695919262835 0.017220172201722016
106 0.2634927599824484 0.3418750854175208 0.01996489688459851 0.01954352876862102
176 0.25894032470381745 0.43412600792674594 0.012615182097411146 0.02036353696870302
44 0.39693944712593243 0.25755090884242177 0.018100043878894252 0.017083504168375018
7 0.22762176393154893 0.2991663249965833 0.012505484861781484 0.015853491868252016
160 0.20595655989469067 0.478406450731174 0.012834576568670469 0.021730217302173022
110 0.25943396226415094 0.2995079950799508 0.010969723562966213 0.01845018450184502
