44 0.7924711675521576 0.8200399569694176 0.014902164053388622 0.016290149070232057
7 0.506349617727096 0.6913324112494237 0.025009718802643514 0.03611495312740126
44 0.5794998056239471 0.541647456585216 0.04379940391343787 0.03611495312740126
224 0.6117662304004147 0.698324880897495 0.03058183231825839 0.036883356385431075
13 0.7410263055591552 0.6675119102504995 0.009718802643514319 0.012755494083294914
200 0.6339251004276273 0.7803135085292762 0.028767655824802386 0.03611495312740126
224 0.6743553194246469 0.7817734747195328 0.024361798626409227 0.034731827262947594
44 0.5741868601788259 0.6595973566927924 0.03809770636257613 0.03749807899185493
99 0.7735518984061164 0.6726602120792993 0.0071271219385771675 0.016597510373443983
22 0.43779966308150836 0.6149531274012602 0.02319554230918751 0.041340095282004
22 0.7487365556563431 0.6659751037344398 0.0085525463262926 0.012755494083294914
22 0.7703122975249449 0.8148148148148148 0.0128288194894389 0.017826955586291687
32 0.6813528573279772 0.6646688181957892 0.011144227031229753 0.014138619947748579
119 0.530063496177271 0.6927923774396804 0.02371387845017494 0.03749807899185493
211 0.7471815472333808 0.8617642538804364 0.011921731242710898 0.016751191025049947
110 0.5861085914215368 0.7718610726909482 0.0256576389788778 0.03980328876594437
211 0.7945445121161073 0.8620716151836484 0.01075547492548918 0.020132165360381128
7 0.49539976674873654 0.6208698324880898 0.024361798626409227 0.036883356385431075
118 0.8053647790592199 0.8214230828338712 0.011403395101723468 0.017212232979867834
149 0.5251393028378903 0.5803749807899186 0.03252559284696126 0.030889810972798526
200 0.7254114293119087 0.8614568925772246 0.008293378255798886 0.01367757799293069
149 0.7663599844499158 0.6655140617796219 0.011662563172217182 0.014907023205778393
13 0.7799663081508358 0.8610726909482096 0.019437605287028637 0.019363762102351315
99 0.44155760010366724 0.5792223759028738 0.016975508617338344 0.039034885507914556
58 0.46656731890631076 0.6175656984785616 0.030711416353505248 0.039188566159520516
13 0.4991577037708954 0.578530812970647 0.033173513023195544 0.03765175964346089
13 0.5625890890242322 0.6194098662978331 0.02630555915511209 0.03550023052097741
200 0.6452637035117273 0.7439680344244659 0.03382143319942983 0.03534654986937145
13 0.5851367111571855 0.8124327647149224 0.03122975249449268 0.03826648224988474
118 0.7199688998315408 0.7825418779775626 0.033173513023195544 0.039034885507914556
22 0.7345471037968122 0.8593053634547411 0.013347155630426332 0.02351313969571231
32 0.4709731761047039 0.5335792223759028 0.029415576001036673 0.039034885507914556
119 0.7143319942983024 0.8566927923774397 0.01671634054684463 0.020132165360381128
149 0.6689775819619023 0.6636698939603504 0.013087987559932616 0.013984939296142616
118 0.7616949591810289 0.8613032119256185 0.016586756511597772 0.021054249270016905
7 0.6982635739276921 0.6632088520055325 0.009977970714008034 0.01367757799293069
200 0.6114422703122975 0.8171968649147072 0.03252559284696126 0.0318118948824343
200 0.5817675262407671 0.6957123098201936 0.029415576001036673 0.03626863377900722
99 0.7786056757807438 0.8203473182726295 0.009459634573020605 0.020593207315199015
200 0.6849164182972658 0.6559090210542493 0.0071271219385771675 0.010450284309205471
22 0.7543734611895815 0.7861533732903028 0.014642995982894907 0.021668971876440755
200 0.7337695995853311 0.6638235746119564 0.01023713878450175 0.01429230059935454
119 0.7199688998315408 0.6664361456892577 0.01244006738369833 0.014907023205778393
16 0.7678502008552547 0.7876901798063624 0.015420500194376054 0.024742584908560013
118 0.5888946481793443 0.735592438911941 0.03252559284696126 0.03611495312740126
7 0.4950758066606194 0.5342707853081297 0.02630555915511209 0.041954817888427844
58 0.7980432810677724 0.7908406331642847 0.01878968511079435 0.017826955586291687
99 0.5469742127769859 0.5409558936529891 0.01995594142801607 0.04057169202397418
118 0.6211610729558118 0.5843706777316736 0.029415576001036673 0.041954817888427844
211 0.6939873007645458 0.7821576763485477 0.017493844758325775 0.03396342400491778
211 0.4481015938836335 0.537190717688643 0.02254762213295322 0.04349162440448748
44 0.5313593365297395 0.6168741355463347 0.04626150058312816 0.03165821423082834
149 0.4662433588181936 0.5755340402643307 0.03006349617727096 0.03319502074688797
160 0.6070364131139043 0.7788535423390195 0.027601399507580667 0.04057169202397418
224 0.60638849293767 0.6625172890733056 0.02630555915511209 0.030121407714768712
13 0.6139043669819878 0.7402796987859228 0.027601399507580667 0.03534654986937145
224 0.6661267331864714 0.8227293683725219 0.029415576001036673 0.03826648224988474
106 0.5225476221329532 0.537190717688643 0.03122975249449268 0.04349162440448748
58 0.7569003498768951 0.8145842938374058 0.020215109498509784 0.016751191025049947
99 0.552287158222107 0.5847548793606885 0.018141764934560062 0.042723221146457664
119 0.7087598807826876 0.6630551713539266 0.0128288194894389 0.014599661902566468
185 0.7565763897887781 0.6688181957891501 0.01023713878450175 0.01260181343168895
160 0.6386549177141376 0.8186568311049639 0.029415576001036673 0.04210849854003381
22 0.5863677594920306 0.6227140003073613 0.02254762213295322 0.03165821423082834
7 0.7815213165737981 0.789457507299831 0.016327588441104057 0.015675426463808206
224 0.6113774782946741 0.6271707392039342 0.028767655824802386 0.03749807899185493
211 0.6536866658027731 0.7803903488550792 0.01567966826486977 0.03319502074688797
44 0.5835817027342232 0.5807591824189334 0.041855643384735 0.039034885507914556
119 0.5529350783983413 0.6960965114492086 0.024361798626409227 0.041340095282004
