106 0.3168787675820496 0.7881899032173686 0.041929002009377096 0.037535966518441016
119 0.3247823174815807 0.44676955270729796 0.028801071667782986 0.034004708344232276
7 0.24655056932350972 0.6254904525241957 0.03255190890823845 0.02968872613131049
32 0.27059611520428667 0.4131572063824222 0.04072337575351641 0.0358357311012294
224 0.14983255190890823 0.3460633010724562 0.029336905559276625 0.027988490714098875
44 0.3175485599464166 0.5508762751765629 0.04943067649028801 0.027988490714098875
185 0.18097789685197588 0.6619801203243526 0.027595445411922305 0.033089196965733716
224 0.3703951774949766 0.6973580957363327 0.026255860683188213 0.030342662830238034
7 0.1707970529135968 0.48692126602144914 0.03000669792364367 0.02851164007324091
119 0.24588077695914268 0.3776484436306565 0.028801071667782986 0.031519748888307615
7 0.2969189551239116 0.4094951608684279 0.02692565304755526 0.029819513471095998
22 0.2649698593436035 0.5888046037143605 0.029470864032150032 0.03165053622809312
22 0.39102478231748156 0.8072848548260528 0.03000669792364367 0.033350771645304735
224 0.35452109845947755 0.5478681663614962 0.030676490288010717 0.027988490714098875
7 0.24246483590087073 0.413745749411457 0.030542531815137306 0.033350771645304735
200 0.4068988613529806 0.772364635103322 0.021835231078365706 0.0312581742087366
13 0.1767582049564635 0.5936437352864242 0.02826523777628935 0.03269683494637719
200 0.3727394507702612 0.7273083965472142 0.023174815807099798 0.032435260266806175
13 0.39356999330207637 0.40315197488883076 0.03750837240455459 0.029165576772168453
211 0.19892833221701273 0.5936437352864242 0.015003348961821835 0.030342662830238034
200 0.30629604822505024 0.30153021187549045 0.036838580040187544 0.03701281715929898
160 0.3910917615539183 0.36882029819513473 0.028801071667782986 0.02851164007324091
224 0.2984594775619558 0.5190295579387916 0.027595445411922305 0.02733455401517133
7 0.28158070997990625 0.5530342662830238 0.03375753516409913 0.030996599529165576
22 0.36041527126590756 0.6613261836254251 0.028801071667782986 0.030996599529165576
44 0.18647019423978567 0.4149882291394193 0.045010046885465504 0.02851164007324091
149 0.1910917615539183 0.30421135234109337 0.04567983924983255 0.04132879937222077
211 0.4031480241125251 0.6180355741564216 0.02505023442732753 0.02942715145173947
7 0.3719356999330208 0.2951216322260005 0.034427327528466174 0.035181794402301854
200 0.39229738780977896 0.33331153544336906 0.023710649698593437 0.029165576772168453
32 0.1567314132618888 0.30545383206905574 0.035632953784326855 0.042505885430290345
211 0.22933690555927663 0.3421396808788909 0.024380442062960483 0.02851164007324091
119 0.15090421969189552 0.48711744703112736 0.02129939718687207 0.0312581742087366
200 0.3233757535164099 0.7531388961548522 0.024380442062960483 0.0312581742087366
224 0.17582049564634963 0.5205336123463249 0.02505023442732753 0.029034789432382944
224 0.23389149363697254 0.6646612607899556 0.024380442062960483 0.02641904263667277
7 0.34822505023442735 0.6980120324352602 0.030676490288010717 0.030342662830238034
22 0.17046215673141327 0.34547475804342137 0.02692565304755526 0.027857703374313366
58 0.39986604152712657 0.511182317551661 0.046349631614199596 0.030996599529165576
224 0.34728734092431346 0.7575202720376668 0.02129939718687207 0.0358357311012294
22 0.402947086403215 0.5821344493852995 0.031346282652377766 0.034004708344232276
7 0.24119223040857335 0.48567878629348676 0.030676490288010717 0.02968872613131049
22 0.1480910917615539 0.45435521841485743 0.01942397856664434 0.035574156421658384
118 0.3413261888814467 0.3703897462725608 0.039383791024782316 0.030342662830238034
200 0.21071667782987274 0.6661653151974889 0.02679169457468185 0.027072979335600315
7 0.34447421299397185 0.44343447554276744 0.02692565304755526 0.02968872613131049
224 0.29189551239115874 0.37307088673816374 0.0318821165438714 0.02733455401517133
149 0.392967180174146 0.4795971749934606 0.03630274614869391 0.03217368558723516
22 0.4257870060281313 0.4783546952654983 0.03308774279973208 0.033350771645304735
58 0.23744139316811788 0.5211875490452524 0.05318151373074347 0.030342662830238034
185 0.3331547220361688 0.6661653151974889 0.039383791024782316 0.02733455401517133
58 0.39135967849966513 0.6589066178393932 0.04943067649028801 0.030865812189380067
13 0.289350301406564 0.5863196442584357 0.039383791024782316 0.030342662830238034
119 0.25405224380442065 0.5560423750980905 0.028801071667782986 0.02968872613131049
22 0.275284661754856 0.5190295579387916 0.03000669792364367 0.030996599529165576
7 0.314735432016075 0.3712398639811666 0.03255190890823845 0.02968872613131049
200 0.36195579370395176 0.513863458017264 0.025720026791694574 0.02668061731624379
119 0.21774949765572674 0.4149228354695266 0.03255190890823845 0.033350771645304735
160 0.16898861352980576 0.3813104891446508 0.028801071667782986 0.029165576772168453
7 0.37635632953784326 0.6173162437876014 0.02692565304755526 0.03165053622809312
211 0.39892833221701274 0.544467695527073 0.024380442062960483 0.03217368558723516
185 0.4160750167448091 0.36757781846717236 0.031346282652377766 0.030996599529165576
99 0.3754186202277294 0.58546952654983 0.023710649698593437 0.030996599529165576
118 0.2757535164099129 0.6604106722469265 0.021835231078365706 0.028904002092597438
22 0.23121232417950435 0.5557808004185195 0.02813127930341594 0.029165576772168453
6 0.275284661754856 0.3008762751765629 0.03509711989283322 0.039366989275438136
58 0.35981245813797724 0.33546952654983 0.052511721366376427 0.02851164007324091
7 0.19022103148024114 0.6261443892231232 0.03000669792364367 0.033350771645304735
149 0.328801071667783 0.4820167407794925 0.04701942397856664 0.02733455401517133
22 0.15733422638981914 0.5220376667538582 0.023174815807099798 0.030996599529165576
118 0.3527796383121232 0.723123201674078 0.021835231078365706 0.03374313366466126
58 0.27059611520428667 0.4495160868427936 0.04688546550569324 0.030865812189380067
44 0.36195579370395176 0.4067486267329323 0.05063630274614869 0.027988490714098875
200 0.40482250502344275 0.439837823698666 0.024916275954454118 0.030865812189380067
160 0.27910247823174816 0.3390661783939315 0.03255190890823845 0.02968872613131049
211 0.2042866711319491 0.45258958932775306 0.02062960482250502 0.030996599529165576
118 0.3403884795713329 0.29871828407010204 0.04259879437374414 0.03635888046037144
176 0.3588077695914267 0.47868166361496206 0.034427327528466174 0.03165053622809312
13 0.34634963161419957 0.5845540151713314 0.041929002009377096 0.029165576772168453
160 0.24869390488948426 0.3021187549045252 0.034427327528466174 0.0358357311012294
7 0.30254521098459475 0.44591943499869213 0.025586068318821164 0.033350771645304735
224 0.3538513060951105 0.6188856918650275 0.029336905559276625 0.0358357311012294
211 0.32411252511721367 0.3373005493068271 0.019959812458137976 0.026157467957101752
200 0.25371734762223713 0.3406356264713576 0.0318821165438714 0.031519748888307615
211 0.41922304085733425 0.40459063562647135 0.02505023442732753 0.030996599529165576
200 0.34413931681178833 0.7966256866335338 0.024916275954454118 0.034004708344232276
224 0.21681178834561285 0.4880983520795187 0.02692565304755526 0.030865812189380067
8 0.1535833891493637 0.41675385822652367 0.025586068318821164 0.034658645043159825
211 0.39511051574012057 0.2948600575464295 0.023174815807099798 0.03701281715929898
118 0.20334896182183523 0.5566309181271253 0.03509711989283322 0.030865812189380067
149 0.2321500334896182 0.45075856657075597 0.03884795713328868 0.030996599529165576
119 0.42417950435365037 0.439837823698666 0.02505023442732753 0.03217368558723516
211 0.2678499665103818 0.6233978550876276 0.02129939718687207 0.031519748888307615
7 0.31882116543871397 0.5836385037928329 0.036972538513060954 0.02733455401517133
224 0.19243134628265238 0.3788255296887261 0.023174815807099798 0.025503531258174207
106 0.2002009377093101 0.34397070363588805 0.04005358338914936 0.029819513471095998
119 0.22243804420629604 0.3011378498561339 0.03951774949765573 0.0388438399162961
99 0.29095780308104485 0.620062777923097 0.024916275954454118 0.030865812189380067
149 0.2161419959812458 0.3779100183102276 0.041929002009377096 0.02968872613131049
13 0.3012726054922974 0.33880460371436044 0.029470864032150032 0.029165576772168453
106 0.32973878097789683 0.5147789693957625 0.048894842598794376 0.030865812189380067
224 0.19490957803081044 0.4877713837300549 0.025720026791694574 0.029165576772168453
200 0.3769591426657736 0.5472796233324614 0.024380442062960483 0.0328276222861627
13 0.26436704621567314 0.4835207951870259 0.036838580040187544 0.029034789432382944
7 0.43864701942397855 0.40432906094690035 0.023710649698593437 0.035181794402301854
22 0.1739450770261219 0.5584619408841224 0.02129939718687207 0.030865812189380067
7 0.2684527796383121 0.3749019094951609 0.027595445411922305 0.02968872613131049
13 0.36570663094440725 0.802445723253989 0.02813127930341594 0.03701281715929898
211 0.4145344943067649 0.3323960240648705 0.021835231078365706 0.030996599529165576
8 0.3244474212993972 0.4082526811404656 0.0318821165438714 0.03570494376144389
58 0.22960482250502345 0.5903086581218938 0.048760884125920965 0.034658645043159825
149 0.3200267916945747 0.6194742348940623 0.039383791024782316 0.030996599529165576
106 0.37481580709979906 0.4413418781061993 0.046349631614199596 0.029165576772168453
176 0.41768251841929 0.2951216322260005 0.029470864032150032 0.035181794402301854
76 0.21801741460147353 0.62915249803819 0.041929002009377096 0.040674862673293226
7 0.2014735432016075 0.5199450693172901 0.031346282652377766 0.031519748888307615
106 0.1782987273945077 0.4528511640073241 0.04125920964501004 0.025503531258174207
200 0.368251841929002 0.36757781846717236 0.02813127930341594 0.02733455401517133
22 0.2931011386470194 0.4820821344493853 0.02813127930341594 0.02851164007324091
118 0.395914266577361 0.7303165053622809 0.025586068318821164 0.032435260266806175
106 0.3766242464835901 0.7654329060946901 0.04380442062960482 0.039366989275438136
200 0.3957803081044876 0.6974234894062254 0.030676490288010717 0.029165576772168453
7 0.25452109845947757 0.6619801203243526 0.021969189551239117 0.030735024849594558
