118 0.8478747203579419 0.26672484002326935 0.09172259507829977 0.058755090168702735
200 0.16331096196868009 0.9368819080860966 0.0894854586129754 0.0506108202443281
211 0.6476510067114094 0.2696335078534031 0.040268456375838924 0.05293775450843514
118 0.23210290827740493 0.3382780686445608 0.0883668903803132 0.0506108202443281
110 0.3819910514541387 0.5805700988947062 0.06599552572706935 0.0535194880744619
224 0.3327740492170022 0.6559045956951716 0.09507829977628636 0.055264688772542175
224 0.7600671140939598 0.9805119255381035 0.05704697986577181 0.02617801047120419
211 0.17058165548098433 0.6591041303083188 0.03691275167785235 0.05002908667830134
224 0.4172259507829978 0.8077370564281559 0.08277404921700224 0.055264688772542175
22 0.342841163310962 0.8109365910413031 0.08165548098434004 0.05235602094240838
224 0.2086129753914989 0.5299592786503782 0.08612975391498881 0.061663757998836534
58 0.2483221476510067 0.8141361256544503 0.1185682326621924 0.04130308318789994
149 0.24496644295302014 0.6614310645724258 0.09395973154362416 0.05002908667830134
44 0.17785234899328858 0.4639325189063409 0.07829977628635347 0.04944735311227458
176 0.44798657718120805 0.5791157649796393 0.0883668903803132 0.05293775450843514
22 0.37080536912751677 0.7303664921465969 0.09507829977628636 0.058755090168702735
200 0.6940715883668904 0.9837114601512508 0.0592841163310962 0.02675974403723095
22 0.3143176733780761 0.5869691681210005 0.0738255033557047 0.054682955206515414
160 0.21085011185682326 0.7292030250145434 0.0883668903803132 0.051774287376381616
32 0.35570469798657717 0.8726003490401396 0.09619686800894854 0.04653868528214078
200 0.22539149888143176 0.9880744618964514 0.09284116331096197 0.018033740546829553
44 0.3965324384787472 0.9322280395578825 0.15771812080536912 0.058755090168702735
7 0.2958612975391499 0.16143106457242584 0.07046979865771812 0.06340895869691682
44 0.14988814317673377 0.3481675392670157 0.06263982102908278 0.04246655031995346
13 0.2930648769574944 0.9316463059918557 0.07158836689038031 0.05293775450843514
224 0.6029082774049217 0.5794066317626527 0.08501118568232663 0.0535194880744619
118 0.38478747203579416 0.16230366492146597 0.09843400447427293 0.055846422338568937
6 0.40268456375838924 0.2766143106457243 0.09395973154362416 0.05410122164048865
119 0.7114093959731543 0.2707969749854567 0.06711409395973154 0.0506108202443281
7 0.3277404921700224 0.27981384525887143 0.07829977628635347 0.04653868528214078
176 0.1174496644295302 0.8726003490401396 0.087248322147651 0.058173356602675974
224 0.28523489932885904 0.7332751599767307 0.08277404921700224 0.05759162303664921
224 0.4960850111856823 0.8016288539848749 0.08612975391498881 0.0535194880744619
200 0.4429530201342282 0.8731820826061664 0.09395973154362416 0.051192553810354854
7 0.19686800894854586 0.8702734147760326 0.087248322147651 0.04886561954624782
224 0.2354586129753915 0.9380453752181501 0.09060402684563758 0.05410122164048865
149 0.16946308724832215 0.15881326352530542 0.052572706935123045 0.06399069226294357
58 0.5715883668903803 0.2702152414194299 0.116331096196868 0.051774287376381616
200 0.48713646532438476 0.27137870855148344 0.07494407158836688 0.051774287376381616
224 0.23657718120805368 0.16375799883653286 0.08165548098434004 0.06689936009307737
118 0.6895973154362416 0.7920302501454334 0.09955257270693513 0.05759162303664921
119 0.2835570469798658 0.8702734147760326 0.09507829977628636 0.051192553810354854
7 0.14541387024608501 0.8080279232111692 0.0894854586129754 0.051192553810354854
224 0.5363534675615212 0.8685282140779523 0.1174496644295302 0.05235602094240838
200 0.5307606263982103 0.5831878999418266 0.07718120805369127 0.05293775450843514
118 0.2186800894854586 0.5866783013379872 0.1040268456375839 0.058755090168702735
32 0.24384787472035793 0.2821407795229785 0.09395973154362416 0.04304828388598022
149 0.5861297539149888 0.7998836532867947 0.11185682326621924 0.061663757998836534
200 0.7718120805369127 0.26672484002326935 0.08053691275167785 0.04944735311227458
224 0.2371364653243848 0.22891215823152997 0.08277404921700224 0.04944735311227458
118 0.4569351230425056 0.7303664921465969 0.09060402684563758 0.051774287376381616
