224 0.3172715894868586 0.38721804511278196 0.07384230287859825 0.04337767495662233
106 0.12202753441802253 0.8513591671486408 0.1214017521902378 0.04742625795257374
160 0.5212765957446809 0.7674956622325043 0.13642052565707133 0.07171775592828225
200 0.3886107634543179 0.3915558126084442 0.0688360450563204 0.042799305957200696
200 0.5757196495619524 0.5766338924233662 0.08260325406758448 0.03701561596298438
149 0.7321652065081352 0.045112781954887216 0.15269086357947434 0.04626951995373048
7 0.28410513141426785 0.0448235974551764 0.16020025031289112 0.05147484094852516
118 0.28222778473091364 0.4826489300173511 0.13642052565707133 0.05841526894158473
200 0.9061326658322904 0.846443030653557 0.0851063829787234 0.03759398496240601
149 0.2165206508135169 0.38721804511278196 0.11013767209011265 0.049161364950838636
44 0.4111389236545682 0.0448235974551764 0.14893617021276595 0.04569115095430885
224 0.5794743429286608 0.39820705610179297 0.08260325406758448 0.044534412955465584
211 0.5988735919899875 0.3227299016772701 0.07384230287859825 0.05320994794679005
224 0.6620775969962454 0.8475997686524003 0.0951188986232791 0.049161364950838636
211 0.24155193992490614 0.2200694042799306 0.0951188986232791 0.05725853094274147
160 0.7215269086357947 0.4927703875072296 0.09887359198998748 0.07171775592828225
118 0.0869837296620776 0.739733950260266 0.11889862327909888 0.0728744939271255
106 0.7240300375469336 0.3224407171775593 0.1639549436795995 0.04337767495662233
13 0.409261576971214 0.4814921920185078 0.12265331664580725 0.05725853094274147
119 0.7453066332916145 0.13360323886639677 0.18147684605757197 0.06940427993059572
8 0.7609511889862328 0.5763447079236553 0.10262828535669587 0.05378831694621168
7 0.6764705882352942 0.6706188548293811 0.10638297872340426 0.0503181029496819
7 0.5319148936170213 0.4852515905147484 0.15769712140175218 0.058993637941006365
224 0.8291614518147684 0.843262001156738 0.07384230287859825 0.042799305957200696
176 0.10200250312891114 0.3892423366107577 0.09386733416770963 0.05205320994794679
211 0.4374217772215269 0.9395604395604396 0.1113892365456821 0.06304222093695779
200 0.13892365456821026 0.21920185078079815 0.08760951188986232 0.04973973395026027
211 0.6364205256570713 0.4875650665124349 0.0688360450563204 0.06824754193175246
200 0.1939924906132666 0.31203007518796994 0.08010012515644556 0.0410641989589358
224 0.6608260325406758 0.58155002891845 0.08760951188986232 0.04337767495662233
185 0.30287859824780977 0.31434355118565643 0.13516896120150187 0.042220936957779065
13 0.4430538172715895 0.1341816078658184 0.11013767209011265 0.05205320994794679
22 0.6683354192740926 0.941873915558126 0.11264080100125157 0.05725853094274147
106 0.8416770963704631 0.4945054945054945 0.13892365456821026 0.06015037593984962
119 0.8760951188986232 0.9459224985540775 0.08260325406758448 0.054945054945054944
149 0.39173967459324155 0.23019086176980913 0.14267834793491865 0.058993637941006365
7 0.24217772215269087 0.8493348756506651 0.10137672090112641 0.05147484094852516
200 0.7515644555694618 0.8412377096587623 0.08886107634543179 0.059572006940427996
106 0.26595744680851063 0.5708502024291497 0.1113892365456821 0.0578368999421631
22 0.5732165206508135 0.849624060150376 0.07008760951188986 0.05668016194331984
22 0.3454317897371715 0.13389242336610757 0.11264080100125157 0.05841526894158473
22 0.8554443053817271 0.32793522267206476 0.09887359198998748 0.04973973395026027
106 0.7640801001251565 0.402834008097166 0.13642052565707133 0.0653556969346443
160 0.47747183979974966 0.4051474840948525 0.1214017521902378 0.0746096009253904
13 0.8160200250312891 0.6729323308270677 0.13016270337922403 0.054945054945054944
110 0.8710888610763454 0.049161364950838636 0.13266583229036297 0.05320994794679005
118 0.5663329161451814 0.045980335454019666 0.15644555694618273 0.042220936957779065
149 0.3742177722152691 0.7591093117408907 0.13016270337922403 0.05725853094274147
224 0.630162703379224 0.7689415847310584 0.06633291614518148 0.05610179294389821
211 0.700250312891114 0.7677848467322151 0.06132665832290363 0.04800462695199537
22 0.40988735919899877 0.31463273568536726 0.08135168961201501 0.04048582995951417
58 0.8222778473091364 0.7669172932330827 0.16270337922403003 0.0578368999421631
119 0.483729662077597 0.5792365529207635 0.10888610763454318 0.04569115095430885
8 0.5613266583229036 0.9447657605552342 0.11639549436795996 0.06304222093695779
22 0.8554443053817271 0.5780798149219202 0.10137672090112641 0.059572006940427996
22 0.5131414267834794 0.316657027183343 0.09762202753441802 0.038750722961249276
13 0.5300375469336671 0.23192596876807403 0.12891113892365458 0.058993637941006365
118 0.22528160200250313 0.7550607287449392 0.13266583229036297 0.05263157894736842
176 0.7916145181476846 0.23626373626373626 0.1113892365456821 0.0503181029496819
22 0.9042553191489362 0.23568536726431463 0.10888610763454318 0.06304222093695779
13 0.12077596996245307 0.30855986119144013 0.09136420525657071 0.03990746096009254
224 0.402377972465582 0.6735106998264893 0.09386733416770963 0.04569115095430885
160 0.38423028785982477 0.5818392134181608 0.12015018773466833 0.07171775592828225
13 0.2346683354192741 0.12955465587044535 0.12390488110137672 0.05668016194331984
149 0.5713391739674594 0.13533834586466165 0.13642052565707133 0.05320994794679005
7 0.6551939924906133 0.2391555812608444 0.16645807259073842 0.04800462695199537
118 0.35544430538172717 0.8516483516483516 0.12015018773466833 0.05263157894736842
8 0.7809762202753442 0.9433198380566802 0.09011264080100125 0.04973973395026027
106 0.5337922403003754 0.6726431463273569 0.1739674593241552 0.042799305957200696
13 0.4755944931163955 0.8548293811451706 0.13016270337922403 0.05436668594563331
211 0.6595744680851063 0.4013880855986119 0.06508135168961202 0.04973973395026027
22 0.9486858573216521 0.7700983227299016 0.0851063829787234 0.061885482938114515
