160 0.11049775449101797 0.2187598363235757 0.009543413173652695 0.01762669184765502
149 0.6628929640718563 0.5602769908718918 0.011040419161676647 0.02014479068303431
224 0.640250748502994 0.559647466163047 0.009169161676646706 0.018885741265344664
58 0.6170471556886228 0.6610009442870632 0.013285928143712575 0.019515265974189486
119 0.7953779940119761 0.6559647466163047 0.009917664670658683 0.018885741265344664
160 0.5924401197604791 0.5808939250865597 0.01122754491017964 0.019830028328611898
13 0.6334206586826348 0.6000944287063267 0.010853293413173653 0.02045955303745672
32 0.5371444610778443 0.4982688070506767 0.012163173652694611 0.01762669184765502
99 0.5428517964071856 0.6408561536040289 0.005988023952095809 0.01825621655649984
211 0.29537799401197606 0.49039974819011645 0.004303892215568862 0.01762669184765502
106 0.9002619760479041 0.6109537299339 0.0033682634730538923 0.007554296506137866
118 0.3319610778443114 0.5712936732766761 0.009730538922155689 0.01447906830343091
13 0.7914483532934131 0.5124331129996852 0.011788922155688622 0.01825621655649984
200 0.9063435628742516 0.6114258734655336 0.00280688622754491 0.005980484734025811
211 0.43899700598802394 0.5657853320742839 0.002245508982035928 0.0066100094428706326
13 0.28583458083832336 0.34844192634560905 0.012537425149700599 0.018885741265344664
118 0.40699850299401197 0.48426188227887945 0.010853293413173653 0.02045955303745672
99 0.28826721556886226 0.5760151085930123 0.007672155688622754 0.02077431539187913
32 0.3870696107784431 0.5873465533522191 0.009169161676646706 0.02077431539187913
211 0.639502245508982 0.4803273528485993 0.006923652694610778 0.02077431539187913
200 0.6688809880239521 0.3977022348127164 0.01029191616766467 0.01668240478438779
7 0.719872754491018 0.5591753226314132 0.010479041916167664 0.01794145420207743
7 0.4453592814371258 0.5648410450110167 0.0029940119760479044 0.004721435316336166
99 0.7930389221556886 0.49228832231665093 0.005988023952095809 0.02014479068303431
224 0.3554453592814371 0.613314447592068 0.008420658682634731 0.019830028328611898
13 0.2311002994011976 0.6351904312244255 0.011601796407185628 0.0226628895184136
149 0.7472866766467066 0.5580736543909348 0.011040419161676647 0.021403840100723954
118 0.2948166167664671 0.5302171860245515 0.012163173652694611 0.019830028328611898
22 0.30510853293413176 0.6542335536669814 0.011040419161676647 0.01668240478438779
32 0.18113772455089822 0.534466477809254 0.0074850299401197605 0.021403840100723954
200 0.6983532934131736 0.5808939250865597 0.010853293413173653 0.019200503619767075
149 0.2275449101796407 0.5961598992760466 0.012350299401197605 0.02014479068303431
22 0.7458832335329342 0.6384954359458609 0.006736526946107785 0.01164620711362921
58 0.4549026946107784 0.5771167768334907 0.004116766467065869 0.004721435316336166
200 0.15812125748502995 0.5772741580107019 0.010479041916167664 0.0169971671388102
200 0.7248315868263473 0.47891092225369847 0.009543413173652695 0.01794145420207743
119 0.6341691616766467 0.6411709159584513 0.007859281437125748 0.02014479068303431
22 0.21650449101796407 0.4507396915328927 0.007110778443113772 0.011960969468051622
118 0.09833458083832336 0.5569719861504564 0.011414670658682635 0.02045955303745672
7 0.6840381736526946 0.621026125275417 0.011040419161676647 0.022033364809568776
211 0.25739146706586824 0.4910292728989613 0.00654940119760479 0.02329241422725842
32 0.6973241017964071 0.31617878501731195 0.009917664670658683 0.014793830657853321
22 0.6064745508982036 0.6595845136921624 0.008607784431137725 0.019200503619767075
200 0.35507110778443113 0.5067673906200818 0.011414670658682635 0.01825621655649984
22 0.12312874251497007 0.19940195152659743 0.006736526946107785 0.023607176581680833
200 0.18974550898203593 0.43279823733081524 0.008233532934131737 0.016367642429965377
200 0.8829528443113772 0.5269121813031161 0.009543413173652695 0.02014479068303431
6 0.30791541916167664 0.44995278564683666 0.011040419161676647 0.023607176581680833
22 0.7305389221556886 0.6565942713251495 0.006736526946107785 0.011960969468051622
224 0.9072791916167665 0.34151715454831605 0.003181137724550898 0.007554296506137866
119 0.2600112275449102 0.5110166824047844 0.009917664670658683 0.019830028328611898
211 0.37958458083832336 0.6111111111111112 0.004303892215568862 0.021089077746301543
118 0.28255988023952094 0.4707271010387158 0.012350299401197605 0.02423670129052565
44 0.10619386227544911 0.4982688070506767 0.011788922155688622 0.01825621655649984
7 0.3091317365269461 0.5103871576959396 0.0074850299401197605 0.018570978910922253
7 0.688061377245509 0.37724268177525966 0.008607784431137725 0.022348127163991188
224 0.7843375748502994 0.5141643059490085 0.007672155688622754 0.01794145420207743
7 0.8914670658682635 0.6098520616934214 0.002245508982035928 0.007869058860560278
200 0.8043600299401198 0.6556499842618823 0.009169161676646706 0.02077431539187913
44 0.38014595808383234 0.5259678942398489 0.012911676646706586 0.0169971671388102
211 0.4512537425149701 0.5654705697198615 0.0020583832335329343 0.0066100094428706326
99 0.5877619760479041 0.6205539817437834 0.010104790419161677 0.01668240478438779
119 0.5534244011976048 0.6213408876298395 0.01066616766467066 0.019515265974189486
7 0.8207335329341318 0.5108593012275732 0.009730538922155689 0.01825621655649984
118 0.3256923652694611 0.5511488825936418 0.009917664670658683 0.015738117721120555
7 0.28227919161676646 0.41060749134403524 0.012163173652694611 0.021089077746301543
118 0.1998502994011976 0.5343090966320428 0.01122754491017964 0.019830028328611898
149 0.20228293413173654 0.5958451369216242 0.009730538922155689 0.022033364809568776
119 0.18048278443113772 0.6586402266288952 0.008420658682634731 0.01794145420207743
149 0.6652320359281437 0.5011016682404784 0.010104790419161677 0.0169971671388102
7 0.45387350299401197 0.5653131885426503 0.003555389221556886 0.006924771797293044
224 0.7919161676646707 0.5961598992760466 0.008233532934131737 0.018885741265344664
200 0.7094872754491018 0.5195152659741895 0.008420658682634731 0.01794145420207743
13 0.1495134730538922 0.555870317909978 0.009730538922155689 0.022033364809568776
118 0.6380988023952096 0.6611583254642744 0.011976047904191617 0.021089077746301543
200 0.2063997005988024 0.4910292728989613 0.010104790419161677 0.01762669184765502
13 0.6765531437125748 0.3580421781554926 0.012537425149700599 0.021089077746301543
200 0.7020958083832335 0.5613786591123702 0.0093562874251497 0.01794145420207743
224 0.3477732035928144 0.6721750078690588 0.007672155688622754 0.019830028328611898
22 0.8186751497005988 0.4667925716084356 0.0093562874251497 0.02014479068303431
7 0.6998502994011976 0.619452313503305 0.008607784431137725 0.013220018885741265
32 0.6207896706586826 0.561221277935159 0.008420658682634731 0.02077431539187913
118 0.42047155688622756 0.5448536355051936 0.01122754491017964 0.024551463644948063
22 0.6419348802395209 0.46065470569719863 0.009543413173652695 0.01794145420207743
200 0.37612275449101795 0.6712307208057916 0.008233532934131737 0.01164620711362921
149 0.8689184131736527 0.48740950582310355 0.01029191616766467 0.022348127163991188
224 0.4039109281437126 0.42477179729304376 0.008046407185628742 0.012905256531318854
211 0.6914296407185628 0.33648095687755747 0.005239520958083832 0.019515265974189486
200 0.5739146706586826 0.5815234497954045 0.0093562874251497 0.01794145420207743
7 0.6579341317365269 0.3150771167768335 0.007110778443113772 0.02077431539187913
118 0.2631923652694611 0.3915643689014794 0.01403443113772455 0.01825621655649984
224 0.15980538922155688 0.26062322946175637 0.007859281437125748 0.015738117721120555
200 0.2679640718562874 0.615675165250236 0.010479041916167664 0.018885741265344664
149 0.22314745508982037 0.5764872521246459 0.01066616766467066 0.019830028328611898
118 0.7020958083832335 0.4993704752911552 0.010853293413173653 0.018570978910922253
99 0.10843937125748503 0.23890462700661 0.00654940119760479 0.016367642429965377
200 0.1505426646706587 0.26015108593012276 0.009169161676646706 0.016052880075542966
200 0.23605913173652696 0.5546112684922884 0.008046407185628742 0.019515265974189486
119 0.8048278443113772 0.5949008498583569 0.008982035928143712 0.019515265974189486
224 0.5731661676646707 0.5599622285174694 0.0074850299401197605 0.012590494176896443
58 0.6199476047904192 0.4796978281397545 0.0093562874251497 0.021403840100723954
160 0.7056511976047904 0.5997796663519043 0.010479041916167664 0.014164305949008499
7 0.8974550898203593 0.6081208687440982 0.0033682634730538923 0.006295247088448221
99 0.8086639221556886 0.6163046899590809 0.006923652694610778 0.02014479068303431
106 0.749251497005988 0.5371419578218445 0.01347305389221557 0.018570978910922253
7 0.6068488023952096 0.4779666351904312 0.011976047904191617 0.015423355366698142
7 0.8893151197604791 0.3412023921938936 0.003555389221556886 0.006924771797293044
13 0.47043413173652693 0.5653131885426503 0.0029940119760479044 0.006295247088448221
119 0.5661489520958084 0.5810513062637709 0.01029191616766467 0.019515265974189486
6 0.17907934131736528 0.5975763298709474 0.008607784431137725 0.019830028328611898
76 0.7172529940119761 0.5804217815549261 0.012724550898203593 0.032735284859930755
76 0.2539296407185629 0.5319483789738747 0.010853293413173653 0.032735284859930755
118 0.21435254491017963 0.5958451369216242 0.012911676646706586 0.02077431539187913
185 0.8878181137724551 0.6101668240478438 0.003929640718562874 0.007869058860560278
200 0.36816991017964074 0.5275417060119609 0.008046407185628742 0.0169971671388102
44 0.16972305389221556 0.6589549889833176 0.012724550898203593 0.019830028328611898
185 0.7116392215568862 0.5605917532263142 0.010104790419161677 0.016367642429965377
58 0.6645770958083832 0.5808939250865597 0.015157185628742515 0.01794145420207743
211 0.12752619760479042 0.2577903682719547 0.005426646706586827 0.0169971671388102
118 0.3092252994011976 0.6358199559332703 0.01066616766467066 0.022033364809568776
44 0.6277133233532934 0.5214038401007239 0.012537425149700599 0.014164305949008499
118 0.3632110778443114 0.6528171230720806 0.010479041916167664 0.019515265974189486
119 0.843375748502994 0.466320428076802 0.010479041916167664 0.019200503619767075
118 0.8477732035928144 0.5306893295561851 0.011040419161676647 0.02329241422725842
13 0.7537425149700598 0.6395971041863393 0.0093562874251497 0.0169971671388102
211 0.6424026946107785 0.5401322001888574 0.006736526946107785 0.0169971671388102
211 0.40484655688622756 0.546742209631728 0.004303892215568862 0.02077431539187913
119 0.32372754491017963 0.5920679886685553 0.01122754491017964 0.0226628895184136
224 0.4350673652694611 0.46427447277305633 0.0093562874251497 0.0226628895184136
185 0.6469872754491018 0.48158640226628896 0.011414670658682635 0.022033364809568776
58 0.3161489520958084 0.653131885426503 0.011414670658682635 0.013849543594586088
118 0.4164483532934132 0.4631728045325779 0.012911676646706586 0.021718602455146365
13 0.20817739520958084 0.4516839785961599 0.011414670658682635 0.01447906830343091
106 0.2467252994011976 0.4700975763298709 0.014782934131736527 0.02045955303745672
13 0.8420658682634731 0.3654390934844193 0.008233532934131737 0.02014479068303431
7 0.3561002994011976 0.6728045325779037 0.0093562874251497 0.014164305949008499
200 0.6008607784431138 0.5199874095058231 0.010479041916167664 0.0169971671388102
22 0.30211452095808383 0.42996537614101354 0.008794910179640719 0.02014479068303431
119 0.7342814371257484 0.5813660686181933 0.0093562874251497 0.018885741265344664
185 0.7999625748502994 0.4916587976078061 0.010479041916167664 0.018885741265344664
118 0.8427208083832335 0.653131885426503 0.009543413173652695 0.015108593012275733
185 0.19199101796407186 0.5133774000629525 0.0093562874251497 0.01762669184765502
7 0.4333832335329341 0.5653131885426503 0.0033682634730538923 0.007554296506137866
13 0.6036676646706587 0.6395971041863393 0.010479041916167664 0.015738117721120555
22 0.6195733532934131 0.6197670758577274 0.008982035928143712 0.01762669184765502
22 0.26824476047904194 0.5100723953415172 0.008046407185628742 0.019200503619767075
224 0.6183570359281437 0.5801070192005037 0.006923652694610778 0.02077431539187913
106 0.7461639221556886 0.5996222851746931 0.012537425149700599 0.019515265974189486
7 0.3633982035928144 0.6331444759206799 0.008233532934131737 0.018570978910922253
7 0.5334019461077845 0.60182562165565 0.009917664670658683 0.0226628895184136
6 0.21753368263473055 0.3492288322316651 0.011414670658682635 0.021718602455146365
185 0.2371818862275449 0.5942713251495121 0.01066616766467066 0.013220018885741265
22 0.5868263473053892 0.5415486307837583 0.010104790419161677 0.018570978910922253
200 0.6368824850299402 0.5816808309726157 0.009917664670658683 0.01762669184765502
22 0.45247005988023953 0.5771167768334907 0.0037425149700598802 0.007869058860560278
211 0.4395583832335329 0.5775889203651243 0.002245508982035928 0.007554296506137866
118 0.3530127245508982 0.5708215297450425 0.01066616766467066 0.015423355366698142
7 0.6428705089820359 0.6406987724268177 0.009543413173652695 0.01794145420207743
211 0.2542103293413174 0.5728674850487881 0.003929640718562874 0.01447906830343091
176 0.1219124251497006 0.23969153289266604 0.009543413173652695 0.017311929493232608
200 0.09767964071856287 0.5794774944916588 0.009730538922155689 0.011960969468051622
99 0.655875748502994 0.4800125904941769 0.005988023952095809 0.018885741265344664
200 0.8212949101796407 0.5937991816178785 0.0074850299401197605 0.012905256531318854
110 0.3401010479041916 0.5923827510229777 0.009917664670658683 0.022033364809568776
7 0.5640905688622755 0.5591753226314132 0.009543413173652695 0.013534781240163676
211 0.41092814371257486 0.6081208687440982 0.004491017964071856 0.021403840100723954
44 0.7049962574850299 0.3951841359773371 0.01590568862275449 0.01668240478438779
22 0.8349550898203593 0.46757947749449164 0.008607784431137725 0.021718602455146365
149 0.19086826347305388 0.6367642429965377 0.010853293413173653 0.01762669184765502
200 0.5702657185628742 0.4973245199874095 0.008046407185628742 0.0113314447592068
211 0.6851609281437125 0.3975448536355052 0.005426646706586827 0.019515265974189486
44 0.8550711077844312 0.5073969153289266 0.013285928143712575 0.011960969468051622
118 0.6860965568862275 0.31602140384010075 0.009917664670658683 0.021403840100723954
22 0.6113398203592815 0.6397544853635505 0.008233532934131737 0.017311929493232608
7 0.27020958083832336 0.5947434686811457 0.008982035928143712 0.022348127163991188
13 0.5707335329341318 0.6205539817437834 0.010853293413173653 0.01794145420207743
211 0.5973053892215568 0.4774944916587976 0.0048652694610778445 0.015108593012275733
211 0.6588697604790419 0.6205539817437834 0.005988023952095809 0.019200503619767075
119 0.6540044910179641 0.437991816178785 0.008982035928143712 0.013534781240163676
7 0.7848053892215568 0.4943342776203966 0.008607784431137725 0.01794145420207743
22 0.7120134730538922 0.5399748190116462 0.010479041916167664 0.018570978910922253
99 0.4472305389221557 0.5670443814919736 0.0033682634730538923 0.00912810827824992
13 0.8863211077844312 0.34214667925716086 0.003555389221556886 0.006924771797293044
176 0.733252245508982 0.4779666351904312 0.01066616766467066 0.019830028328611898
160 0.7265157185628742 0.6386528171230721 0.009917664670658683 0.016367642429965377
99 0.8787425149700598 0.6115832546427448 0.0033682634730538923 0.007554296506137866
211 0.32279191616766467 0.5708215297450425 0.0029940119760479044 0.014164305949008499
200 0.829247754491018 0.4915014164305949 0.01029191616766467 0.014164305949008499
118 0.250187125748503 0.4513692162417375 0.010479041916167664 0.02077431539187913
200 0.22099550898203593 0.4729304375196726 0.0093562874251497 0.022348127163991188
118 0.358813622754491 0.5912810827824992 0.009169161676646706 0.019830028328611898
200 0.828312125748503 0.5527226943657538 0.009169161676646706 0.018885741265344664
32 0.26104041916167664 0.45026754800125907 0.01122754491017964 0.021718602455146365
118 0.39165419161676646 0.5236071765816809 0.011601796407185628 0.02045955303745672
106 0.28789296407185627 0.448693736229147 0.012911676646706586 0.019830028328611898
106 0.24653817365269462 0.5527226943657538 0.013660179640718563 0.0169971671388102
7 0.7014408682634731 0.3555240793201133 0.009543413173652695 0.019830028328611898
200 0.4101796407185629 0.545168397859616 0.007859281437125748 0.0226628895184136
118 0.8525449101796407 0.3832231665092855 0.011601796407185628 0.018570978910922253
200 0.640999251497006 0.6007239534151716 0.008046407185628742 0.015423355366698142
58 0.1991953592814371 0.6569090336795719 0.013660179640718563 0.015738117721120555
7 0.8635853293413174 0.6096946805162102 0.0029940119760479044 0.007554296506137866
211 0.7932260479041916 0.6370790053509601 0.006362275449101796 0.019515265974189486
160 0.23961452095808383 0.6142587346553352 0.008420658682634731 0.015423355366698142
7 0.6891841317365269 0.4381491973559962 0.010853293413173653 0.019515265974189486
200 0.359000748502994 0.5481586402266289 0.006923652694610778 0.02045955303745672
13 0.6794535928143712 0.5195152659741895 0.01122754491017964 0.01794145420207743
149 0.6883420658682635 0.4801699716713881 0.012911676646706586 0.021089077746301543
149 0.6120883233532934 0.4990557129367328 0.009730538922155689 0.013534781240163676
7 0.12621631736526945 0.2187598363235757 0.008046407185628742 0.01447906830343091
7 0.10282559880239521 0.21813031161473087 0.009917664670658683 0.01762669184765502
22 0.40494011976047906 0.6303116147308782 0.010104790419161677 0.02297765187283601
106 0.5891654191616766 0.5195152659741895 0.01403443113772455 0.019830028328611898
13 0.40175898203592814 0.5240793201133145 0.010104790419161677 0.01825621655649984
7 0.3964258982035928 0.5461126849228832 0.008420658682634731 0.02329241422725842
118 0.3961452095808383 0.5657853320742839 0.011976047904191617 0.018570978910922253
106 0.5918787425149701 0.4368901479383066 0.013847305389221557 0.02077431539187913
22 0.5743824850299402 0.2836008813345924 0.011040419161676647 0.02895813660686182
211 0.11442739520958084 0.23796033994334279 0.005052395209580838 0.0169971671388102
99 0.8786489520958084 0.34435001573811774 0.003181137724550898 0.008183821214982689
149 0.29752994011976047 0.6353478124016367 0.01122754491017964 0.02045955303745672
99 0.6988211077844312 0.43877872206484103 0.009917664670658683 0.02014479068303431
200 0.31914296407185627 0.4483789738747246 0.013285928143712575 0.021718602455146365
149 0.47707709580838326 0.5654705697198615 0.003929640718562874 0.0084985835694051
22 0.2275449101796407 0.3492288322316651 0.008982035928143712 0.021718602455146365
99 0.8782747005988024 0.48473402581051306 0.006923652694610778 0.018885741265344664
149 0.8089446107784432 0.4700975763298709 0.012724550898203593 0.021089077746301543
211 0.3317739520958084 0.591910607491344 0.005988023952095809 0.018570978910922253
200 0.15793413173652696 0.5553981743783444 0.008233532934131737 0.019830028328611898
7 0.24270209580838323 0.511488825936418 0.010104790419161677 0.018885741265344664
200 0.6271519461077845 0.6603714195782184 0.01066616766467066 0.01825621655649984
211 0.2093937125748503 0.3925086559647466 0.00561377245508982 0.01762669184765502
22 0.8229790419161677 0.3659112370160529 0.007110778443113772 0.012905256531318854
32 0.7312874251497006 0.4981114258734655 0.009730538922155689 0.01794145420207743
224 0.6011414670658682 0.4987409505823104 0.009917664670658683 0.017311929493232608
200 0.23549775449101795 0.4707271010387158 0.007672155688622754 0.019200503619767075
118 0.24943862275449102 0.6366068618193265 0.011601796407185628 0.021089077746301543
160 0.2002245508982036 0.5119609694680516 0.010479041916167664 0.021089077746301543
99 0.13501122754491018 0.21797293043751967 0.007672155688622754 0.017311929493232608
7 0.32017215568862273 0.6342461441611583 0.009730538922155689 0.01762669184765502
224 0.5870134730538922 0.6019830028328612 0.009730538922155689 0.022348127163991188
160 0.20406062874251496 0.4719861504564054 0.009543413173652695 0.014164305949008499
22 0.8154940119760479 0.6150456405413912 0.006736526946107785 0.013220018885741265
211 0.22922904191616766 0.4727730563424614 0.004116766467065869 0.018885741265344664
149 0.17243637724550898 0.5322631413282971 0.009543413173652695 0.019515265974189486
7 0.10815868263473054 0.4765502045955304 0.009730538922155689 0.013849543594586088
224 0.7207148203592815 0.539030531948379 0.008794910179640719 0.019200503619767075
7 0.1813248502994012 0.5757003462385899 0.01122754491017964 0.0226628895184136
200 0.2245508982035928 0.6570664148567831 0.0093562874251497 0.019200503619767075
22 0.6764595808383234 0.31633616619452315 0.008607784431137725 0.02077431539187913
44 0.6540980538922155 0.357570034623859 0.014782934131736527 0.02014479068303431
13 0.6401571856287425 0.4187913125590179 0.011601796407185628 0.019200503619767075
211 0.3617140718562874 0.6731192949323261 0.00561377245508982 0.02045955303745672
22 0.6820733532934131 0.561221277935159 0.007859281437125748 0.015738117721120555
200 0.21014221556886228 0.6372363865281713 0.007859281437125748 0.01668240478438779
106 0.6910553892215568 0.5599622285174694 0.01309880239520958 0.01762669184765502
119 0.3147455089820359 0.591910607491344 0.010104790419161677 0.018570978910922253
110 0.6122754491017964 0.6197670758577274 0.010104790419161677 0.01762669184765502
119 0.2121070359281437 0.4723009128108278 0.009917664670658683 0.019830028328611898
118 0.12097679640718563 0.5579162732137236 0.013660179640718563 0.022348127163991188
224 0.21659805389221556 0.39361032420522507 0.007672155688622754 0.022348127163991188
200 0.671687874251497 0.4395656279508971 0.008420658682634731 0.01794145420207743
7 0.7064932634730539 0.4774944916587976 0.009169161676646706 0.013849543594586088
22 0.2440119760479042 0.6773685867170286 0.007110778443113772 0.02014479068303431
119 0.3091317365269461 0.6131570664148568 0.008982035928143712 0.018885741265344664
160 0.1403443113772455 0.5560276990871892 0.010479041916167664 0.021089077746301543
200 0.6247193113772455 0.45971041863393136 0.011040419161676647 0.015423355366698142
7 0.6877806886227545 0.5193578847969783 0.008420658682634731 0.016367642429965377
200 0.5930950598802395 0.4993704752911552 0.009917664670658683 0.018570978910922253
22 0.8071669161676647 0.41076487252124644 0.008420658682634731 0.0226628895184136
7 0.7755426646706587 0.5777463015423355 0.009543413173652695 0.01668240478438779
149 0.6499812874251497 0.6219704123386843 0.012911676646706586 0.019515265974189486
13 0.18319610778443113 0.677683349071451 0.010104790419161677 0.02329241422725842
99 0.23400074850299402 0.5118035882908404 0.00654940119760479 0.019515265974189486
119 0.8285928143712575 0.3863707900535096 0.008607784431137725 0.018570978910922253
200 0.8801459580838323 0.465533522190746 0.011414670658682635 0.01762669184765502
13 0.9100860778443114 0.34073024866226 0.003181137724550898 0.007239534151715455
224 0.297062125748503 0.6550204595530374 0.008420658682634731 0.01762669184765502
185 0.5543600299401198 0.5393452943028014 0.008794910179640719 0.021718602455146365
58 0.2937874251497006 0.41060749134403524 0.014970059880239521 0.019830028328611898
44 0.8322417664670658 0.6142587346553352 0.013285928143712575 0.021089077746301543
224 0.639876497005988 0.43940824677368584 0.008420658682634731 0.018885741265344664
22 0.6425898203592815 0.3580421781554926 0.006736526946107785 0.011016682404784388
44 0.6589633233532934 0.4181617878501731 0.013285928143712575 0.014164305949008499
106 0.5430389221556886 0.621026125275417 0.011976047904191617 0.0169971671388102
22 0.15625 0.22033364809568776 0.010104790419161677 0.01762669184765502
149 0.21519461077844312 0.431853950267548 0.010479041916167664 0.01762669184765502
22 0.3772455089820359 0.5481586402266289 0.008607784431137725 0.019200503619767075
32 0.7762911676646707 0.6167768334907145 0.009169161676646706 0.01668240478438779
200 0.6077844311377245 0.5804217815549261 0.010479041916167664 0.018885741265344664
119 0.3873502994011976 0.6310985206169342 0.0074850299401197605 0.02077431539187913
200 0.41158308383233533 0.5225055083412024 0.008794910179640719 0.0169971671388102
200 0.5516467065868264 0.2615675165250236 0.008233532934131737 0.012590494176896443
22 0.3008046407185629 0.6139439723009128 0.008420658682634731 0.013534781240163676
22 0.2793787425149701 0.6561221277935159 0.010853293413173653 0.018570978910922253
224 0.32138847305389223 0.5311614730878187 0.008046407185628742 0.021718602455146365
176 0.8924026946107785 0.3355366698142902 0.0037425149700598802 0.0056657223796034
13 0.8521706586826348 0.652344979540447 0.009730538922155689 0.013534781240163676
176 0.22997754491017963 0.45058231035568147 0.009730538922155689 0.021089077746301543
200 0.27591691616766467 0.37063267233238906 0.008420658682634731 0.013534781240163676
22 0.6950785928143712 0.6595845136921624 0.009169161676646706 0.021089077746301543
7 0.8571294910179641 0.4431853950267548 0.008794910179640719 0.022033364809568776
119 0.655501497005988 0.501573811772112 0.010853293413173653 0.01794145420207743
149 0.8192365269461078 0.5525653131885426 0.010104790419161677 0.02045955303745672
32 0.24176646706586827 0.4921309411394397 0.010479041916167664 0.021089077746301543
118 0.6575598802395209 0.3978596159899276 0.011601796407185628 0.015108593012275733
160 0.2750748502994012 0.3267233238904627 0.008233532934131737 0.018885741265344664
7 0.30716691616766467 0.5925401322001889 0.008420658682634731 0.015423355366698142
200 0.7035928143712575 0.6597418948693736 0.007859281437125748 0.019515265974189486
76 0.2160366766467066 0.6789423984891407 0.013285928143712575 0.04091910607491344
7 0.2601047904191617 0.37079005350960026 0.010479041916167664 0.02014479068303431
13 0.735123502994012 0.6214982688070507 0.009543413173652695 0.019830028328611898
119 0.6679453592814372 0.31885426502990244 0.01066616766467066 0.02329241422725842
176 0.6875 0.5388731507711678 0.009730538922155689 0.02077431539187913
118 0.7137911676646707 0.6583254642744728 0.011414670658682635 0.02045955303745672
13 0.6916167664670658 0.39660056657223797 0.0093562874251497 0.01762669184765502
211 0.19273952095808383 0.6783128737802959 0.00561377245508982 0.0169971671388102
99 0.2678705089820359 0.43106704438149196 0.007297904191616767 0.019830028328611898
224 0.6105913173652695 0.39848914069877245 0.007110778443113772 0.01762669184765502
7 0.6200411676646707 0.42036512433113 0.009169161676646706 0.021089077746301543
118 0.18048278443113772 0.4346868114573497 0.012163173652694611 0.01762669184765502
211 0.17674026946107785 0.5140069247717973 0.005052395209580838 0.0169971671388102
22 0.2651571856287425 0.4118665407617249 0.010104790419161677 0.019830028328611898
106 0.15559505988023953 0.6583254642744728 0.011414670658682635 0.016052880075542966
32 0.6488585329341318 0.5190431224425559 0.01066616766467066 0.02014479068303431
200 0.2748877245508982 0.43028013849543595 0.010104790419161677 0.01825621655649984
118 0.8933383233532934 0.5259678942398489 0.01122754491017964 0.022033364809568776
13 0.7417664670658682 0.4974819011646207 0.011976047904191617 0.019200503619767075
185 0.7123877245508982 0.499213094113944 0.011601796407185628 0.019515265974189486
118 0.8560067365269461 0.40509915014164305 0.013660179640718563 0.022033364809568776
106 0.19311377245508982 0.4713566257475606 0.011601796407185628 0.01794145420207743
160 0.30557634730538924 0.4085615360402896 0.010853293413173653 0.019515265974189486
200 0.26646706586826346 0.3273528485993075 0.010104790419161677 0.021403840100723954
7 0.4297342814371258 0.40399748190116463 0.012163173652694611 0.02045955303745672
160 0.24139221556886228 0.6570664148567831 0.010853293413173653 0.019200503619767075
22 0.1156437125748503 0.20018885741265344 0.007110778443113772 0.018885741265344664
7 0.8605913173652695 0.652344979540447 0.008982035928143712 0.013534781240163676
118 0.2756362275449102 0.48977022348127164 0.010853293413173653 0.02014479068303431
224 0.2688061377245509 0.6756373937677054 0.00654940119760479 0.021089077746301543
58 0.6366953592814372 0.39974819011646207 0.012911676646706586 0.018885741265344664
176 0.8795845808383234 0.6048158640226629 0.003555389221556886 0.0066100094428706326
13 0.27694610778443113 0.6764242996537614 0.0074850299401197605 0.021403840100723954
224 0.6732784431137725 0.559647466163047 0.008607784431137725 0.0169971671388102
22 0.24625748502994013 0.595687755744413 0.010104790419161677 0.023607176581680833
224 0.6043226047904192 0.6211835064526283 0.009169161676646706 0.01794145420207743
200 0.8847305389221557 0.6100094428706326 0.002619760479041916 0.006924771797293044
119 0.8258794910179641 0.4694680516210261 0.01066616766467066 0.019830028328611898
211 0.7767589820359282 0.5144790683034309 0.00561377245508982 0.018570978910922253
58 0.0968375748502994 0.6205539817437834 0.014782934131736527 0.021718602455146365
13 0.4429266467065868 0.5662574756059175 0.002619760479041916 0.006924771797293044
7 0.23924026946107785 0.6356625747560591 0.009543413173652695 0.019830028328611898
13 0.2907934131736527 0.32845451683978594 0.016841317365269462 0.023607176581680833
211 0.29771706586826346 0.5509915014164306 0.0048652694610778445 0.02045955303745672
22 0.7827470059880239 0.5967894239848914 0.0074850299401197605 0.018885741265344664
200 0.6660741017964071 0.6216556499842619 0.008046407185628742 0.013220018885741265
211 0.21949850299401197 0.5546112684922884 0.0048652694610778445 0.02077431539187913
185 0.6717814371257484 0.45845136921624174 0.011976047904191617 0.013534781240163676
7 0.8004303892215568 0.6152030217186024 0.008046407185628742 0.01794145420207743
7 0.38538547904191617 0.42524394082467737 0.008046407185628742 0.018885741265344664
224 0.19807260479041916 0.431853950267548 0.007672155688622754 0.01762669184765502
99 0.5836452095808383 0.6405413912496065 0.0074850299401197605 0.015738117721120555
22 0.6264970059880239 0.39848914069877245 0.008233532934131737 0.01762669184765502
7 0.8500187125748503 0.3641800440667296 0.008420658682634731 0.02077431539187913
211 0.6009543413173652 0.5794774944916588 0.0061751497005988025 0.019515265974189486
22 0.6466130239520959 0.39864652187598365 0.009543413173652695 0.01794145420207743
149 0.5897267964071856 0.6587976078061064 0.009917664670658683 0.011960969468051622
211 0.22511227544910178 0.3692162417374882 0.00561377245508982 0.019515265974189486
118 0.3942739520958084 0.4455461126849229 0.012724550898203593 0.02045955303745672
211 0.8812687125748503 0.34277620396600567 0.0024326347305389222 0.006924771797293044
118 0.6682260479041916 0.3781869688385269 0.009730538922155689 0.021089077746301543
32 0.7975299401197605 0.4705697198615046 0.010104790419161677 0.01447906830343091
118 0.202937874251497 0.4118665407617249 0.013660179640718563 0.018570978910922253
200 0.18619011976047903 0.5563424614416116 0.01122754491017964 0.016052880075542966
99 0.11620508982035928 0.6191375511488826 0.006362275449101796 0.01825621655649984
200 0.5596931137724551 0.601038715769594 0.010104790419161677 0.01794145420207743
118 0.23184880239520958 0.3276676109537299 0.01721556886227545 0.02644003777148253
22 0.23203592814371257 0.4918161787850173 0.009730538922155689 0.019200503619767075
118 0.2964071856287425 0.4697828139754485 0.011976047904191617 0.021089077746301543
149 0.3259730538922156 0.6134718287692792 0.011601796407185628 0.018885741265344664
7 0.3791167664670659 0.4656909033679572 0.010104790419161677 0.021089077746301543
185 0.13023952095808383 0.5350960025180989 0.009730538922155689 0.013220018885741265
176 0.873877245508982 0.5275417060119609 0.010104790419161677 0.02014479068303431
106 0.7049026946107785 0.37551148882593643 0.011976047904191617 0.018885741265344664
7 0.7861152694610778 0.6177211205539818 0.008607784431137725 0.01794145420207743
99 0.9035366766467066 0.6111111111111112 0.00280688622754491 0.0084985835694051
160 0.16813248502994013 0.4746616304689959 0.007672155688622754 0.018885741265344664
211 0.5491205089820359 0.57963487566887 0.00654940119760479 0.021718602455146365
7 0.8015531437125748 0.5547686496694996 0.009543413173652695 0.014793830657853321
22 0.41457709580838326 0.4427132514951212 0.009169161676646706 0.021718602455146365
44 0.6109655688622755 0.43940824677368584 0.01309880239520958 0.018885741265344664
160 0.10114146706586827 0.19767075857727415 0.01029191616766467 0.021403840100723954
211 0.28396332335329344 0.6756373937677054 0.00654940119760479 0.021089077746301543
13 0.3691991017964072 0.6718602455146364 0.01122754491017964 0.014164305949008499
200 0.23343937125748504 0.3918791312559018 0.009917664670658683 0.02014479068303431
13 0.2867702095808383 0.49008498583569404 0.012163173652694611 0.02077431539187913
76 0.3030501497005988 0.49071451054453885 0.011788922155688622 0.034623858986465215
7 0.13987649700598803 0.24016367642429964 0.008420658682634731 0.0169971671388102
99 0.47352170658682635 0.5648410450110167 0.00280688622754491 0.007239534151715455
160 0.6539109281437125 0.5797922568460812 0.009917664670658683 0.022033364809568776
149 0.9136414670658682 0.3402581051306264 0.003929640718562874 0.006924771797293044
7 0.8993263473053892 0.34151715454831605 0.004116766467065869 0.006924771797293044
118 0.46135853293413176 0.5760151085930123 0.003929640718562874 0.0056657223796034
211 0.2246444610778443 0.6770538243626062 0.00654940119760479 0.02077431539187913
7 0.6856287425149701 0.3561536040289581 0.008982035928143712 0.013534781240163676
176 0.29163547904191617 0.675322631413283 0.01029191616766467 0.02045955303745672
22 0.18824850299401197 0.5963172804532578 0.0074850299401197605 0.016052880075542966
32 0.6470808383233533 0.37850173119294933 0.009730538922155689 0.014793830657853321
44 0.46126497005988026 0.5648410450110167 0.004491017964071856 0.0053509600251809885
224 0.3656437125748503 0.5051935788479698 0.011601796407185628 0.018885741265344664
185 0.28218562874251496 0.5100723953415172 0.0093562874251497 0.02045955303745672
7 0.28658308383233533 0.61488825936418 0.009543413173652695 0.02045955303745672
200 0.6921781437125748 0.5018885741265344 0.010479041916167664 0.02045955303745672
160 0.5490269461077845 0.65926975133774 0.008233532934131737 0.018570978910922253
7 0.5348053892215568 0.5594900849858357 0.010104790419161677 0.02045955303745672
99 0.26843188622754494 0.37047529115517785 0.006923652694610778 0.02077431539187913
44 0.21229416167664672 0.5118035882908404 0.01440868263473054 0.0169971671388102
160 0.8299026946107785 0.591123701605288 0.011601796407185628 0.019515265974189486
118 0.22071482035928144 0.6358199559332703 0.012537425149700599 0.019515265974189486
76 0.6115269461077845 0.37928863707900534 0.008982035928143712 0.02014479068303431
22 0.4374064371257485 0.5775889203651243 0.0024326347305389222 0.007554296506137866
224 0.7569236526946108 0.559017941454202 0.0074850299401197605 0.02329241422725842
22 0.8177395209580839 0.5338369531004092 0.007859281437125748 0.013220018885741265
22 0.26497005988023953 0.3495435945860875 0.009730538922155689 0.019830028328611898
7 0.7276384730538922 0.5382436260623229 0.008046407185628742 0.019515265974189486
7 0.4258982035928144 0.4633301857097891 0.012350299401197605 0.025810513062637708
200 0.31418413173652693 0.5508341202392194 0.009730538922155689 0.02014479068303431
224 0.42065868263473055 0.6306263770853006 0.008982035928143712 0.022348127163991188
211 0.17327844311377247 0.4943342776203966 0.0048652694610778445 0.02045955303745672
200 0.3002432634730539 0.5103871576959396 0.009917664670658683 0.019830028328611898
224 0.19526571856287425 0.556657223796034 0.007672155688622754 0.01668240478438779
118 0.7613211077844312 0.6575385583884168 0.011414670658682635 0.02014479068303431
99 0.15503368263473055 0.5328926660371419 0.009543413173652695 0.021403840100723954
22 0.18946482035928144 0.657695939565628 0.008046407185628742 0.018570978910922253
76 0.5827095808383234 0.5588605602769908 0.010853293413173653 0.03619767075857727
22 0.7375561377245509 0.4148567831287378 0.01029191616766467 0.01825621655649984
119 0.2616017964071856 0.5947434686811457 0.009730538922155689 0.019830028328611898
7 0.4044723053892216 0.6082782499213094 0.009917664670658683 0.018570978910922253
22 0.17365269461077845 0.6177211205539818 0.0074850299401197605 0.019200503619767075
160 0.1591504491017964 0.5138495435945861 0.01066616766467066 0.017311929493232608
110 0.22717065868263472 0.5339943342776204 0.008982035928143712 0.02045955303745672
211 0.1937687125748503 0.5961598992760466 0.0061751497005988025 0.021403840100723954
176 0.6324850299401198 0.3589864652187598 0.01122754491017964 0.021718602455146365
185 0.6986339820359282 0.4172175007869059 0.008794910179640719 0.021089077746301543
211 0.8391654191616766 0.44727730563424617 0.007672155688622754 0.02014479068303431
44 0.593937125748503 0.6408561536040289 0.012724550898203593 0.013220018885741265
224 0.13622754491017963 0.20160528800755428 0.014970059880239521 0.016052880075542966
6 0.7876122754491018 0.6569090336795719 0.007859281437125748 0.0169971671388102
211 0.7596369760479041 0.57963487566887 0.005426646706586827 0.017311929493232608
211 0.7925711077844312 0.6164620711362921 0.003181137724550898 0.018570978910922253
13 0.6832896706586826 0.5001573811772112 0.009169161676646706 0.02014479068303431
99 0.6778630239520959 0.6400692477179729 0.006923652694610778 0.01794145420207743
211 0.10881362275449102 0.20018885741265344 0.005052395209580838 0.023921938936103244
224 0.7096744011976048 0.6381806735914385 0.0061751497005988025 0.012275731822474031
7 0.7764782934131736 0.6377085300598049 0.009917664670658683 0.01825621655649984
185 0.1467065868263473 0.24110796348756688 0.008233532934131737 0.016367642429965377
99 0.8922155688622755 0.3435631098520617 0.0029940119760479044 0.007869058860560278
119 0.22239895209580837 0.6163046899590809 0.01066616766467066 0.01762669184765502
22 0.7224925149700598 0.4987409505823104 0.0074850299401197605 0.012905256531318854
118 0.22735778443113772 0.43248347497639283 0.012350299401197605 0.0169971671388102
200 0.5620321856287425 0.5190431224425559 0.01029191616766467 0.0169971671388102
22 0.20565119760479042 0.43201133144475923 0.010104790419161677 0.019200503619767075
22 0.18272829341317365 0.5141643059490085 0.008420658682634731 0.019200503619767075
22 0.7104229041916168 0.45750708215297453 0.007297904191616767 0.014793830657853321
7 0.8758420658682635 0.3412023921938936 0.003929640718562874 0.006295247088448221
118 0.8568488023952096 0.34293358514321687 0.008982035928143712 0.014164305949008499
22 0.7438248502994012 0.618665407617249 0.007110778443113772 0.01164620711362921
224 0.6570920658682635 0.6603714195782184 0.008794910179640719 0.019515265974189486
106 0.19507859281437126 0.4919735599622285 0.013285928143712575 0.01825621655649984
13 0.6184505988023952 0.39864652187598365 0.008982035928143712 0.01794145420207743
106 0.860123502994012 0.4658482845451684 0.012911676646706586 0.015738117721120555
32 0.4570546407185629 0.5651558073654391 0.003181137724550898 0.005980484734025811
99 0.8662986526946108 0.611740635819956 0.00280688622754491 0.007869058860560278
200 0.2097679640718563 0.6569090336795719 0.007859281437125748 0.01825621655649984
118 0.6033869760479041 0.419578218445074 0.011040419161676647 0.01825621655649984
211 0.718188622754491 0.45624803273528486 0.0093562874251497 0.01794145420207743
160 0.25879491017964074 0.43169656909033677 0.010853293413173653 0.018570978910922253
32 0.5576347305389222 0.5786905886056027 0.009730538922155689 0.01794145420207743
160 0.39558383233532934 0.46380232924142273 0.010104790419161677 0.021718602455146365
106 0.7166916167664671 0.4172175007869059 0.011976047904191617 0.019200503619767075
106 0.5742889221556886 0.6399118665407617 0.011601796407185628 0.016367642429965377
99 0.8661115269461078 0.5292728989612843 0.007297904191616767 0.024866225999370474
119 0.7675898203592815 0.6384954359458609 0.008233532934131737 0.019200503619767075
22 0.2601983532934132 0.6355051935788479 0.009917664670658683 0.018885741265344664
211 0.6910553892215568 0.4176896443185395 0.006362275449101796 0.02014479068303431
7 0.812687125748503 0.5941139439723009 0.0074850299401197605 0.021089077746301543
99 0.8780875748502994 0.3067359143846396 0.008420658682634731 0.023607176581680833
149 0.843562874251497 0.40557129367327666 0.01122754491017964 0.022348127163991188
200 0.7891092814371258 0.5346238589864653 0.010104790419161677 0.018570978910922253
211 0.37977170658682635 0.6315706641485679 0.005800898203592814 0.019830028328611898
224 0.3240082335329341 0.4886685552407932 0.009169161676646706 0.014164305949008499
22 0.8479603293413174 0.34466477809254015 0.009543413173652695 0.02077431539187913
13 0.1691616766467066 0.26062322946175637 0.010104790419161677 0.015738117721120555
118 0.6671032934131736 0.357570034623859 0.01122754491017964 0.02014479068303431
119 0.39586452095808383 0.6312559017941454 0.009543413173652695 0.02045955303745672
200 0.8836077844311377 0.30547686496695 0.006362275449101796 0.021089077746301543
185 0.2793787425149701 0.5947434686811457 0.011601796407185628 0.022348127163991188
22 0.6469872754491018 0.5001573811772112 0.008794910179640719 0.0169971671388102
118 0.2850860778443114 0.6355051935788479 0.012163173652694611 0.012590494176896443
32 0.5857971556886228 0.2804532577903683 0.01403443113772455 0.027699087189172175
118 0.8452470059880239 0.6136292099464904 0.011601796407185628 0.02297765187283601
160 0.16682260479041916 0.5552407932011332 0.011414670658682635 0.021403840100723954
200 0.3532934131736527 0.6540761724897702 0.010104790419161677 0.02077431539187913
58 0.8522642215568862 0.30799496380232927 0.01403443113772455 0.021089077746301543
224 0.21528817365269462 0.49039974819011645 0.008420658682634731 0.018885741265344664
185 0.531811377245509 0.6597418948693736 0.010853293413173653 0.0226628895184136
99 0.17561751497005987 0.4741894869373623 0.00654940119760479 0.02045955303745672
7 0.2913547904191617 0.510701920050362 0.0093562874251497 0.019200503619767075
176 0.7020958083832335 0.45703493862134087 0.008982035928143712 0.01447906830343091
211 0.12696482035928144 0.5983632357570035 0.005426646706586827 0.02014479068303431
44 0.7569236526946108 0.5165250236071766 0.014595808383233533 0.019515265974189486
106 0.28658308383233533 0.36811457349700977 0.013285928143712575 0.016052880075542966
185 0.6235965568862275 0.5399748190116462 0.011414670658682635 0.02297765187283601
211 0.22277320359281438 0.4512118350645263 0.003555389221556886 0.014164305949008499
224 0.2850860778443114 0.43028013849543595 0.008794910179640719 0.0169971671388102
7 0.2877058383233533 0.5931696569090337 0.01066616766467066 0.02045955303745672
7 0.37041541916167664 0.5909663204280768 0.01066616766467066 0.021718602455146365
58 0.2533682634730539 0.41076487252124644 0.013847305389221557 0.01762669184765502
200 0.6080651197604791 0.539030531948379 0.01029191616766467 0.01794145420207743
224 0.33673278443113774 0.5291155177840731 0.008794910179640719 0.021403840100723954
200 0.46781437125748504 0.5771167768334907 0.0033682634730538923 0.005980484734025811
7 0.09889595808383234 0.4373622914699402 0.008794910179640719 0.014793830657853321
7 0.2128555389221557 0.6147308781869688 0.009169161676646706 0.0169971671388102
22 0.30492140718562877 0.5314762354422411 0.008794910179640719 0.019830028328611898
119 0.6613023952095808 0.33931381806735916 0.0093562874251497 0.01762669184765502
7 0.29809131736526945 0.447906830343091 0.010479041916167664 0.02077431539187913
224 0.6749625748502994 0.5001573811772112 0.010104790419161677 0.0169971671388102
106 0.6673839820359282 0.6603714195782184 0.012911676646706586 0.02077431539187913
44 0.592627245508982 0.45766446333018573 0.014970059880239521 0.02077431539187913
22 0.6443675149700598 0.3153918791312559 0.008794910179640719 0.021403840100723954
13 0.4646332335329341 0.5779036827195467 0.0037425149700598802 0.006295247088448221
6 0.610310628742515 0.5199874095058231 0.009169161676646706 0.013849543594586088
211 0.8460890718562875 0.5081838212149827 0.0061751497005988025 0.017311929493232608
143 0.7745134730538922 0.5585457979225684 0.010104790419161677 0.014793830657853321
22 0.25748502994011974 0.5531948378973874 0.010853293413173653 0.021089077746301543
13 0.406811377245509 0.56657223796034 0.008233532934131737 0.021403840100723954
224 0.1750561377245509 0.555870317909978 0.009917664670658683 0.0169971671388102
7 0.7424214071856288 0.5802644003777149 0.011414670658682635 0.01794145420207743
7 0.6679453592814372 0.6405413912496065 0.009169161676646706 0.0169971671388102
211 0.594685628742515 0.6011960969468052 0.0074850299401197605 0.019515265974189486
200 0.7273577844311377 0.6192949323260938 0.007110778443113772 0.012905256531318854
7 0.5904752994011976 0.47875354107648727 0.009169161676646706 0.019515265974189486
99 0.43609655688622756 0.5649984261882279 0.003929640718562874 0.009442870632672332
185 0.2936002994011976 0.42854894554611267 0.010479041916167664 0.01794145420207743
13 0.27984655688622756 0.5739691532892666 0.009169161676646706 0.019200503619767075
200 0.7617889221556886 0.5379288637079005 0.007859281437125748 0.012590494176896443
22 0.6394086826347305 0.6208687440982058 0.0093562874251497 0.018570978910922253
149 0.5327470059880239 0.6408561536040289 0.010104790419161677 0.015738117721120555
149 0.5509917664670658 0.517626691847655 0.011040419161676647 0.02045955303745672
7 0.25093562874251496 0.3915643689014794 0.009730538922155689 0.02077431539187913
7 0.6009543413173652 0.5587031790997796 0.009543413173652695 0.018885741265344664
106 0.6833832335329342 0.33648095687755747 0.01122754491017964 0.013220018885741265
118 0.8567552395209581 0.48583569405099153 0.011414670658682635 0.01794145420207743
200 0.8328031437125748 0.6548630783758262 0.006923652694610778 0.019200503619767075
185 0.14399326347305388 0.617878501731193 0.012911676646706586 0.018885741265344664
211 0.35273203592814373 0.5276990871891721 0.00561377245508982 0.02045955303745672
224 0.20574476047904192 0.6772112055398174 0.008794910179640719 0.02045955303745672
211 0.7180950598802395 0.4370475291155178 0.003555389221556886 0.014164305949008499
7 0.3729416167664671 0.6114258734655336 0.008982035928143712 0.021718602455146365
13 0.11124625748502993 0.5983632357570035 0.009543413173652695 0.02014479068303431
110 0.6023577844311377 0.5991501416430595 0.009730538922155689 0.017311929493232608
176 0.27058383233532934 0.6561221277935159 0.01122754491017964 0.019830028328611898
224 0.6777694610778443 0.39817437834435 0.006736526946107785 0.012590494176896443
149 0.3086639221556886 0.4700975763298709 0.011788922155688622 0.021718602455146365
200 0.3143712574850299 0.4910292728989613 0.008607784431137725 0.01762669184765502
176 0.37350299401197606 0.6336166194523135 0.008233532934131737 0.01762669184765502
200 0.765999251497006 0.558231035568146 0.008420658682634731 0.012905256531318854
160 0.6155501497005988 0.539030531948379 0.011414670658682635 0.022348127163991188
22 0.10862649700598802 0.5171545483160214 0.011788922155688622 0.015738117721120555
118 0.8193300898203593 0.49039974819011645 0.011414670658682635 0.02077431539187913
149 0.39595808383233533 0.48489140698772426 0.010479041916167664 0.02045955303745672
160 0.7273577844311377 0.5179414542020774 0.010104790419161677 0.016052880075542966
211 0.8212013473053892 0.6139439723009128 0.003929640718562874 0.014793830657853321
200 0.312125748502994 0.42823418319169027 0.009730538922155689 0.01668240478438779
224 0.780127245508982 0.6595845136921624 0.008607784431137725 0.022348127163991188
176 0.3082896706586826 0.572710103871577 0.01066616766467066 0.02297765187283601
160 0.6645770958083832 0.47875354107648727 0.009169161676646706 0.015108593012275733
211 0.8688248502994012 0.6107963487566886 0.002619760479041916 0.007869058860560278
160 0.34861526946107785 0.5920679886685553 0.008607784431137725 0.016367642429965377
7 0.6493263473053892 0.5393452943028014 0.008982035928143712 0.019830028328611898
200 0.6516654191616766 0.6395971041863393 0.009543413173652695 0.0169971671388102
13 0.5417290419161677 0.2836008813345924 0.012724550898203593 0.0226628895184136
7 0.09468562874251497 0.6633616619452314 0.0093562874251497 0.018570978910922253
7 0.33495508982035926 0.5494176896443186 0.010104790419161677 0.019200503619767075
200 0.7848053892215568 0.5791627321372363 0.010479041916167664 0.019515265974189486
176 0.33682634730538924 0.6340887629839471 0.0093562874251497 0.023607176581680833
224 0.19900823353293412 0.6773685867170286 0.007672155688622754 0.011960969468051622
22 0.36386601796407186 0.5698772426817753 0.008420658682634731 0.019830028328611898
7 0.6693488023952096 0.5404469625432798 0.010104790419161677 0.01825621655649984
200 0.28854790419161674 0.655492603084671 0.0074850299401197605 0.012275731822474031
118 0.6115269461077845 0.5999370475291155 0.010479041916167664 0.018885741265344664
211 0.6945172155688623 0.6394397230091281 0.004303892215568862 0.014164305949008499
118 0.5382672155688623 0.5173119294932326 0.01403443113772455 0.021089077746301543
224 0.20770958083832336 0.3718917217500787 0.010104790419161677 0.022348127163991188
118 0.1565306886227545 0.5977337110481586 0.012163173652694611 0.021403840100723954
185 0.7674026946107785 0.5793201133144475 0.008233532934131737 0.019200503619767075
13 0.344124251497006 0.5273843248347497 0.0093562874251497 0.018570978910922253
76 0.16757110778443113 0.5994649039974819 0.012163173652694611 0.03871576959395656
22 0.1963884730538922 0.617091595845137 0.008794910179640719 0.016052880075542966
119 0.8297155688622755 0.3465533522190746 0.008233532934131737 0.018885741265344664
118 0.16972305389221556 0.6369216241737489 0.01122754491017964 0.02045955303745672
200 0.2472866766467066 0.574283915643689 0.007672155688622754 0.013534781240163676
176 0.39549026946107785 0.6090651558073654 0.009543413173652695 0.0226628895184136
118 0.5695172155688623 0.6606861819326408 0.012537425149700599 0.018885741265344664
7 0.2775074850299401 0.45011016682404786 0.008233532934131737 0.01825621655649984
118 0.8466504491017964 0.4449165879760781 0.011040419161676647 0.02045955303745672
185 0.5592252994011976 0.4979540446962543 0.013660179640718563 0.02014479068303431
32 0.36424026946107785 0.6131570664148568 0.009169161676646706 0.0226628895184136
22 0.1215381736526946 0.5975763298709474 0.009169161676646706 0.02297765187283601
7 0.688248502994012 0.6008813345923828 0.008982035928143712 0.02014479068303431
200 0.5328405688622755 0.620239219389361 0.008420658682634731 0.012275731822474031
7 0.13267215568862276 0.5553981743783444 0.008607784431137725 0.013534781240163676
119 0.6453967065868264 0.5805791627321373 0.010104790419161677 0.02045955303745672
58 0.8040793413173652 0.3879446018256217 0.017964071856287425 0.02045955303745672
224 0.4654752994011976 0.5648410450110167 0.003929640718562874 0.0066100094428706326
99 0.27245508982035926 0.5311614730878187 0.0074850299401197605 0.01794145420207743
99 0.6787050898203593 0.5387157695939566 0.007859281437125748 0.021718602455146365
200 0.09870883233532934 0.45876613157066415 0.007297904191616767 0.012275731822474031
32 0.20508982035928144 0.6174063581995594 0.010479041916167664 0.018570978910922253
7 0.44563997005988026 0.5768020144790683 0.003181137724550898 0.0066100094428706326
211 0.13604041916167664 0.617878501731193 0.0037425149700598802 0.016367642429965377
185 0.1650449101796407 0.4948064211520302 0.010853293413173653 0.0169971671388102
22 0.7802208083832335 0.5358829084041549 0.007672155688622754 0.01794145420207743
211 0.16401571856287425 0.5325779036827195 0.007672155688622754 0.018885741265344664
200 0.7271706586826348 0.6013534781240164 0.007859281437125748 0.012275731822474031
200 0.2121070359281437 0.555870317909978 0.009169161676646706 0.01825621655649984
32 0.7518712574850299 0.5797922568460812 0.010104790419161677 0.0169971671388102
13 0.22642215568862276 0.5544538873150772 0.009730538922155689 0.022348127163991188
106 0.7368076347305389 0.5171545483160214 0.013285928143712575 0.01825621655649984
99 0.6924588323353293 0.620239219389361 0.006923652694610778 0.014164305949008499
200 0.6369760479041916 0.3374252439408247 0.008233532934131737 0.012590494176896443
32 0.09908308383233533 0.4771797293043752 0.009543413173652695 0.013220018885741265
22 0.592627245508982 0.5583884167453572 0.008607784431137725 0.019515265974189486
7 0.8585329341317365 0.5306893295561851 0.008982035928143712 0.022033364809568776
76 0.5409805389221557 0.5788479697828139 0.011601796407185628 0.032735284859930755
118 0.1974176646706587 0.4523135033050047 0.01122754491017964 0.018885741265344664
7 0.2502806886227545 0.49071451054453885 0.009169161676646706 0.015738117721120555
22 0.7073353293413174 0.4176896443185395 0.008607784431137725 0.0169971671388102
149 0.6230351796407185 0.6016682404784388 0.011414670658682635 0.018570978910922253
119 0.20134730538922155 0.3918791312559018 0.010479041916167664 0.02014479068303431
224 0.7679640718562875 0.6181932640856154 0.008982035928143712 0.019515265974189486
176 0.7979041916167665 0.4093484419263456 0.01122754491017964 0.021089077746301543
13 0.22520583832335328 0.3906200818382122 0.009543413173652695 0.018885741265344664
118 0.718188622754491 0.39691532892666037 0.011976047904191617 0.019515265974189486
211 0.27385853293413176 0.4697828139754485 0.00654940119760479 0.019830028328611898
149 0.6788922155688623 0.5816808309726157 0.012350299401197605 0.019515265974189486
149 0.22417664670658682 0.5135347812401637 0.011601796407185628 0.02045955303745672
160 0.10965568862275449 0.6213408876298395 0.011601796407185628 0.01762669184765502
7 0.7935067365269461 0.449480642115203 0.01029191616766467 0.015738117721120555
13 0.6334206586826348 0.45923827510229775 0.010104790419161677 0.01762669184765502
200 0.38201721556886226 0.6518728360088133 0.008046407185628742 0.013849543594586088
22 0.31717814371257486 0.5720805791627321 0.006736526946107785 0.012905256531318854
13 0.37331586826347307 0.6515580736543909 0.008982035928143712 0.0169971671388102
211 0.21734655688622753 0.6556499842618823 0.005426646706586827 0.02077431539187913
7 0.6236901197604791 0.3574126534466478 0.008982035928143712 0.015423355366698142
118 0.7998690119760479 0.5324205225055083 0.011040419161676647 0.018570978910922253
149 0.6607410179640718 0.45876613157066415 0.0093562874251497 0.014793830657853321
119 0.26684131736526945 0.4710418633931382 0.0093562874251497 0.018570978910922253
200 0.20162799401197604 0.5761724897702235 0.008420658682634731 0.013534781240163676
211 0.10544535928143713 0.5780610638967579 0.00280688622754491 0.014164305949008499
110 0.2904191616766467 0.552880075542965 0.008982035928143712 0.021718602455146365
76 0.6748690119760479 0.48127163991186656 0.012163173652694611 0.04343720491029273
224 0.5647455089820359 0.6400692477179729 0.011976047904191617 0.014793830657853321
7 0.24869011976047903 0.34907145105445386 0.010853293413173653 0.022033364809568776
118 0.2402694610778443 0.4112370160528801 0.01347305389221557 0.019830028328611898
224 0.734375 0.43405728674850486 0.011040419161676647 0.02014479068303431
13 0.6168600299401198 0.45876613157066415 0.011788922155688622 0.02045955303745672
211 0.6954528443113772 0.37692791942083725 0.00654940119760479 0.016052880075542966
99 0.27049026946107785 0.4513692162417375 0.007672155688622754 0.02077431539187913
200 0.7804079341317365 0.43028013849543595 0.011040419161676647 0.019515265974189486
22 0.8043600299401198 0.43075228202706956 0.01029191616766467 0.02045955303745672
118 0.6303330838323353 0.4192634560906516 0.011414670658682635 0.02014479068303431
7 0.8386976047904192 0.5084985835694051 0.010479041916167664 0.01668240478438779
106 0.2128555389221557 0.5760151085930123 0.012537425149700599 0.02077431539187913
149 0.14464820359281438 0.6790997796663519 0.008982035928143712 0.013534781240163676
119 0.718001497005988 0.5182562165564999 0.010479041916167664 0.018570978910922253
149 0.671126497005988 0.3374252439408247 0.01029191616766467 0.016367642429965377
200 0.16663547904191617 0.6783128737802959 0.009917664670658683 0.01825621655649984
118 0.5641841317365269 0.28297135662574757 0.012350299401197605 0.02644003777148253
118 0.6684131736526946 0.5214038401007239 0.011976047904191617 0.018570978910922253
119 0.3874438622754491 0.4656909033679572 0.009543413173652695 0.019830028328611898
224 0.6204154191616766 0.6402266288951841 0.009169161676646706 0.016367642429965377
118 0.3187687125748503 0.50912810827825 0.009169161676646706 0.015423355366698142
110 0.6817926646706587 0.6004091910607491 0.011040419161676647 0.019830028328611898
58 0.7154752994011976 0.6019830028328612 0.012911676646706586 0.022348127163991188
200 0.6012350299401198 0.39927604658482846 0.010104790419161677 0.019200503619767075
7 0.2748877245508982 0.5535096002518098 0.012350299401197605 0.021718602455146365
160 0.4117702095808383 0.6303116147308782 0.009543413173652695 0.02297765187283601
32 0.25149700598802394 0.5110166824047844 0.0093562874251497 0.019830028328611898
13 0.2616953592814371 0.5731822474032106 0.01029191616766467 0.02077431539187913
7 0.29986901197604793 0.6750078690588606 0.009917664670658683 0.022348127163991188
149 0.6866579341317365 0.6397544853635505 0.01066616766467066 0.017311929493232608
22 0.6926459580838323 0.45845136921624174 0.009543413173652695 0.019830028328611898
200 0.6569049401197605 0.5203021718602455 0.009917664670658683 0.019515265974189486
176 0.8302769461077845 0.5097576329870948 0.011976047904191617 0.018570978910922253
224 0.8380426646706587 0.5525653131885426 0.011040419161676647 0.018570978910922253
13 0.09534056886227545 0.4982688070506767 0.01066616766467066 0.0169971671388102
13 0.1806699101796407 0.6381806735914385 0.01029191616766467 0.019200503619767075
22 0.8258794910179641 0.6553352219074599 0.008794910179640719 0.02329241422725842
106 0.18272829341317365 0.49323260937991814 0.012537425149700599 0.01762669184765502
13 0.17318488023952097 0.5763298709474347 0.008046407185628742 0.02014479068303431
200 0.7015344311377245 0.6389675794774945 0.007859281437125748 0.012590494176896443
160 0.1691616766467066 0.5140069247717973 0.010104790419161677 0.02014479068303431
176 0.44854041916167664 0.558231035568146 0.0048652694610778445 0.0066100094428706326
200 0.0967440119760479 0.6007239534151716 0.008982035928143712 0.012275731822474031
118 0.2502806886227545 0.6158325464274472 0.01403443113772455 0.019830028328611898
224 0.7919161676646707 0.5553981743783444 0.0093562874251497 0.021089077746301543
118 0.2757297904191617 0.34907145105445386 0.01066616766467066 0.018885741265344664
7 0.5798091317365269 0.5187283600881335 0.008794910179640719 0.016367642429965377
224 0.35497754491017963 0.6323575700346239 0.0074850299401197605 0.01825621655649984
200 0.7594498502994012 0.6189801699716714 0.007672155688622754 0.019200503619767075
22 0.7508420658682635 0.6578533207428392 0.009169161676646706 0.019515265974189486
200 0.6348241017964071 0.5402895813660686 0.008420658682634731 0.01794145420207743
13 0.2601983532934132 0.61488825936418 0.009169161676646706 0.01794145420207743
106 0.2525261976047904 0.675322631413283 0.011788922155688622 0.017311929493232608
160 0.21734655688622753 0.37126219704123387 0.009917664670658683 0.022348127163991188
22 0.2712387724550898 0.5745986779981114 0.007297904191616767 0.019200503619767075
119 0.7769461077844312 0.4735599622285175 0.011601796407185628 0.021718602455146365
211 0.7608532934131736 0.6391249606547057 0.0048652694610778445 0.01794145420207743
211 0.6467065868263473 0.43909348441926344 0.00561377245508982 0.019515265974189486
149 0.6834767964071856 0.45923827510229775 0.012537425149700599 0.0226628895184136
106 0.24588323353293412 0.32813975448536353 0.012350299401197605 0.02045955303745672
22 0.6538173652694611 0.33931381806735916 0.008607784431137725 0.02014479068303431
22 0.156062874251497 0.24110796348756688 0.0074850299401197605 0.01447906830343091
99 0.2847118263473054 0.3892036512433113 0.009543413173652695 0.02297765187283601
110 0.25795284431137727 0.3492288322316651 0.007672155688622754 0.02045955303745672
224 0.6394086826347305 0.5203021718602455 0.008982035928143712 0.01762669184765502
119 0.6889970059880239 0.5812086874409821 0.010479041916167664 0.018570978910922253
13 0.22296032934131738 0.49244570349386213 0.01066616766467066 0.02045955303745672
7 0.3684505988023952 0.48788164935473716 0.01122754491017964 0.01825621655649984
118 0.8338323353293413 0.3668555240793201 0.013847305389221557 0.02045955303745672
118 0.7263285928143712 0.45703493862134087 0.011414670658682635 0.023921938936103244
44 0.22688997005988024 0.4120239219389361 0.01403443113772455 0.01447906830343091
224 0.8710703592814372 0.6114258734655336 0.002245508982035928 0.0066100094428706326
149 0.297249251497006 0.5738117721120554 0.01066616766467066 0.019515265974189486
149 0.7091130239520959 0.4368901479383066 0.01066616766467066 0.01447906830343091
7 0.6625187125748503 0.4400377714825307 0.011040419161676647 0.02014479068303431
224 0.24195359281437126 0.3718917217500787 0.010104790419161677 0.018570978910922253
200 0.14586452095808383 0.5978910922253698 0.01029191616766467 0.019200503619767075
224 0.17617889221556887 0.6797293043751967 0.009917664670658683 0.022348127163991188
13 0.2096744011976048 0.533679571923198 0.01066616766467066 0.022348127163991188
176 0.1347305389221557 0.5982058545797923 0.010479041916167664 0.019830028328611898
200 0.6303330838323353 0.5601196096946806 0.008794910179640719 0.01794145420207743
119 0.5437874251497006 0.5594900849858357 0.008982035928143712 0.018570978910922253
7 0.2148203592814371 0.4118665407617249 0.010104790419161677 0.019830028328611898
160 0.5417290419161677 0.5989927604658483 0.011976047904191617 0.016367642429965377
22 0.31352919161676646 0.5305319483789739 0.006923652694610778 0.019200503619767075
22 0.34646332335329344 0.612527541706012 0.009543413173652695 0.01825621655649984
176 0.6932073353293413 0.35646836638338053 0.008420658682634731 0.012905256531318854
224 0.18001497005988024 0.6175637393767706 0.008233532934131737 0.0169971671388102
7 0.19180389221556887 0.4128108278249921 0.01122754491017964 0.02045955303745672
118 0.23605913173652696 0.5736543909348442 0.013660179640718563 0.02297765187283601
58 0.12705838323353294 0.618665407617249 0.016841317365269462 0.017311929493232608
13 0.4040980538922156 0.4431853950267548 0.011040419161676647 0.0169971671388102
211 0.2624438622754491 0.6743783443500158 0.005052395209580838 0.021089077746301543
211 0.5331212574850299 0.5801070192005037 0.005988023952095809 0.02077431539187913
22 0.5409805389221557 0.6587976078061064 0.008607784431137725 0.015108593012275733
160 0.5834580838323353 0.5797922568460812 0.011601796407185628 0.018885741265344664
200 0.5959019461077845 0.6218130311614731 0.01066616766467066 0.017311929493232608
211 0.2752619760479042 0.5086559647466163 0.005239520958083832 0.01762669184765502
44 0.8399139221556886 0.3855838841674536 0.012911676646706586 0.0169971671388102
118 0.1186377245508982 0.5352533836953101 0.011601796407185628 0.021718602455146365
119 0.6283682634730539 0.37928863707900534 0.0093562874251497 0.0169971671388102
118 0.3280314371257485 0.653918791312559 0.01122754491017964 0.019830028328611898
149 0.6578405688622755 0.37944601825621654 0.011788922155688622 0.02045955303745672
185 0.1875 0.6185080264400378 0.010853293413173653 0.01762669184765502
99 0.32952844311377244 0.6345609065155807 0.005239520958083832 0.01825621655649984
118 0.5971182634730539 0.539030531948379 0.010104790419161677 0.01668240478438779
118 0.7934131736526946 0.43075228202706956 0.013847305389221557 0.021718602455146365
224 0.5710142215568862 0.5187283600881335 0.009543413173652695 0.01762669184765502
200 0.5625935628742516 0.6221277935158955 0.011414670658682635 0.019200503619767075
200 0.7192178143712575 0.6395971041863393 0.008046407185628742 0.011960969468051622
160 0.2623502994011976 0.5328926660371419 0.010104790419161677 0.019515265974189486
200 0.7999625748502994 0.5121183506452628 0.010479041916167664 0.018885741265344664
149 0.26038547904191617 0.6556499842618823 0.012163173652694611 0.02077431539187913
6 0.7704902694610778 0.5350960025180989 0.008794910179640719 0.02077431539187913
58 0.6617702095808383 0.6011960969468052 0.01403443113772455 0.01447906830343091
58 0.5746631736526946 0.5393452943028014 0.01347305389221557 0.019830028328611898
6 0.5799026946107785 0.6595845136921624 0.008607784431137725 0.012905256531318854
13 0.6390344311377245 0.5018885741265344 0.012350299401197605 0.02297765187283601
119 0.7147267964071856 0.47922568460812087 0.008794910179640719 0.018570978910922253
13 0.8735029940119761 0.6111111111111112 0.0033682634730538923 0.007239534151715455
185 0.7753555389221557 0.4937047529115518 0.011788922155688622 0.01794145420207743
224 0.6504491017964071 0.6019830028328612 0.010104790419161677 0.01794145420207743
119 0.2532747005988024 0.5945860875039345 0.009169161676646706 0.021403840100723954
106 0.6271519461077845 0.5799496380232925 0.011788922155688622 0.022348127163991188
99 0.6017964071856288 0.4376770538243626 0.006736526946107785 0.021089077746301543
7 0.2434505988023952 0.5338369531004092 0.010104790419161677 0.018885741265344664
22 0.8211077844311377 0.4288637079005351 0.009730538922155689 0.019830028328611898
185 0.4039109281437126 0.4628580421781555 0.01066616766467066 0.019830028328611898
211 0.42458832335329344 0.607176581680831 0.004116766467065869 0.015108593012275733
118 0.3375748502994012 0.6137865911237016 0.010853293413173653 0.021403840100723954
13 0.09627619760479042 0.5372993389990557 0.013660179640718563 0.018885741265344664
99 0.34449850299401197 0.547529115517784 0.005239520958083832 0.021718602455146365
224 0.8392589820359282 0.4889833175952156 0.007859281437125748 0.01794145420207743
200 0.45827095808383234 0.5763298709474347 0.002619760479041916 0.0056657223796034
200 0.18993263473053892 0.5350960025180989 0.008982035928143712 0.022033364809568776
119 0.2651571856287425 0.5541391249606548 0.010104790419161677 0.021718602455146365
44 0.10535179640718563 0.6427447277305635 0.012350299401197605 0.0169971671388102
118 0.15727919161676646 0.6773685867170286 0.01066616766467066 0.02077431539187913
13 0.8700411676646707 0.46506137865911235 0.009543413173652695 0.02045955303745672
99 0.7190306886227545 0.6213408876298395 0.007297904191616767 0.01762669184765502
224 0.3775261976047904 0.48709474346868115 0.008420658682634731 0.02045955303745672
118 0.9035366766467066 0.34214667925716086 0.00467814371257485 0.007554296506137866
106 0.8172717065868264 0.40824677368586715 0.011040419161676647 0.02014479068303431
200 0.23222305389221556 0.37000314762354425 0.008607784431137725 0.021718602455146365
185 0.7112649700598802 0.35410764872521244 0.011976047904191617 0.0226628895184136
99 0.8098802395209581 0.5541391249606548 0.008233532934131737 0.021718602455146365
99 0.18029565868263472 0.4542020774315392 0.006923652694610778 0.0169971671388102
22 0.5726047904191617 0.4765502045955304 0.008233532934131737 0.0226628895184136
13 0.9054079341317365 0.6022977651872836 0.005052395209580838 0.0066100094428706326
118 0.7380239520958084 0.5379288637079005 0.011976047904191617 0.018885741265344664
200 0.8276571856287425 0.40698772426817753 0.0074850299401197605 0.0113314447592068
22 0.6731848802395209 0.6011960969468052 0.007672155688622754 0.011960969468051622
32 0.2775074850299401 0.6134718287692792 0.009730538922155689 0.01762669184765502
224 0.6461452095808383 0.3372678627636135 0.006736526946107785 0.012275731822474031
200 0.6483907185628742 0.6622599937047529 0.010853293413173653 0.02329241422725842
149 0.8191429640718563 0.386685552407932 0.009169161676646706 0.019200503619767075
119 0.1904940119760479 0.5749134403525339 0.010104790419161677 0.019830028328611898
7 0.6366953592814372 0.37850173119294933 0.008794910179640719 0.013534781240163676
200 0.34524700598802394 0.6340887629839471 0.008233532934131737 0.019200503619767075
99 0.6488585329341318 0.4186339313818067 0.005052395209580838 0.013220018885741265
200 0.7841504491017964 0.6391249606547057 0.008420658682634731 0.01794145420207743
200 0.23905314371257486 0.4510544538873151 0.009169161676646706 0.018885741265344664
211 0.7855538922155688 0.4513692162417375 0.004491017964071856 0.016367642429965377
160 0.7282934131736527 0.5805791627321373 0.0093562874251497 0.015423355366698142
119 0.3159618263473054 0.6131570664148568 0.008046407185628742 0.018885741265344664
160 0.18291541916167664 0.4734025810513063 0.009543413173652695 0.02014479068303431
224 0.4409618263473054 0.56657223796034 0.0024326347305389222 0.006295247088448221
118 0.8108158682634731 0.5116462071136292 0.010853293413173653 0.01794145420207743
7 0.6824476047904192 0.4187913125590179 0.010479041916167664 0.021089077746301543
185 0.23362649700598803 0.6559647466163047 0.009917664670658683 0.021403840100723954
149 0.5534244011976048 0.28485993075228205 0.012163173652694611 0.021403840100723954
22 0.8174588323353293 0.45026754800125907 0.009543413173652695 0.021718602455146365
211 0.7977170658682635 0.5949008498583569 0.005988023952095809 0.019515265974189486
200 0.38557260479041916 0.5679886685552408 0.007672155688622754 0.018570978910922253
7 0.5791541916167665 0.60182562165565 0.011976047904191617 0.019515265974189486
32 0.5421032934131736 0.26078061063896757 0.008982035928143712 0.02045955303745672
224 0.6602732035928144 0.6408561536040289 0.008794910179640719 0.01762669184765502
110 0.5999251497005988 0.6594271325149512 0.007859281437125748 0.013849543594586088
7 0.8465568862275449 0.48756688700031475 0.009730538922155689 0.015108593012275733
58 0.8054827844311377 0.45042492917847027 0.015157185628742515 0.02014479068303431
211 0.10469685628742514 0.5982058545797923 0.0061751497005988025 0.019830028328611898
6 0.6969498502994012 0.6015108593012276 0.008420658682634731 0.02014479068303431
99 0.7553330838323353 0.5993075228202707 0.0061751497005988025 0.018885741265344664
13 0.7745134730538922 0.595687755744413 0.010104790419161677 0.019830028328611898
185 0.7359655688622755 0.6373937677053825 0.009730538922155689 0.015738117721120555
200 0.592814371257485 0.4170601196096947 0.009730538922155689 0.018885741265344664
185 0.12041541916167664 0.2584198929807995 0.01066616766467066 0.01762669184765502
22 0.5647455089820359 0.5387157695939566 0.006736526946107785 0.012905256531318854
160 0.29537799401197606 0.3885741265344665 0.012537425149700599 0.021718602455146365
58 0.5802769461077845 0.4970097576329871 0.013847305389221557 0.015108593012275733
118 0.3875374251497006 0.5464274472773056 0.0093562874251497 0.023921938936103244
7 0.7883607784431138 0.4707271010387158 0.0093562874251497 0.013534781240163676
76 0.6303330838323353 0.4800125904941769 0.011414670658682635 0.034623858986465215
32 0.2971556886227545 0.5937991816178785 0.0093562874251497 0.015423355366698142
7 0.250187125748503 0.43090966320428076 0.009730538922155689 0.01825621655649984
176 0.25074850299401197 0.37047529115517785 0.010104790419161677 0.02077431539187913
44 0.5526758982035929 0.6400692477179729 0.014782934131736527 0.019200503619767075
6 0.09796032934131736 0.517626691847655 0.01066616766467066 0.016052880075542966
176 0.359375 0.5267548001259049 0.009169161676646706 0.019830028328611898
110 0.35217065868263475 0.5468995908089392 0.005988023952095809 0.021718602455146365
7 0.26478293413173654 0.4910292728989613 0.010104790419161677 0.018885741265344664
110 0.8100673652694611 0.5322631413282971 0.009730538922155689 0.018885741265344664
106 0.7097679640718563 0.6199244570349386 0.011976047904191617 0.012905256531318854
13 0.1188248502994012 0.21781554926030847 0.0093562874251497 0.01762669184765502
22 0.23203592814371257 0.6161473087818697 0.0074850299401197605 0.014164305949008499
160 0.6200411676646707 0.3803903053194838 0.011788922155688622 0.018570978910922253
44 0.2720808383233533 0.6355051935788479 0.014595808383233533 0.018885741265344664
200 0.1346369760479042 0.25920679886685555 0.008046407185628742 0.01794145420207743
99 0.7513098802395209 0.6189801699716714 0.005988023952095809 0.014164305949008499
8 0.6509169161676647 0.31696569090336796 0.0061751497005988025 0.02077431539187913
118 0.44245883233532934 0.5766446333018571 0.003181137724550898 0.006295247088448221
7 0.876122754491018 0.610324205225055 0.002245508982035928 0.006295247088448221
22 0.8386040419161677 0.5311614730878187 0.008794910179640719 0.019830028328611898
7 0.12116392215568862 0.5777463015423355 0.012537425149700599 0.015423355366698142
13 0.5500561377245509 0.5993075228202707 0.01029191616766467 0.015738117721120555
200 0.25720434131736525 0.4705697198615046 0.008420658682634731 0.01762669184765502
160 0.7169723053892215 0.37503934529430283 0.012537425149700599 0.01794145420207743
118 0.6055389221556886 0.45845136921624174 0.011601796407185628 0.01794145420207743
58 0.8938997005988024 0.6089077746301542 0.0037425149700598802 0.007239534151715455
58 0.7401758982035929 0.6565942713251495 0.013285928143712575 0.012590494176896443
7 0.8308383233532934 0.4464903997481901 0.009730538922155689 0.021718602455146365
224 0.25065494011976047 0.6580107019200504 0.011040419161676647 0.02045955303745672
13 0.27376497005988026 0.41060749134403524 0.010104790419161677 0.018570978910922253
106 0.23942739520958084 0.431853950267548 0.012537425149700599 0.01762669184765502
224 0.28190494011976047 0.5544538873150772 0.008794910179640719 0.021089077746301543
211 0.639689371257485 0.5003147623544224 0.009543413173652695 0.018570978910922253
211 0.2933196107784431 0.61488825936418 0.00467814371257485 0.019200503619767075
58 0.827563622754491 0.5335221907459868 0.013285928143712575 0.019515265974189486
44 0.34075598802395207 0.6536040289581366 0.014595808383233533 0.01794145420207743
44 0.8675149700598802 0.3067359143846396 0.01309880239520958 0.012905256531318854
185 0.6497941616766467 0.4603399433427762 0.011414670658682635 0.018570978910922253
106 0.6984468562874252 0.5203021718602455 0.012911676646706586 0.02077431539187913
22 0.7712387724550899 0.6578533207428392 0.01029191616766467 0.019515265974189486
7 0.39511601796407186 0.5875039345294303 0.008794910179640719 0.02045955303745672
44 0.40465943113772457 0.40478438778722065 0.01440868263473054 0.022033364809568776
13 0.6236901197604791 0.4398803903053195 0.0093562874251497 0.01794145420207743
22 0.7906998502994012 0.408876298394712 0.008794910179640719 0.02014479068303431
118 0.6598989520958084 0.5399748190116462 0.011414670658682635 0.018570978910922253
118 0.8151197604790419 0.6553352219074599 0.012350299401197605 0.018885741265344664
118 0.44872754491017963 0.5768020144790683 0.004116766467065869 0.0066100094428706326
200 0.6966691616766467 0.5412338684293359 0.007859281437125748 0.021089077746301543
224 0.9002619760479041 0.3051621026125275 0.008607784431137725 0.02297765187283601
118 0.4177582335329341 0.40557129367327666 0.011788922155688622 0.02045955303745672
119 0.8389782934131736 0.34435001573811774 0.01029191616766467 0.02014479068303431
99 0.7290419161676647 0.5601196096946806 0.006736526946107785 0.01794145420207743
211 0.3792103293413174 0.5873465533522191 0.008420658682634731 0.02014479068303431
160 0.5444423652694611 0.5388731507711678 0.011040419161676647 0.019515265974189486
119 0.25757859281437123 0.3290840415486308 0.008420658682634731 0.021089077746301543
200 0.8145583832335329 0.3663833805476865 0.007859281437125748 0.012590494176896443
119 0.8234468562874252 0.447906830343091 0.008794910179640719 0.018885741265344664
118 0.2346556886227545 0.6770538243626062 0.009730538922155689 0.018885741265344664
13 0.6133982035928144 0.419578218445074 0.007110778443113772 0.02077431539187913
32 0.5823353293413174 0.4796978281397545 0.010104790419161677 0.0226628895184136
211 0.2866766467065868 0.5322631413282971 0.0048652694610778445 0.0169971671388102
22 0.13604041916167664 0.6794145420207743 0.007859281437125748 0.012905256531318854
200 0.3945546407185629 0.42429965376141016 0.008046407185628742 0.01825621655649984
6 0.38604041916167664 0.48536355051935787 0.0093562874251497 0.01825621655649984
200 0.5578218562874252 0.660056657223796 0.0093562874251497 0.0169971671388102
211 0.8349550898203593 0.4066729619137551 0.005988023952095809 0.018885741265344664
32 0.5692365269461078 0.6011960969468052 0.009730538922155689 0.019515265974189486
211 0.1660741017964072 0.5764872521246459 0.005426646706586827 0.017311929493232608
7 0.8088510479041916 0.4913440352533837 0.01066616766467066 0.019515265974189486
13 0.09477919161676647 0.6414856783128737 0.011788922155688622 0.019515265974189486
224 0.2030314371257485 0.554296506137866 0.008233532934131737 0.016367642429965377
7 0.3866953592814371 0.609537299338999 0.008420658682634731 0.021089077746301543
200 0.7252994011976048 0.4378344350015738 0.008607784431137725 0.02014479068303431
58 0.6509169161676647 0.561221277935159 0.01403443113772455 0.018885741265344664
22 0.34215943113772457 0.5719231979855209 0.008420658682634731 0.021403840100723954
200 0.6776758982035929 0.6603714195782184 0.009917664670658683 0.019515265974189486
176 0.4350673652694611 0.5782184450739691 0.0029940119760479044 0.006924771797293044
6 0.1311751497005988 0.23906200818382123 0.008233532934131737 0.01668240478438779
224 0.24251497005988024 0.3904627006610009 0.008982035928143712 0.02045955303745672
22 0.6311751497005988 0.4403525338369531 0.008233532934131737 0.019515265974189486
58 0.3747193113772455 0.5690903367957192 0.013285928143712575 0.01762669184765502
7 0.218562874251497 0.533679571923198 0.0093562874251497 0.021089077746301543
224 0.6802956586826348 0.43940824677368584 0.008794910179640719 0.0169971671388102
44 0.16654191616766467 0.2415801070192005 0.011976047904191617 0.012905256531318854
224 0.3093188622754491 0.6728045325779037 0.008982035928143712 0.019200503619767075
160 0.8921220059880239 0.30547686496695 0.006923652694610778 0.024866225999370474
7 0.6990082335329342 0.336166194523135 0.009169161676646706 0.013849543594586088
13 0.1123690119760479 0.5772741580107019 0.008420658682634731 0.018885741265344664
58 0.6283682634730539 0.4996852376455776 0.01347305389221557 0.014793830657853321
224 0.6119947604790419 0.560434372049103 0.011414670658682635 0.021718602455146365
119 0.5531437125748503 0.5607491344035254 0.010104790419161677 0.01794145420207743
118 0.23867889221556887 0.34985835694050993 0.012537425149700599 0.02297765187283601
224 0.8838884730538922 0.34261882278879446 0.0020583832335329343 0.0066100094428706326
118 0.672623502994012 0.4183191690273843 0.012163173652694611 0.02014479068303431
22 0.5806511976047904 0.45908089392508655 0.010853293413173653 0.021089077746301543
32 0.6786115269461078 0.37913125590179414 0.01029191616766467 0.01668240478438779
13 0.7274513473053892 0.4156436890147938 0.009169161676646706 0.019200503619767075
211 0.8511414670658682 0.466320428076802 0.005052395209580838 0.01668240478438779
22 0.32906062874251496 0.5302171860245515 0.007297904191616767 0.021089077746301543
99 0.7468188622754491 0.5174693106704438 0.0074850299401197605 0.015738117721120555
119 0.234187874251497 0.533679571923198 0.008420658682634731 0.021089077746301543
7 0.28022080838323354 0.5311614730878187 0.009169161676646706 0.013534781240163676
44 0.10544535928143713 0.5365124331129997 0.014782934131736527 0.019200503619767075
200 0.4184131736526946 0.6078061063896758 0.008607784431137725 0.02077431539187913
32 0.7370883233532934 0.559017941454202 0.010853293413173653 0.019515265974189486
200 0.7835890718562875 0.5572867485048788 0.008420658682634731 0.021718602455146365
200 0.38360778443113774 0.4449165879760781 0.010853293413173653 0.021718602455146365
149 0.27601047904191617 0.3914069877242682 0.010853293413173653 0.022348127163991188
224 0.32073353293413176 0.4697828139754485 0.011601796407185628 0.022348127163991188
224 0.3688248502994012 0.5470569719861504 0.009730538922155689 0.034623858986465215
224 0.6982597305389222 0.47875354107648727 0.008794910179640719 0.02077431539187913
160 0.7059318862275449 0.5793201133144475 0.009543413173652695 0.019200503619767075
200 0.5366766467065869 0.539817437834435 0.01122754491017964 0.02077431539187913
149 0.33935254491017963 0.6735914384639597 0.009543413173652695 0.019515265974189486
160 0.8108158682634731 0.42823418319169027 0.008982035928143712 0.01794145420207743
6 0.6861901197604791 0.6603714195782184 0.008982035928143712 0.019515265974189486
110 0.7227732035928144 0.6572237960339944 0.01029191616766467 0.01825621655649984
211 0.7041541916167665 0.5409191060749134 0.005239520958083832 0.018570978910922253
200 0.18693862275449102 0.45310040919106076 0.008233532934131737 0.019200503619767075
200 0.4156062874251497 0.5686181932640856 0.0093562874251497 0.021718602455146365
44 0.7647829341317365 0.5977337110481586 0.013847305389221557 0.018885741265344664
32 0.20181511976047903 0.6381806735914385 0.008794910179640719 0.02045955303745672
32 0.7384917664670658 0.45624803273528486 0.008420658682634731 0.021089077746301543
160 0.7356848802395209 0.5996222851746931 0.01029191616766467 0.019515265974189486
118 0.6298652694610778 0.620239219389361 0.012350299401197605 0.018570978910922253
149 0.31783308383233533 0.673748819641171 0.009543413173652695 0.015423355366698142
32 0.3059505988023952 0.550519357884797 0.010853293413173653 0.02077431539187913
118 0.8677020958083832 0.5072395341517154 0.012350299401197605 0.018570978910922253
22 0.5793413173652695 0.6211835064526283 0.010479041916167664 0.01794145420207743
13 0.7690868263473054 0.5155807365439093 0.011601796407185628 0.019515265974189486
185 0.6757110778443114 0.6191375511488826 0.010853293413173653 0.013849543594586088
