106 0.38912799401197606 0.6635190431224426 0.011040419161676647 0.016367642429965377
22 0.6207896706586826 0.28611898016997167 0.008794910179640719 0.0169971671388102
58 0.5575411676646707 0.307837582625118 0.015157185628742515 0.018885741265344664
44 0.3150261976047904 0.6641485678312874 0.007297904191616767 0.015738117721120555
176 0.26291167664670656 0.28847969782813976 0.008982035928143712 0.01668240478438779
200 0.6520396706586826 0.6828769279194208 0.01066616766467066 0.01668240478438779
32 0.46809505988023953 0.3323890462700661 0.009169161676646706 0.01762669184765502
106 0.6002058383233533 0.369058860560277 0.008420658682634731 0.017311929493232608
106 0.8985778443113772 0.3607176581680831 0.007859281437125748 0.022033364809568776
185 0.6289296407185628 0.2872206484104501 0.007859281437125748 0.016052880075542966
22 0.4392776946107784 0.3327038086244885 0.008420658682634731 0.013849543594586088
7 0.6321107784431138 0.6605288007554296 0.01122754491017964 0.017311929493232608
58 0.10217065868263472 0.23969153289266604 0.010853293413173653 0.01668240478438779
22 0.6018899700598802 0.2872206484104501 0.008046407185628742 0.014793830657853321
7 0.36031062874251496 0.6861819326408561 0.011040419161676647 0.018885741265344664
58 0.3224176646706587 0.2872206484104501 0.013847305389221557 0.017311929493232608
176 0.6211639221556886 0.3068932955618508 0.008794910179640719 0.015108593012275733
22 0.9036302395209581 0.3209002203336481 0.0093562874251497 0.018570978910922253
119 0.31165793413173654 0.6835064526282657 0.009917664670658683 0.014164305949008499
211 0.7275449101796407 0.31114258734655337 0.009730538922155689 0.017311929493232608
149 0.594872754491018 0.2872206484104501 0.005988023952095809 0.014793830657853321
7 0.37949101796407186 0.6639911866540762 0.008982035928143712 0.014164305949008499
160 0.49307634730538924 0.37016052880075545 0.006362275449101796 0.015108593012275733
6 0.2928517964071856 0.6831916902738433 0.007859281437125748 0.014164305949008499
22 0.8368263473053892 0.3273528485993075 0.008982035928143712 0.015738117721120555
7 0.6367889221556886 0.6824047843877872 0.009730538922155689 0.015738117721120555
118 0.71875 0.28769279194208375 0.010479041916167664 0.016367642429965377
106 0.7947230538922155 0.34765502045955304 0.011601796407185628 0.01794145420207743
7 0.28602170658682635 0.762669184765502 0.01066616766467066 0.015738117721120555
224 0.844872754491018 0.32514951211835064 0.008607784431137725 0.01825621655649984
224 0.34309505988023953 0.28769279194208375 0.009169161676646706 0.0169971671388102
58 0.9179453592814372 0.28501731192949326 0.01029191616766467 0.02045955303745672
44 0.27685254491017963 0.30799496380232927 0.01403443113772455 0.014164305949008499
160 0.12135104790419161 0.26109537299339 0.009169161676646706 0.018570978910922253
106 0.8764034431137725 0.28249921309411397 0.01066616766467066 0.016052880075542966
149 0.5339633233532934 0.6968838526912181 0.011040419161676647 0.015738117721120555
110 0.5721369760479041 0.6583254642744728 0.009169161676646706 0.014793830657853321
119 0.5921594311377245 0.34907145105445386 0.008794910179640719 0.0169971671388102
224 0.2950973053892216 0.7640856153604029 0.008607784431137725 0.01794145420207743
99 0.44461077844311375 0.3544224110796349 0.007110778443113772 0.015738117721120555
22 0.25505239520958084 0.29021089077746304 0.008607784431137725 0.01825621655649984
7 0.45172155688622756 0.3526912181303116 0.008607784431137725 0.015423355366698142
200 0.891373502994012 0.2831287378029588 0.006923652694610778 0.02045955303745672
200 0.3344872754491018 0.2872206484104501 0.008794910179640719 0.014164305949008499
13 0.8309318862275449 0.3267233238904627 0.01029191616766467 0.0169971671388102
22 0.5625935628742516 0.6573811772112056 0.008046407185628742 0.014793830657853321
7 0.09187874251497007 0.23953415171545483 0.008982035928143712 0.01447906830343091
7 0.3398203592814371 0.3084671073339629 0.008607784431137725 0.016367642429965377
22 0.5552020958083832 0.3271954674220963 0.0093562874251497 0.01668240478438779
143 0.08982035928143713 0.7184450739691532 0.008607784431137725 0.017311929493232608
32 0.45162799401197606 0.31098520616934217 0.009543413173652695 0.0169971671388102
118 0.5952470059880239 0.32798237330815233 0.011601796407185628 0.016367642429965377
118 0.6613023952095808 0.7027069562480327 0.009730538922155689 0.016052880075542966
211 0.5485591317365269 0.7187598363235757 0.004303892215568862 0.017311929493232608
224 0.45228293413173654 0.37157695939565627 0.0093562874251497 0.012905256531318854
160 0.2848053892215569 0.6828769279194208 0.009730538922155689 0.016052880075542966
58 0.2907934131736527 0.7426817752596789 0.012724550898203593 0.01668240478438779
13 0.8835142215568862 0.2818696883852691 0.007297904191616767 0.015423355366698142
211 0.3004303892215569 0.37126219704123387 0.005426646706586827 0.021718602455146365
110 0.5552020958083832 0.7178155492603084 0.0074850299401197605 0.01668240478438779
200 0.610123502994012 0.3687440982058546 0.011414670658682635 0.015423355366698142
44 0.4436751497005988 0.37157695939565627 0.008607784431137725 0.012905256531318854
118 0.4353480538922156 0.3544224110796349 0.009917664670658683 0.015738117721120555
224 0.29986901197604793 0.7030217186024551 0.009917664670658683 0.015423355366698142
118 0.2691803892215569 0.330815234497954 0.011414670658682635 0.018885741265344664
7 0.13828592814371257 0.26203966005665724 0.015718562874251496 0.019200503619767075
7 0.5331212574850299 0.6778407302486623 0.0093562874251497 0.01794145420207743
106 0.8272829341317365 0.6303116147308782 0.01309880239520958 0.018570978910922253
149 0.5607223053892215 0.6778407302486623 0.011040419161676647 0.016052880075542966
176 0.5433196107784432 0.3264085615360403 0.009169161676646706 0.015738117721120555
118 0.8690119760479041 0.3042178155492603 0.010104790419161677 0.021089077746301543
224 0.8425336826347305 0.2847025495750708 0.009543413173652695 0.01794145420207743
211 0.5305950598802395 0.2865911237016053 0.005052395209580838 0.016052880075542966
13 0.5871070359281437 0.28785017311929495 0.008046407185628742 0.016052880075542966
7 0.42917290419161674 0.2927289896128423 0.009543413173652695 0.01825621655649984
118 0.5232035928143712 0.2869058860560277 0.010479041916167664 0.01668240478438779
22 0.4258046407185629 0.3550519357884797 0.009543413173652695 0.016367642429965377
22 0.11929266467065869 0.7371734340572867 0.008046407185628742 0.0169971671388102
22 0.46126497005988026 0.37094743468681146 0.008233532934131737 0.012275731822474031
58 0.1279004491017964 0.7766761095372994 0.015531437125748502 0.01668240478438779
7 0.4935441616766467 0.3306578533207428 0.008420658682634731 0.016052880075542966
44 0.8488959580838323 0.3046899590808939 0.011788922155688622 0.015738117721120555
211 0.9163547904191617 0.3434057286748505 0.0048652694610778445 0.01825621655649984
58 0.2914483532934132 0.7215926975133774 0.015157185628742515 0.014793830657853321
160 0.8510479041916168 0.28596159899276047 0.007859281437125748 0.017311929493232608
22 0.30164670658682635 0.6836638338054769 0.010479041916167664 0.016367642429965377
7 0.2753555389221557 0.6628895184135978 0.007297904191616767 0.015738117721120555
7 0.8662050898203593 0.26377085300598047 0.006362275449101796 0.0169971671388102
200 0.30772829341317365 0.3722064841045011 0.009917664670658683 0.017311929493232608
118 0.859375 0.6134718287692792 0.011040419161676647 0.02014479068303431
44 0.5363959580838323 0.6561221277935159 0.012163173652694611 0.018570978910922253
22 0.6297717065868264 0.3068932955618508 0.008794910179640719 0.016367642429965377
22 0.7558944610778443 0.28895184135977336 0.008420658682634731 0.01762669184765502
149 0.344124251497006 0.6647780925401322 0.011601796407185628 0.0169971671388102
185 0.42617889221556887 0.31444759206798867 0.008794910179640719 0.015108593012275733
7 0.8678892215568862 0.2831287378029588 0.008982035928143712 0.02045955303745672
200 0.3749064371257485 0.6847655020459553 0.008794910179640719 0.015423355366698142
118 0.6118076347305389 0.28596159899276047 0.01029191616766467 0.013534781240163676
99 0.3827657185628742 0.6844507396915329 0.007672155688622754 0.01668240478438779
185 0.5377058383233533 0.2867485048788165 0.008046407185628742 0.01762669184765502
22 0.3997941616766467 0.6632042807680202 0.01066616766467066 0.0169971671388102
211 0.3101609281437126 0.3289266603714196 0.009543413173652695 0.01762669184765502
13 0.6378181137724551 0.3065785332074284 0.009169161676646706 0.0169971671388102
200 0.11339820359281437 0.26078061063896757 0.007859281437125748 0.016052880075542966
76 0.26422155688622756 0.3493862134088763 0.012724550898203593 0.023921938936103244
160 0.31109655688622756 0.2862763613471829 0.008420658682634731 0.01668240478438779
7 0.9072791916167665 0.3652817123072081 0.009917664670658683 0.013534781240163676
200 0.7412986526946108 0.3317595215612213 0.011040419161676647 0.01762669184765502
7 0.4781062874251497 0.35143216871262195 0.0093562874251497 0.015423355366698142
7 0.09543413173652694 0.7385898646521876 0.007859281437125748 0.01668240478438779
7 0.8832335329341318 0.2615675165250236 0.008233532934131737 0.01762669184765502
106 0.3065119760479042 0.6625747560591754 0.0093562874251497 0.01447906830343091
119 0.2834019461077844 0.663833805476865 0.007297904191616767 0.015738117721120555
211 0.875374251497006 0.26109537299339 0.0093562874251497 0.013534781240163676
7 0.47707709580838326 0.3316021403840101 0.008794910179640719 0.016052880075542966
119 0.5412612275449101 0.6770538243626062 0.008794910179640719 0.016367642429965377
7 0.6048839820359282 0.32530689329556184 0.009169161676646706 0.014164305949008499
13 0.5544535928143712 0.657695939565628 0.008607784431137725 0.01668240478438779
211 0.8357035928143712 0.28611898016997167 0.005239520958083832 0.016367642429965377
6 0.4609842814371258 0.35332074283915643 0.01029191616766467 0.016052880075542966
200 0.48587200598802394 0.37094743468681146 0.007672155688622754 0.012275731822474031
160 0.2912612275449102 0.3287692791942084 0.008420658682634731 0.018570978910922253
200 0.8037986526946108 0.34702549575070823 0.008794910179640719 0.014164305949008499
224 0.29977544910179643 0.3295561850802644 0.009730538922155689 0.01762669184765502
149 0.7485965568862275 0.3120868744098206 0.009543413173652695 0.018570978910922253
32 0.24756736526946108 0.29084041548630785 0.0074850299401197605 0.015108593012275733
7 0.6516654191616766 0.7019200503619767 0.01029191616766467 0.015108593012275733
13 0.48531062874251496 0.330815234497954 0.008420658682634731 0.016367642429965377
211 0.891560628742515 0.3023292414227258 0.005426646706586827 0.016052880075542966
211 0.9142028443113772 0.364494806421152 0.005426646706586827 0.015108593012275733
6 0.7283869760479041 0.28863707900535096 0.008420658682634731 0.01762669184765502
7 0.8509543413173652 0.6339313818067359 0.009169161676646706 0.02014479068303431
7 0.5413547904191617 0.7178155492603084 0.009730538922155689 0.01794145420207743
200 0.6463323353293413 0.306263770853006 0.0074850299401197605 0.015108593012275733
149 0.281437125748503 0.3290840415486308 0.009730538922155689 0.017311929493232608
211 0.9186002994011976 0.3037456720176267 0.00561377245508982 0.0169971671388102
185 0.42084580838323354 0.29367327667610954 0.006736526946107785 0.01762669184765502
13 0.4024139221556886 0.6836638338054769 0.009169161676646706 0.015738117721120555
149 0.6738398203592815 0.6647780925401322 0.011601796407185628 0.016367642429965377
118 0.2560815868263473 0.3095687755744413 0.009543413173652695 0.015423355366698142
224 0.28845434131736525 0.3075228202706956 0.007672155688622754 0.01762669184765502
58 0.8606848802395209 0.6350330500472143 0.013660179640718563 0.01668240478438779
22 0.29023203592814373 0.6636764242996538 0.007110778443113772 0.013534781240163676
118 0.641373502994012 0.7030217186024551 0.01029191616766467 0.016052880075542966
149 0.4571482035928144 0.3322316650928549 0.010853293413173653 0.017311929493232608
106 0.3598428143712575 0.28910922253698457 0.009730538922155689 0.019200503619767075
119 0.8895958083832335 0.26093799181617877 0.007859281437125748 0.021403840100723954
32 0.11031062874251497 0.7384324834749764 0.009169161676646706 0.01825621655649984
44 0.11414670658682635 0.776361347182877 0.014221556886227544 0.01794145420207743
58 0.546687874251497 0.6984576644633302 0.012911676646706586 0.01762669184765502
22 0.27273577844311375 0.2869058860560277 0.009169161676646706 0.01668240478438779
149 0.46070359281437123 0.3098835379288637 0.0093562874251497 0.018570978910922253
58 0.9098989520958084 0.3034309096632043 0.011788922155688622 0.016367642429965377
200 0.8518899700598802 0.26597418948693735 0.008046407185628742 0.016367642429965377
22 0.6054453592814372 0.3067359143846396 0.009169161676646706 0.01668240478438779
7 0.5604416167664671 0.71671388101983 0.010104790419161677 0.015108593012275733
119 0.8982035928143712 0.26093799181617877 0.0093562874251497 0.0226628895184136
99 0.469311377245509 0.37110481586402266 0.008982035928143712 0.012590494176896443
99 0.8373877245508982 0.6317280453257791 0.005239520958083832 0.019515265974189486
149 0.8316803892215568 0.26534466477809254 0.011788922155688622 0.021403840100723954
44 0.9106474550898204 0.26172489770223484 0.015157185628742515 0.018570978910922253
211 0.280875748502994 0.35143216871262195 0.0048652694610778445 0.019200503619767075
211 0.10245134730538923 0.7378029587661316 0.005800898203592814 0.02014479068303431
106 0.7310067365269461 0.3320742839156437 0.009543413173652695 0.0169971671388102
22 0.9084019461077845 0.284073024866226 0.008046407185628742 0.018570978910922253
224 0.9205651197604791 0.3652817123072081 0.007672155688622754 0.017311929493232608
149 0.2930389221556886 0.28737802958766134 0.010104790419161677 0.01825621655649984
149 0.6378181137724551 0.28517469310670446 0.009169161676646706 0.015108593012275733
118 0.14698727544910178 0.7776203966005666 0.01029191616766467 0.019200503619767075
110 0.3656437125748503 0.6860245514636449 0.008607784431137725 0.019200503619767075
160 0.5834580838323353 0.34828454516839785 0.008982035928143712 0.017311929493232608
149 0.9019461077844312 0.34198929807994966 0.010104790419161677 0.018570978910922253
99 0.8863211077844312 0.3029587661315707 0.005800898203592814 0.017311929493232608
7 0.30389221556886226 0.7640856153604029 0.009730538922155689 0.016052880075542966
32 0.859000748502994 0.26440037771482533 0.009917664670658683 0.0169971671388102
224 0.842814371257485 0.2669184765502046 0.010479041916167664 0.019515265974189486
22 0.10132859281437126 0.6986150456405414 0.009169161676646706 0.01668240478438779
32 0.532372754491018 0.7176581680830972 0.0093562874251497 0.018885741265344664
176 0.3059505988023952 0.3086244885111741 0.010853293413173653 0.01794145420207743
99 0.6405314371257484 0.6610009442870632 0.007859281437125748 0.01762669184765502
22 0.09796032934131736 0.7186024551463644 0.008794910179640719 0.0169971671388102
22 0.4343188622754491 0.31334592382751025 0.008607784431137725 0.016052880075542966
7 0.2660928143712575 0.3092540132200189 0.008607784431137725 0.016052880075542966
22 0.09187874251497007 0.6975133774000629 0.008233532934131737 0.0169971671388102
22 0.5345247005988024 0.3068932955618508 0.012911676646706586 0.015108593012275733
7 0.7371818862275449 0.28863707900535096 0.009543413173652695 0.01825621655649984
200 0.8719124251497006 0.6356625747560591 0.009543413173652695 0.016052880075542966
22 0.4779191616766467 0.37110481586402266 0.0074850299401197605 0.013220018885741265
119 0.32045284431137727 0.30815234497954047 0.009917664670658683 0.01762669184765502
211 0.31418413173652693 0.307837582625118 0.004491017964071856 0.01762669184765502
58 0.7383982035928144 0.31114258734655337 0.01122754491017964 0.016052880075542966
6 0.29762350299401197 0.6633616619452314 0.008420658682634731 0.013534781240163676
211 0.5354603293413174 0.3260937991816179 0.00467814371257485 0.01825621655649984
22 0.9099925149700598 0.3434057286748505 0.0074850299401197605 0.016367642429965377
211 0.6602732035928144 0.6831916902738433 0.005052395209580838 0.01794145420207743
149 0.39202844311377244 0.6842933585143217 0.0093562874251497 0.016367642429965377
160 0.35048652694610777 0.28832231665092856 0.007859281437125748 0.018885741265344664
22 0.3088510479041916 0.7038086244885112 0.009169161676646706 0.01447906830343091
119 0.9000748502994012 0.28281397544853637 0.008982035928143712 0.01794145420207743
44 0.42337200598802394 0.3339628580421782 0.01066616766467066 0.015738117721120555
6 0.09412425149700598 0.6781554926030847 0.008607784431137725 0.015423355366698142
22 0.5287238023952096 0.32451998740950583 0.008794910179640719 0.01762669184765502
7 0.30211452095808383 0.7434686811457349 0.011040419161676647 0.015738117721120555
224 0.5480913173652695 0.6581680830972616 0.008982035928143712 0.015108593012275733
149 0.33074476047904194 0.3089392508655965 0.009543413173652695 0.01794145420207743
224 0.1279940119760479 0.737330815234498 0.009730538922155689 0.016052880075542966
119 0.812125748502994 0.34734025810513064 0.010853293413173653 0.016052880075542966
211 0.08551646706586827 0.6772112055398174 0.0093562874251497 0.014793830657853321
22 0.1128368263473054 0.23953415171545483 0.008982035928143712 0.015738117721120555
160 0.609187874251497 0.3492288322316651 0.008794910179640719 0.01794145420207743
160 0.10254491017964072 0.6779981114258735 0.008607784431137725 0.01825621655649984
22 0.47024700598802394 0.35316336166194523 0.007859281437125748 0.0169971671388102
118 0.08804266467065869 0.738117721120554 0.006923652694610778 0.0169971671388102
118 0.29229041916167664 0.37126219704123387 0.012350299401197605 0.017311929493232608
211 0.4317926646706587 0.3327038086244885 0.006923652694610778 0.018885741265344664
106 0.5950598802395209 0.3067359143846396 0.008982035928143712 0.012275731822474031
211 0.30407934131736525 0.7219074598677998 0.010853293413173653 0.014793830657853321
106 0.37013473053892215 0.6641485678312874 0.0093562874251497 0.015738117721120555
119 0.5699850299401198 0.6775259678942398 0.007859281437125748 0.01668240478438779
200 0.6492327844311377 0.6627321372363866 0.009917664670658683 0.014793830657853321
118 0.6361339820359282 0.3264085615360403 0.01029191616766467 0.015738117721120555
118 0.2890157185628742 0.35080264400377714 0.011414670658682635 0.01668240478438779
211 0.3634917664670659 0.6644633301857098 0.009169161676646706 0.015738117721120555
22 0.859936377245509 0.3040604343720491 0.008046407185628742 0.019515265974189486
99 0.12902320359281438 0.26078061063896757 0.00467814371257485 0.018570978910922253
7 0.2967814371257485 0.3087818696883853 0.008607784431137725 0.01762669184765502
7 0.27385853293413176 0.35158954988983315 0.008420658682634731 0.018885741265344664
22 0.7096744011976048 0.28737802958766134 0.007672155688622754 0.015108593012275733
106 0.10404191616766467 0.26078061063896757 0.009730538922155689 0.01668240478438779
200 0.2906998502994012 0.7028643374252439 0.009169161676646706 0.01447906830343091
176 0.6642964071856288 0.6632042807680202 0.01122754491017964 0.016367642429965377
118 0.35413547904191617 0.6647780925401322 0.008794910179640719 0.01762669184765502
119 0.5502432634730539 0.6784702549575071 0.008046407185628742 0.015423355366698142
8 0.4473241017964072 0.3327038086244885 0.008046407185628742 0.0169971671388102
211 0.593562874251497 0.3689014793830658 0.01122754491017964 0.015738117721120555
106 0.6156437125748503 0.3262511803588291 0.011601796407185628 0.015423355366698142
32 0.7465381736526946 0.28926660371419577 0.01029191616766467 0.0169971671388102
149 0.5582896706586826 0.6973559962228517 0.009917664670658683 0.015423355366698142
224 0.6132110778443114 0.3076802014479068 0.0074850299401197605 0.014793830657853321
185 0.858813622754491 0.2842304060434372 0.007297904191616767 0.016367642429965377
160 0.9149513473053892 0.32326093799181616 0.01029191616766467 0.02077431539187913
106 0.4884917664670659 0.35174693106704435 0.013285928143712575 0.018570978910922253
211 0.6442739520958084 0.6824047843877872 0.005239520958083832 0.0169971671388102
211 0.843375748502994 0.6331444759206799 0.005988023952095809 0.019830028328611898
7 0.8783682634730539 0.302486622599937 0.008607784431137725 0.01762669184765502
224 0.922436377245509 0.3432483474976393 0.007297904191616767 0.017311929493232608
6 0.8996070359281437 0.3015423355366698 0.009543413173652695 0.01825621655649984
200 0.5787799401197605 0.677683349071451 0.009730538922155689 0.015108593012275733
22 0.2994011976047904 0.3497009757632987 0.008982035928143712 0.016367642429965377
22 0.6005800898203593 0.34844192634560905 0.008046407185628742 0.015738117721120555
118 0.546126497005988 0.3068932955618508 0.009169161676646706 0.016367642429965377
224 0.44283308383233533 0.3122442555870318 0.007297904191616767 0.015108593012275733
118 0.34889595808383234 0.6844507396915329 0.01066616766467066 0.013534781240163676
185 0.3029565868263473 0.28769279194208375 0.010104790419161677 0.01762669184765502
22 0.13856661676646706 0.7762039660056658 0.009917664670658683 0.01825621655649984
211 0.656624251497006 0.663833805476865 0.0048652694610778445 0.015108593012275733
13 0.3107223053892216 0.35001573811772113 0.012911676646706586 0.01762669184765502
