200 0.36667290419161674 0.40532915360501565 0.008420658682634731 0.016927899686520375
211 0.24354416167664672 0.5040752351097179 0.003929640718562874 0.013793103448275862
224 0.2558008982035928 0.5650470219435737 0.007859281437125748 0.02037617554858934
200 0.21790793413173654 0.30031347962382443 0.011040419161676647 0.02006269592476489
200 0.30772829341317365 0.5849529780564263 0.008794910179640719 0.019435736677115987
119 0.657185628742515 0.5666144200626959 0.010853293413173653 0.024764890282131663
224 0.21089071856287425 0.6246081504702194 0.009730538922155689 0.021630094043887146
110 0.20443488023952097 0.4855799373040752 0.008046407185628742 0.016927899686520375
211 0.29247754491017963 0.48589341692789967 0.005988023952095809 0.02006269592476489
13 0.5881362275449101 0.36175548589341694 0.010479041916167664 0.019435736677115987
7 0.2751684131736527 0.6641065830721004 0.01066616766467066 0.01598746081504702
22 0.15662425149700598 0.36253918495297804 0.008233532934131737 0.017241379310344827
224 0.15484655688622753 0.2818181818181818 0.008794910179640719 0.021316614420062698
22 0.7088323353293413 0.39858934169279 0.007110778443113772 0.014106583072100314
149 0.10516467065868264 0.6427899686520376 0.0093562874251497 0.015360501567398118
13 0.34814745508982037 0.2810344827586207 0.00467814371257485 0.014106583072100314
160 0.43609655688622756 0.4824451410658307 0.009169161676646706 0.021316614420062698
119 0.5720434131736527 0.4244514106583072 0.008607784431137725 0.014420062695924765
224 0.41448353293413176 0.6021943573667712 0.010104790419161677 0.018808777429467086
224 0.8618076347305389 0.3330721003134796 0.009169161676646706 0.022884012539184952
76 0.12883607784431136 0.4031347962382445 0.008794910179640719 0.04075235109717868
22 0.3401010479041916 0.3623824451410658 0.011040419161676647 0.019435736677115987
44 0.2721744011976048 0.3830721003134796 0.01440868263473054 0.016927899686520375
13 0.35086077844311375 0.46489028213166145 0.010479041916167664 0.013793103448275862
211 0.8196107784431138 0.29608150470219435 0.00561377245508982 0.021003134796238245
99 0.1814184131736527 0.4658307210031348 0.005052395209580838 0.01567398119122257
185 0.26431511976047906 0.5863636363636363 0.009543413173652695 0.021003134796238245
58 0.5780314371257484 0.30344827586206896 0.01347305389221557 0.018808777429467086
44 0.1629865269461078 0.42476489028213166 0.01309880239520958 0.012539184952978056
13 0.09449850299401198 0.6427899686520376 0.010104790419161677 0.017868338557993732
211 0.8183944610778443 0.41551724137931034 0.004303892215568862 0.01598746081504702
176 0.6512911676646707 0.4427899686520376 0.009169161676646706 0.014733542319749215
200 0.40765344311377244 0.5029780564263323 0.009169161676646706 0.022884012539184952
118 0.39867140718562877 0.563949843260188 0.013285928143712575 0.023824451410658306
7 0.27629116766467066 0.5065830721003135 0.009543413173652695 0.023197492163009405
22 0.2903255988023952 0.5056426332288402 0.007672155688622754 0.016300940438871474
160 0.16925523952095808 0.6633228840125391 0.008046407185628742 0.013793103448275862
22 0.7973428143712575 0.3141065830721003 0.007859281437125748 0.014420062695924765
143 0.1651384730538922 0.5047021943573667 0.01066616766467066 0.01818181818181818
22 0.10413547904191617 0.42664576802507836 0.01029191616766467 0.015047021943573668
200 0.33093188622754494 0.4250783699059561 0.01066616766467066 0.018808777429467086
211 0.6945172155688623 0.420846394984326 0.005052395209580838 0.014733542319749215
118 0.2469124251497006 0.4862068965517241 0.012163173652694611 0.01755485893416928
185 0.28564745508982037 0.6429467084639499 0.009169161676646706 0.016927899686520375
200 0.22595434131736528 0.5042319749216301 0.008420658682634731 0.01598746081504702
8 0.21061002994011976 0.5230407523510971 0.008794910179640719 0.02037617554858934
7 0.3612462574850299 0.5642633228840125 0.009917664670658683 0.023197492163009405
211 0.12078967065868264 0.24106583072100313 0.006923652694610778 0.021316614420062698
13 0.13894086826347304 0.6050156739811913 0.01066616766467066 0.023824451410658306
200 0.7537425149700598 0.3785266457680251 0.008233532934131737 0.017868338557993732
32 0.7573914670658682 0.4603448275862069 0.01066616766467066 0.018495297805642633
13 0.10703592814371257 0.3634796238244514 0.009730538922155689 0.019122257053291535
224 0.2779752994011976 0.6236677115987461 0.012537425149700599 0.02037617554858934
13 0.7064932634730539 0.35877742946708463 0.008794910179640719 0.019122257053291535
119 0.5744760479041916 0.48699059561128527 0.010853293413173653 0.018495297805642633
99 0.11405314371257486 0.6202194357366771 0.007297904191616767 0.018495297805642633
160 0.6335142215568862 0.31896551724137934 0.008046407185628742 0.01974921630094044
160 0.14464820359281438 0.4427899686520376 0.009730538922155689 0.018495297805642633
32 0.10432260479041916 0.4827586206896552 0.01029191616766467 0.01755485893416928
76 0.1277133233532934 0.4626959247648903 0.011788922155688622 0.034482758620689655
224 0.37238023952095806 0.6642633228840126 0.0093562874251497 0.01818181818181818
200 0.16626122754491018 0.30156739811912225 0.009917664670658683 0.02006269592476489
200 0.4042851796407186 0.3401253918495298 0.008420658682634731 0.016300940438871474
7 0.2523390718562874 0.26144200626959246 0.008794910179640719 0.019435736677115987
76 0.1317365269461078 0.30219435736677114 0.01122754491017964 0.03761755485893417
110 0.19507859281437126 0.6219435736677116 0.01066616766467066 0.018808777429467086
224 0.38922155688622756 0.6630094043887147 0.010104790419161677 0.01818181818181818
118 0.1445546407185629 0.5442006269592476 0.011414670658682635 0.016300940438871474
185 0.2283869760479042 0.3211598746081505 0.01029191616766467 0.018495297805642633
44 0.7802208083832335 0.2536050156739812 0.012163173652694611 0.01567398119122257
224 0.3474925149700599 0.5228840125391849 0.005239520958083832 0.018808777429467086
211 0.32372754491017963 0.604858934169279 0.0033682634730538923 0.012852664576802508
118 0.18955838323353294 0.5031347962382445 0.011601796407185628 0.016927899686520375
6 0.20256362275449102 0.603448275862069 0.007672155688622754 0.013166144200626959
224 0.844872754491018 0.3313479623824451 0.009730538922155689 0.0225705329153605
118 0.7447604790419161 0.45940438871473355 0.010853293413173653 0.017868338557993732
200 0.28424401197604793 0.5652037617554859 0.010479041916167664 0.019435736677115987
224 0.44507859281437123 0.4833855799373041 0.008420658682634731 0.0219435736677116
13 0.5849550898203593 0.23855799373040754 0.012350299401197605 0.01755485893416928
58 0.1593375748502994 0.6037617554858934 0.015157185628742515 0.021316614420062698
7 0.8543226047904192 0.33009404388714736 0.011788922155688622 0.023197492163009405
6 0.7221182634730539 0.48150470219435737 0.007110778443113772 0.0225705329153605
7 0.2523390718562874 0.44592476489028215 0.009543413173652695 0.02225705329153605
99 0.20059880239520958 0.30062695924764893 0.0074850299401197605 0.01818181818181818
32 0.2909805389221557 0.5858934169278996 0.010853293413173653 0.018808777429467086
22 0.35076721556886226 0.6239811912225706 0.011040419161676647 0.02037617554858934
118 0.6145209580838323 0.33887147335423196 0.011601796407185628 0.01755485893416928
211 0.6432447604790419 0.44231974921630096 0.003929640718562874 0.015047021943573668
13 0.8400074850299402 0.4768025078369906 0.012724550898203593 0.021316614420062698
160 0.7047155688622755 0.2553291536050157 0.010104790419161677 0.02037617554858934
76 0.27853667664670656 0.31974921630094044 0.013660179640718563 0.02884012539184953
44 0.17664670658682635 0.5037617554858934 0.014221556886227544 0.013793103448275862
200 0.12537425149700598 0.6641065830721004 0.007110778443113772 0.012852664576802508
44 0.1623315868263473 0.4470219435736677 0.014782934131736527 0.01755485893416928
58 0.30782185628742514 0.44545454545454544 0.01309880239520958 0.01755485893416928
7 0.1619573353293413 0.6631661442006269 0.009543413173652695 0.012225705329153605
224 0.7913547904191617 0.3559561128526646 0.007859281437125748 0.018495297805642633
200 0.6851609281437125 0.4409090909090909 0.009917664670658683 0.014733542319749215
119 0.19554640718562874 0.3832288401253918 0.011601796407185628 0.019122257053291535
118 0.8348615269461078 0.2744514106583072 0.012911676646706586 0.021630094043887146
58 0.6947979041916168 0.31739811912225707 0.011601796407185628 0.017241379310344827
99 0.6598053892215568 0.441692789968652 0.0074850299401197605 0.016927899686520375
7 0.11358532934131736 0.2655172413793103 0.01122754491017964 0.023197492163009405
7 0.6110591317365269 0.23746081504702193 0.012911676646706586 0.01598746081504702
118 0.3143712574850299 0.5448275862068965 0.010853293413173653 0.01567398119122257
22 0.12574850299401197 0.5827586206896552 0.0074850299401197605 0.015047021943573668
211 0.4059693113772455 0.4029780564263323 0.003929640718562874 0.015360501567398118
118 0.13229790419161677 0.4260188087774295 0.01122754491017964 0.0219435736677116
22 0.22913547904191617 0.6045454545454545 0.01029191616766467 0.024764890282131663
110 0.2314745508982036 0.6239811912225706 0.008233532934131737 0.016614420062695926
149 0.8118450598802395 0.375705329153605 0.011414670658682635 0.014106583072100314
224 0.37574850299401197 0.404858934169279 0.008607784431137725 0.017241379310344827
22 0.2987462574850299 0.5846394984326019 0.008420658682634731 0.018808777429467086
6 0.20742889221556887 0.6631661442006269 0.007297904191616767 0.012225705329153605
58 0.21631736526946108 0.6438871473354232 0.014595808383233533 0.018808777429467086
32 0.4315119760479042 0.4017241379310345 0.01122754491017964 0.01974921630094044
13 0.751122754491018 0.29545454545454547 0.011976047904191617 0.017868338557993732
200 0.32363398203592814 0.6241379310344828 0.008420658682634731 0.0225705329153605
118 0.266186377245509 0.4241379310344828 0.009169161676646706 0.021316614420062698
7 0.8484281437125748 0.2512539184952978 0.008233532934131737 0.02037617554858934
32 0.5767215568862275 0.384012539184953 0.0093562874251497 0.02006269592476489
211 0.2834019461077844 0.5050156739811912 0.007297904191616767 0.016927899686520375
119 0.7866766467065869 0.45830721003134794 0.008233532934131737 0.018808777429467086
7 0.2695546407185629 0.6238244514106583 0.009169161676646706 0.016927899686520375
200 0.19451721556886228 0.24200626959247648 0.009543413173652695 0.021316614420062698
160 0.36452095808383234 0.36003134796238245 0.010479041916167664 0.021630094043887146
118 0.7638473053892215 0.37821316614420064 0.010479041916167664 0.018495297805642633
176 0.7239895209580839 0.43934169278996865 0.010104790419161677 0.017868338557993732
119 0.11695359281437126 0.5830721003134797 0.008982035928143712 0.01567398119122257
13 0.4098053892215569 0.3622257053291536 0.01122754491017964 0.01974921630094044
110 0.7907934131736527 0.2529780564263323 0.007859281437125748 0.020689655172413793
200 0.13837949101796407 0.36379310344827587 0.008794910179640719 0.013479623824451411
119 0.4197230538922156 0.5227272727272727 0.01347305389221557 0.01974921630094044
44 0.38173652694610777 0.5426332288401254 0.014970059880239521 0.02006269592476489
118 0.5960890718562875 0.32163009404388715 0.01066616766467066 0.019435736677115987
22 0.3248502994011976 0.32241379310344825 0.009730538922155689 0.018495297805642633
7 0.3901571856287425 0.3824451410658307 0.009730538922155689 0.016927899686520375
224 0.3552582335329341 0.5438871473354232 0.008046407185628742 0.018808777429467086
149 0.16410928143712575 0.5846394984326019 0.012724550898203593 0.021316614420062698
7 0.3062312874251497 0.40532915360501565 0.009917664670658683 0.019435736677115987
58 0.3575973053892216 0.6426332288401254 0.01721556886227545 0.016927899686520375
76 0.35198353293413176 0.5054858934169278 0.010104790419161677 0.04043887147335423
106 0.2986526946107784 0.5061128526645768 0.010479041916167664 0.016614420062695926
211 0.39764221556886226 0.38260188087774294 0.007110778443113772 0.018495297805642633
160 0.3413173652694611 0.4652037617554859 0.008607784431137725 0.013166144200626959
185 0.36386601796407186 0.5849529780564263 0.009917664670658683 0.01818181818181818
118 0.797249251497006 0.4778996865203762 0.01066616766467066 0.01598746081504702
7 0.25692365269461076 0.6246081504702194 0.008233532934131737 0.017868338557993732
76 0.8088510479041916 0.2730407523510972 0.008794910179640719 0.019435736677115987
13 0.8408495508982036 0.2537617554858934 0.009917664670658683 0.023510971786833857
118 0.890625 0.33197492163009407 0.01066616766467066 0.025078369905956112
22 0.7765718562874252 0.2329153605015674 0.008982035928143712 0.01567398119122257
160 0.8516092814371258 0.296551724137931 0.005988023952095809 0.01755485893416928
99 0.6609281437125748 0.31974921630094044 0.007110778443113772 0.0219435736677116
160 0.8038922155688623 0.4570532915360502 0.009730538922155689 0.015047021943573668
22 0.7278255988023952 0.37648902821316615 0.009169161676646706 0.01818181818181818
119 0.6013285928143712 0.23808777429467085 0.008794910179640719 0.019122257053291535
22 0.5897267964071856 0.30235109717868336 0.008794910179640719 0.017241379310344827
118 0.23624625748502995 0.46567398119122255 0.011040419161676647 0.019122257053291535
7 0.35787799401197606 0.6051724137931035 0.01029191616766467 0.018495297805642633
211 0.24822230538922155 0.4260188087774295 0.004303892215568862 0.02006269592476489
7 0.16747754491017963 0.6426332288401254 0.01122754491017964 0.01755485893416928
224 0.1345434131736527 0.6648902821316615 0.008233532934131737 0.020689655172413793
118 0.15138473053892215 0.6636363636363637 0.012350299401197605 0.02006269592476489
6 0.8638660179640718 0.39482758620689656 0.008420658682634731 0.017241379310344827
224 0.2578592814371258 0.5072100313479624 0.01122754491017964 0.023197492163009405
149 0.22520583832335328 0.6617554858934169 0.011040419161676647 0.02006269592476489
160 0.7918226047904192 0.39639498432601883 0.01029191616766467 0.016614420062695926
22 0.8558196107784432 0.39561128526645767 0.007672155688622754 0.015047021943573668
106 0.218937125748503 0.6029780564263323 0.011976047904191617 0.015360501567398118
32 0.890625 0.23103448275862068 0.003929640718562874 0.00877742946708464
110 0.3343001497005988 0.34106583072100316 0.008046407185628742 0.01818181818181818
22 0.24139221556886228 0.40376175548589344 0.007859281437125748 0.020689655172413793
32 0.7499064371257484 0.3989028213166144 0.01029191616766467 0.016614420062695926
200 0.5581025449101796 0.3849529780564263 0.008420658682634731 0.013166144200626959
99 0.8702282934131736 0.23072100313479624 0.003929640718562874 0.00877742946708464
58 0.18001497005988024 0.6637931034482759 0.015718562874251496 0.01974921630094044
119 0.6972305389221557 0.4617554858934169 0.010479041916167664 0.016927899686520375
7 0.36002994011976047 0.4641065830721003 0.009730538922155689 0.013479623824451411
224 0.6768338323353293 0.44122257053291536 0.009730538922155689 0.015360501567398118
200 0.2285741017964072 0.3821316614420063 0.008794910179640719 0.019435736677115987
176 0.3476796407185629 0.30031347962382443 0.008607784431137725 0.016927899686520375
99 0.45228293413173654 0.40219435736677117 0.0074850299401197605 0.020689655172413793
7 0.3477732035928144 0.4244514106583072 0.011040419161676647 0.018808777429467086
118 0.17589820359281438 0.4252351097178683 0.011976047904191617 0.018495297805642633
185 0.7049026946107785 0.44043887147335425 0.0093562874251497 0.013793103448275862
118 0.23905314371257486 0.38369905956112854 0.012537425149700599 0.020689655172413793
7 0.6700973053892215 0.3595611285266458 0.010479041916167664 0.01818181818181818
211 0.41055389221556887 0.4835423197492163 0.004116766467065869 0.014733542319749215
211 0.6612088323353293 0.40156739811912223 0.0061751497005988025 0.015047021943573668
224 0.6264970059880239 0.3816614420062696 0.0074850299401197605 0.021630094043887146
58 0.35058008982035926 0.4443573667711599 0.01403443113772455 0.017241379310344827
211 0.36470808383233533 0.6031347962382445 0.006362275449101796 0.01755485893416928
106 0.2630988023952096 0.3413793103448276 0.010479041916167664 0.019435736677115987
118 0.19217814371257486 0.44545454545454544 0.006362275449101796 0.025078369905956112
22 0.15119760479041916 0.4647335423197492 0.010104790419161677 0.017868338557993732
76 0.6650449101796407 0.3385579937304075 0.012724550898203593 0.03322884012539185
149 0.7441055389221557 0.31536050156739814 0.009543413173652695 0.018808777429467086
32 0.7679640718562875 0.23244514106583072 0.010479041916167664 0.018495297805642633
211 0.5807447604790419 0.32335423197492164 0.0061751497005988025 0.017868338557993732
118 0.18197979041916168 0.5636363636363636 0.012911676646706586 0.016927899686520375
119 0.7218375748502994 0.3804075235109718 0.01066616766467066 0.017868338557993732
110 0.6995696107784432 0.23338557993730408 0.008420658682634731 0.017241379310344827
118 0.4193488023952096 0.482601880877743 0.010479041916167664 0.02037617554858934
58 0.8088510479041916 0.43683385579937306 0.012911676646706586 0.012852664576802508
211 0.20153443113772454 0.24106583072100313 0.004491017964071856 0.021316614420062698
118 0.7139782934131736 0.4810344827586207 0.01066616766467066 0.01974921630094044
200 0.13257859281437126 0.38463949843260187 0.01029191616766467 0.020689655172413793
149 0.4282372754491018 0.5214733542319749 0.012537425149700599 0.02225705329153605
7 0.6948914670658682 0.3373040752351097 0.009169161676646706 0.018808777429467086
160 0.24897080838323354 0.3830721003134796 0.009169161676646706 0.023197492163009405
99 0.8828592814371258 0.43683385579937306 0.008607784431137725 0.01974921630094044
118 0.6956399700598802 0.441692789968652 0.011040419161676647 0.018808777429467086
106 0.18525449101796407 0.5843260188087774 0.011601796407185628 0.014420062695924765
13 0.5570733532934131 0.3413793103448276 0.011601796407185628 0.020689655172413793
149 0.18197979041916168 0.3221003134796238 0.01029191616766467 0.014733542319749215
7 0.27694610778443113 0.46661442006269593 0.01122754491017964 0.021003134796238245
13 0.23587200598802396 0.662539184952978 0.011414670658682635 0.01974921630094044
99 0.3125935628742515 0.5241379310344828 0.007297904191616767 0.020689655172413793
106 0.27675898203592814 0.40454545454545454 0.011976047904191617 0.01598746081504702
200 0.7258607784431138 0.25313479623824453 0.008982035928143712 0.017241379310344827
22 0.24363772455089822 0.6617554858934169 0.008233532934131737 0.016300940438871474
118 0.7238959580838323 0.359717868338558 0.008420658682634731 0.017868338557993732
211 0.3397267964071856 0.3 0.00467814371257485 0.015047021943573668
7 0.11779565868263472 0.40454545454545454 0.009169161676646706 0.016614420062695926
110 0.3029565868263473 0.4252351097178683 0.01122754491017964 0.018495297805642633
118 0.4215943113772455 0.40282131661442006 0.01122754491017964 0.021316614420062698
211 0.3301833832335329 0.5833855799373041 0.00467814371257485 0.018808777429467086
224 0.44011976047904194 0.5460815047021944 0.011976047904191617 0.0219435736677116
99 0.36452095808383234 0.42554858934169276 0.006736526946107785 0.01974921630094044
22 0.6015157185628742 0.4855799373040752 0.009917664670658683 0.01818181818181818
58 0.7442926646706587 0.2536050156739812 0.013660179640718563 0.01567398119122257
200 0.38295284431137727 0.5849529780564263 0.011040419161676647 0.019435736677115987
149 0.1965755988023952 0.6427899686520376 0.012163173652694611 0.021630094043887146
211 0.8775261976047904 0.23072100313479624 0.0024326347305389222 0.010031347962382446
7 0.3226983532934132 0.564576802507837 0.01029191616766467 0.021316614420062698
160 0.11760853293413173 0.34184952978056427 0.009917664670658683 0.018495297805642633
224 0.21940494011976047 0.5424764890282132 0.01029191616766467 0.021630094043887146
7 0.7950973053892215 0.4573667711598746 0.008982035928143712 0.014420062695924765
160 0.8224176646706587 0.3768025078369906 0.009730538922155689 0.016927899686520375
7 0.27273577844311375 0.3420062695924765 0.01066616766467066 0.01818181818181818
149 0.6149887724550899 0.30156739811912225 0.01066616766467066 0.020689655172413793
106 0.7017215568862275 0.3786833855799373 0.013847305389221557 0.02006269592476489
200 0.7116392215568862 0.3785266457680251 0.009730538922155689 0.021630094043887146
44 0.41513847305389223 0.42366771159874606 0.015531437125748502 0.01598746081504702
22 0.35806511976047906 0.4043887147335423 0.01029191616766467 0.018808777429467086
149 0.3247567365269461 0.4855799373040752 0.01066616766467066 0.016927899686520375
106 0.703499251497006 0.4195924764890282 0.012911676646706586 0.015360501567398118
99 0.6584019461077845 0.46206896551724136 0.006923652694610778 0.01755485893416928
110 0.7790044910179641 0.4589341692789969 0.008982035928143712 0.02006269592476489
32 0.12350299401197605 0.6241379310344828 0.008982035928143712 0.01818181818181818
176 0.6643899700598802 0.38087774294670845 0.01029191616766467 0.02006269592476489
185 0.7239895209580839 0.419435736677116 0.010853293413173653 0.015047021943573668
160 0.6256549401197605 0.4023510971786834 0.009543413173652695 0.014733542319749215
22 0.7598241017964071 0.23338557993730408 0.008420658682634731 0.017241379310344827
200 0.25888847305389223 0.36175548589341694 0.007672155688622754 0.018808777429467086
16 0.30791541916167664 0.36363636363636365 0.01029191616766467 0.021316614420062698
118 0.8131549401197605 0.22962382445141066 0.011414670658682635 0.018495297805642633
58 0.7413922155688623 0.38009404388714735 0.014970059880239521 0.018495297805642633
185 0.8510479041916168 0.4369905956112853 0.0093562874251497 0.01567398119122257
185 0.13622754491017963 0.240282131661442 0.009730538922155689 0.01974921630094044
7 0.27863023952095806 0.3614420062695925 0.010479041916167664 0.01755485893416928
110 0.8010853293413174 0.3970219435736677 0.008607784431137725 0.01598746081504702
22 0.33701347305389223 0.404858934169279 0.0074850299401197605 0.013479623824451411
119 0.3533869760479042 0.5636363636363636 0.009543413173652695 0.020689655172413793
211 0.7727357784431138 0.4590909090909091 0.005052395209580838 0.017868338557993732
22 0.3948353293413174 0.4445141065830721 0.0093562874251497 0.01755485893416928
32 0.2537425149700599 0.6628526645768025 0.010853293413173653 0.021630094043887146
7 0.3380426646706587 0.5849529780564263 0.009543413173652695 0.01818181818181818
110 0.3727544910179641 0.5231974921630094 0.0074850299401197605 0.02006269592476489
32 0.27638473053892215 0.4852664576802508 0.008982035928143712 0.014420062695924765
7 0.3090381736526946 0.3412225705329154 0.011040419161676647 0.016614420062695926
200 0.19002619760479042 0.5442006269592476 0.009169161676646706 0.013166144200626959
32 0.8023016467065869 0.2929467084639498 0.009543413173652695 0.01974921630094044
110 0.2871444610778443 0.5233542319749216 0.009169161676646706 0.021003134796238245
176 0.1943300898203593 0.3431034482758621 0.01029191616766467 0.017241379310344827
149 0.3927769461077844 0.6233542319749217 0.01122754491017964 0.018495297805642633
149 0.4433008982035928 0.40188087774294673 0.0093562874251497 0.013166144200626959
149 0.3812687125748503 0.5042319749216301 0.009169161676646706 0.014106583072100314
160 0.140812125748503 0.3821316614420063 0.009917664670658683 0.019435736677115987
6 0.5918787425149701 0.48667711598746083 0.01122754491017964 0.018495297805642633
13 0.8264408682634731 0.29482758620689653 0.009543413173652695 0.021003134796238245
200 0.8581586826347305 0.37460815047021945 0.008607784431137725 0.01567398119122257
44 0.1748690119760479 0.6061128526645768 0.016654191616766467 0.024764890282131663
7 0.8387911676646707 0.4553291536050157 0.01029191616766467 0.016614420062695926
160 0.6482971556886228 0.4844827586206897 0.01029191616766467 0.019122257053291535
6 0.4096182634730539 0.5247648902821317 0.008607784431137725 0.019435736677115987
118 0.8257859281437125 0.39561128526645767 0.011976047904191617 0.01567398119122257
13 0.26843188622754494 0.4653605015673981 0.009543413173652695 0.02225705329153605
224 0.6868450598802395 0.4200626959247649 0.008794910179640719 0.015047021943573668
118 0.15699850299401197 0.5233542319749216 0.01309880239520958 0.01974921630094044
7 0.37050898203592814 0.642319749216301 0.010853293413173653 0.01755485893416928
118 0.8909056886227545 0.39467084639498434 0.011601796407185628 0.01755485893416928
149 0.40755988023952094 0.6630094043887147 0.012724550898203593 0.02006269592476489
160 0.6682260479041916 0.4405956112852665 0.009730538922155689 0.016614420062695926
211 0.7944423652694611 0.41551724137931034 0.005800898203592814 0.01598746081504702
6 0.18993263473053892 0.4653605015673981 0.008607784431137725 0.013479623824451411
99 0.23961452095808383 0.5426332288401254 0.008420658682634731 0.021316614420062698
200 0.4180389221556886 0.3601880877742947 0.0093562874251497 0.02006269592476489
224 0.13313997005988024 0.3231974921630094 0.006923652694610778 0.019435736677115987
118 0.2869573353293413 0.6631661442006269 0.011040419161676647 0.01974921630094044
200 0.2590755988023952 0.4647335423197492 0.01029191616766467 0.018495297805642633
118 0.2987462574850299 0.3413793103448276 0.012163173652694611 0.020689655172413793
149 0.8365456586826348 0.32962382445141064 0.011414670658682635 0.02225705329153605
118 0.6888098802395209 0.3793103448275862 0.012724550898203593 0.02006269592476489
160 0.12331586826347306 0.2617554858934169 0.01122754491017964 0.020689655172413793
211 0.7782559880239521 0.31504702194357365 0.0048652694610778445 0.01567398119122257
118 0.41523203592814373 0.3815047021943574 0.010104790419161677 0.016927899686520375
110 0.2342814371257485 0.4023510971786834 0.006362275449101796 0.02037617554858934
118 0.343188622754491 0.6432601880877743 0.014595808383233533 0.019435736677115987
58 0.7443862275449101 0.35830721003134797 0.012350299401197605 0.02006269592476489
22 0.6766467065868264 0.4614420062695925 0.0093562874251497 0.018808777429467086
200 0.1219124251497006 0.5636363636363636 0.01029191616766467 0.016927899686520375
22 0.7565494011976048 0.4377742946708464 0.008607784431137725 0.017241379310344827
119 0.8697604790419161 0.2932601880877743 0.012724550898203593 0.017868338557993732
110 0.8262537425149701 0.33197492163009407 0.008420658682634731 0.023824451410658306
7 0.26459580838323354 0.6614420062695925 0.010853293413173653 0.019435736677115987
185 0.36816991017964074 0.4652037617554859 0.009543413173652695 0.01818181818181818
106 0.7608532934131736 0.4808777429467085 0.01347305389221557 0.02006269592476489
6 0.18534805389221556 0.23934169278996864 0.008046407185628742 0.021003134796238245
160 0.16148952095808383 0.3830721003134796 0.009730538922155689 0.01567398119122257
211 0.3093188622754491 0.5051724137931034 0.004491017964071856 0.017241379310344827
99 0.6176085329341318 0.32100313479623827 0.006923652694610778 0.018808777429467086
118 0.3843562874251497 0.44482758620689655 0.010853293413173653 0.016927899686520375
200 0.3967065868263473 0.6029780564263323 0.008982035928143712 0.016614420062695926
160 0.11059131736526946 0.5032915360501568 0.008233532934131737 0.017241379310344827
22 0.36966691616766467 0.48573667711598745 0.008046407185628742 0.016614420062695926
32 0.6588697604790419 0.4847962382445141 0.01122754491017964 0.01974921630094044
200 0.7990269461077845 0.2736677115987461 0.0074850299401197605 0.016300940438871474
99 0.11704715568862276 0.44357366771159873 0.008794910179640719 0.01755485893416928
32 0.2945359281437126 0.5637931034482758 0.010104790419161677 0.01598746081504702
118 0.21491392215568864 0.4244514106583072 0.011788922155688622 0.01818181818181818
211 0.28396332335329344 0.5440438871473354 0.003929640718562874 0.019122257053291535
211 0.33308383233532934 0.6449843260188087 0.0037425149700598802 0.015360501567398118
44 0.23549775449101795 0.36253918495297804 0.01403443113772455 0.01974921630094044
119 0.18675149700598803 0.3815047021943574 0.0093562874251497 0.02006269592476489
13 0.7516841317365269 0.23197492163009403 0.010853293413173653 0.01818181818181818
149 0.6497941616766467 0.46316614420062696 0.01029191616766467 0.017241379310344827
200 0.8808944610778443 0.39545454545454545 0.009543413173652695 0.016614420062695926
211 0.5918787425149701 0.40532915360501565 0.00561377245508982 0.016927899686520375
7 0.8739708083832335 0.23072100313479624 0.00467814371257485 0.010031347962382446
7 0.3248502994011976 0.3413793103448276 0.0093562874251497 0.01755485893416928
99 0.17252994011976047 0.34231974921630093 0.007110778443113772 0.01818181818181818
44 0.3905314371257485 0.2589341692789969 0.014970059880239521 0.016300940438871474
7 0.35058008982035926 0.32084639498432604 0.01029191616766467 0.02037617554858934
22 0.5554827844311377 0.4470219435736677 0.009543413173652695 0.016300940438871474
118 0.32934131736526945 0.44655172413793104 0.011601796407185628 0.016614420062695926
211 0.15858907185628743 0.5648902821316615 0.005426646706586827 0.01818181818181818
7 0.3885666167664671 0.5626959247648903 0.007672155688622754 0.018808777429467086
224 0.1501684131736527 0.6445141065830721 0.009169161676646706 0.02006269592476489
22 0.12284805389221556 0.4241379310344828 0.008420658682634731 0.02006269592476489
200 0.38772455089820357 0.3409090909090909 0.008233532934131737 0.014733542319749215
224 0.31521332335329344 0.5843260188087774 0.009169161676646706 0.019435736677115987
224 0.5808383233532934 0.36081504702194356 0.010104790419161677 0.016927899686520375
224 0.3066991017964072 0.3230407523510972 0.010104790419161677 0.019122257053291535
118 0.46341691616766467 0.4628526645768025 0.01029191616766467 0.021003134796238245
160 0.8668600299401198 0.374294670846395 0.008794910179640719 0.01755485893416928
22 0.6715943113772455 0.4205329153605016 0.008607784431137725 0.015360501567398118
211 0.13688248502994013 0.4615987460815047 0.005426646706586827 0.021630094043887146
224 0.12060254491017965 0.542319749216301 0.008420658682634731 0.016927899686520375
7 0.3718188622754491 0.6037617554858934 0.008607784431137725 0.01818181818181818
7 0.4038173652694611 0.4653605015673981 0.01122754491017964 0.014733542319749215
99 0.24167290419161677 0.5636363636363636 0.005800898203592814 0.019435736677115987
7 0.2752619760479042 0.5463949843260189 0.013847305389221557 0.02006269592476489
224 0.28396332335329344 0.6056426332288402 0.008046407185628742 0.016300940438871474
176 0.17374625748502995 0.5470219435736677 0.011040419161676647 0.02006269592476489
224 0.33252245508982037 0.6622257053291536 0.007859281437125748 0.016614420062695926
44 0.37958458083832336 0.4647335423197492 0.01627994011976048 0.01974921630094044
118 0.20237649700598803 0.4040752351097179 0.012537425149700599 0.016927899686520375
99 0.3150261976047904 0.5652037617554859 0.008046407185628742 0.02006269592476489
224 0.6862836826347305 0.31802507836990596 0.008794910179640719 0.015360501567398118
99 0.3770583832335329 0.4833855799373041 0.007110778443113772 0.02006269592476489
200 0.6252806886227545 0.3202194357366771 0.009169161676646706 0.021003134796238245
224 0.7242702095808383 0.33871473354231973 0.008420658682634731 0.021630094043887146
13 0.12687125748502995 0.3427899686520376 0.010104790419161677 0.019122257053291535
106 0.24831586826347304 0.584012539184953 0.013847305389221557 0.02006269592476489
200 0.3226983532934132 0.3634796238244514 0.008046407185628742 0.01974921630094044
160 0.3529191616766467 0.33887147335423196 0.011976047904191617 0.016300940438871474
200 0.4161676646706587 0.4434169278996865 0.010853293413173653 0.01974921630094044
22 0.4003555389221557 0.5238244514106583 0.01066616766467066 0.02006269592476489
119 0.8575973053892215 0.2932601880877743 0.008607784431137725 0.01974921630094044
7 0.5731661676646707 0.3258620689655172 0.008982035928143712 0.022884012539184952
118 0.3066055389221557 0.6249216300940439 0.009917664670658683 0.015360501567398118
211 0.31549401197604793 0.40564263322884014 0.004491017964071856 0.01567398119122257
7 0.10263847305389222 0.5015673981191222 0.011788922155688622 0.01755485893416928
211 0.3159618263473054 0.622257053291536 0.005800898203592814 0.018808777429467086
200 0.8344872754491018 0.29702194357366773 0.009543413173652695 0.017868338557993732
22 0.29200973053892215 0.3841692789968652 0.008420658682634731 0.017241379310344827
224 0.1748690119760479 0.30156739811912225 0.008420658682634731 0.01818181818181818
7 0.19124251497005987 0.363166144200627 0.010853293413173653 0.018495297805642633
13 0.13342065868263472 0.26238244514106585 0.012724550898203593 0.0225705329153605
58 0.3926833832335329 0.46504702194357367 0.014782934131736527 0.017241379310344827
44 0.1312687125748503 0.5438871473354232 0.012537425149700599 0.012539184952978056
7 0.41438997005988026 0.6415360501567398 0.009917664670658683 0.017868338557993732
160 0.20134730538922155 0.5230407523510971 0.010479041916167664 0.022884012539184952
7 0.265999251497006 0.6438871473354232 0.008046407185628742 0.014420062695924765
118 0.5809318862275449 0.3440438871473354 0.012537425149700599 0.021003134796238245
13 0.2562687125748503 0.4029780564263323 0.01066616766467066 0.017241379310344827
168 0.31315494011976047 0.4880877742946709 0.013285928143712575 0.041379310344827586
200 0.7826534431137725 0.35705329153605014 0.007672155688622754 0.012539184952978056
76 0.312874251497006 0.6622257053291536 0.012724550898203593 0.04482758620689655
13 0.8573166167664671 0.23009404388714733 0.005800898203592814 0.009404388714733543
118 0.4003555389221557 0.36269592476489027 0.013285928143712575 0.020689655172413793
119 0.7838697604790419 0.23244514106583072 0.010479041916167664 0.017241379310344827
224 0.20696107784431136 0.6440438871473354 0.007110778443113772 0.012852664576802508
149 0.8251309880239521 0.2299373040752351 0.012537425149700599 0.017868338557993732
211 0.6674775449101796 0.48510971786833856 0.005988023952095809 0.019122257053291535
16 0.39549026946107785 0.3413793103448276 0.01066616766467066 0.0219435736677116
44 0.12397080838323353 0.48134796238244515 0.01403443113772455 0.018495297805642633
119 0.13856661676646706 0.4040752351097179 0.008420658682634731 0.021316614420062698
6 0.3948353293413174 0.4835423197492163 0.009730538922155689 0.018495297805642633
99 0.874438622754491 0.37366771159874607 0.006362275449101796 0.019435736677115987
224 0.5535179640718563 0.4653605015673981 0.0093562874251497 0.017868338557993732
7 0.6068488023952096 0.44482758620689655 0.010104790419161677 0.016927899686520375
200 0.29612649700598803 0.3219435736677116 0.008794910179640719 0.01755485893416928
7 0.15999251497005987 0.48495297805642634 0.011601796407185628 0.01818181818181818
119 0.38313997005988026 0.4042319749216301 0.009169161676646706 0.01974921630094044
58 0.28892215568862273 0.4658307210031348 0.01309880239520958 0.018808777429467086
32 0.14174775449101795 0.5631661442006269 0.009169161676646706 0.013479623824451411
118 0.29229041916167664 0.4263322884012539 0.011601796407185628 0.019435736677115987
32 0.24195359281437126 0.2608150470219436 0.009730538922155689 0.018808777429467086
7 0.8774326347305389 0.35329153605015673 0.011976047904191617 0.01755485893416928
44 0.5684880239520959 0.34294670846394987 0.014221556886227544 0.016927899686520375
119 0.8460890718562875 0.39639498432601883 0.011040419161676647 0.017241379310344827
58 0.33495508982035926 0.5438871473354232 0.014221556886227544 0.018808777429467086
149 0.18899700598802396 0.27962382445141065 0.010853293413173653 0.018808777429467086
13 0.11938622754491018 0.503448275862069 0.01122754491017964 0.016927899686520375
7 0.625187125748503 0.3409090909090909 0.008982035928143712 0.014733542319749215
160 0.3316803892215569 0.36175548589341694 0.011040419161676647 0.021316614420062698
211 0.12556137724550898 0.3843260188087774 0.0074850299401197605 0.021316614420062698
76 0.844311377245509 0.2982758620689655 0.011601796407185628 0.026018808777429465
200 0.8370134730538922 0.39670846394984327 0.01122754491017964 0.01598746081504702
200 0.6689745508982036 0.40188087774294673 0.007110778443113772 0.012539184952978056
118 0.6128368263473054 0.4852664576802508 0.012724550898203593 0.0219435736677116
13 0.218937125748503 0.3824451410658307 0.01122754491017964 0.020689655172413793
58 0.32513098802395207 0.4040752351097179 0.013285928143712575 0.01755485893416928
149 0.27685254491017963 0.44561128526645766 0.009543413173652695 0.017868338557993732
58 0.2070546407185629 0.34247648902821315 0.015157185628742515 0.01974921630094044
224 0.7778817365269461 0.41755485893416927 0.008982035928143712 0.01567398119122257
224 0.25823353293413176 0.6427899686520376 0.012350299401197605 0.01974921630094044
32 0.265250748502994 0.5463949843260189 0.007672155688622754 0.01818181818181818
22 0.8952095808383234 0.22758620689655173 0.004116766467065869 0.00877742946708464
58 0.8494573353293413 0.4553291536050157 0.01403443113772455 0.01598746081504702
118 0.7403630239520959 0.2957680250783699 0.013660179640718563 0.02037617554858934
7 0.2948166167664671 0.4462382445141066 0.01029191616766467 0.01974921630094044
224 0.858252245508982 0.24984326018808778 0.01066616766467066 0.01755485893416928
118 0.5594124251497006 0.36191222570532916 0.012537425149700599 0.02225705329153605
7 0.561751497005988 0.4652037617554859 0.0093562874251497 0.018808777429467086
200 0.7613211077844312 0.2956112852664577 0.01029191616766467 0.018808777429467086
224 0.39801646706586824 0.642319749216301 0.0074850299401197605 0.01818181818181818
119 0.23615269461077845 0.24059561128526646 0.006736526946107785 0.023510971786833857
211 0.11910553892215568 0.6636363636363637 0.005052395209580838 0.01755485893416928
44 0.8848241017964071 0.4559561128526646 0.011414670658682635 0.014733542319749215
118 0.23035179640718562 0.4457680250783699 0.011601796407185628 0.01818181818181818
211 0.3552582335329341 0.5830721003134797 0.005052395209580838 0.020689655172413793
13 0.6528817365269461 0.40203761755485895 0.010853293413173653 0.015360501567398118
160 0.32980913173652693 0.5253918495297806 0.011414670658682635 0.020689655172413793
58 0.6222866766467066 0.23761755485893418 0.013285928143712575 0.01818181818181818
22 0.32653443113772457 0.6449843260188087 0.007859281437125748 0.013479623824451411
7 0.8160553892215568 0.2545454545454545 0.008233532934131737 0.01755485893416928
149 0.5992702095808383 0.3620689655172414 0.011040419161676647 0.02006269592476489
185 0.3414109281437126 0.32147335423197493 0.01029191616766467 0.019122257053291535
160 0.15699850299401197 0.6235109717868339 0.008607784431137725 0.018808777429467086
200 0.6621444610778443 0.23620689655172414 0.01066616766467066 0.016614420062695926
224 0.6085329341317365 0.40391849529780566 0.006736526946107785 0.012225705329153605
118 0.42702095808383234 0.44231974921630096 0.011976047904191617 0.020689655172413793
119 0.6401571856287425 0.4846394984326019 0.009730538922155689 0.018808777429467086
200 0.44629491017964074 0.44310344827586207 0.0093562874251497 0.016614420062695926
7 0.14867140718562874 0.6238244514106583 0.009543413173652695 0.013793103448275862
119 0.7325037425149701 0.3164576802507837 0.009169161676646706 0.01974921630094044
13 0.4176646706586826 0.5446708463949843 0.008233532934131737 0.016614420062695926
99 0.1438061377245509 0.3420062695924765 0.007297904191616767 0.018808777429467086
22 0.7809693113772455 0.43824451410658305 0.01029191616766467 0.014420062695924765
22 0.1436190119760479 0.4268025078369906 0.008420658682634731 0.018495297805642633
7 0.40484655688622756 0.3816614420062696 0.009169161676646706 0.02037617554858934
22 0.23400074850299402 0.5642633228840125 0.011040419161676647 0.019435736677115987
176 0.20565119760479042 0.5847962382445141 0.01122754491017964 0.021630094043887146
44 0.2621631736526946 0.6047021943573667 0.010853293413173653 0.01755485893416928
200 0.21949850299401197 0.32351097178683386 0.0093562874251497 0.018808777429467086
22 0.7986526946107785 0.2528213166144201 0.008233532934131737 0.017868338557993732
211 0.21407185628742514 0.5642633228840125 0.00561377245508982 0.01818181818181818
119 0.7475673652694611 0.43871473354231977 0.009730538922155689 0.015360501567398118
13 0.14025074850299402 0.32100313479623827 0.009917664670658683 0.016927899686520375
99 0.3969872754491018 0.42366771159874606 0.006923652694610778 0.018495297805642633
200 0.25 0.5051724137931034 0.007110778443113772 0.011598746081504702
149 0.3104416167664671 0.30094043887147337 0.009730538922155689 0.013793103448275862
176 0.6012350299401198 0.3830721003134796 0.012724550898203593 0.021316614420062698
211 0.21322979041916168 0.3230407523510972 0.005800898203592814 0.01974921630094044
160 0.4121444610778443 0.34059561128526644 0.008794910179640719 0.01974921630094044
200 0.6526010479041916 0.42272727272727273 0.008794910179640719 0.015360501567398118
22 0.8867889221556886 0.23056426332288402 0.0037425149700598802 0.009717868338557993
185 0.7750748502994012 0.3775862068965517 0.009730538922155689 0.014106583072100314
118 0.2154752994011976 0.5043887147335423 0.012537425149700599 0.016927899686520375
6 0.3415980538922156 0.6244514106583072 0.009543413173652695 0.01755485893416928
224 0.31680389221556887 0.5051724137931034 0.006362275449101796 0.011598746081504702
22 0.2542103293413174 0.34184952978056427 0.008420658682634731 0.018495297805642633
200 0.19582709580838323 0.5835423197492163 0.009917664670658683 0.013479623824451411
32 0.8493637724550899 0.3744514106583072 0.010104790419161677 0.017241379310344827
224 0.8258794910179641 0.43683385579937306 0.007672155688622754 0.015360501567398118
149 0.17571107784431136 0.240282131661442 0.009730538922155689 0.012852664576802508
211 0.6649513473053892 0.5695924764890282 0.0061751497005988025 0.013793103448275862
211 0.749064371257485 0.3373040752351097 0.004116766467065869 0.020689655172413793
32 0.3246631736526946 0.46551724137931033 0.008607784431137725 0.015047021943573668
119 0.1155501497005988 0.6427899686520376 0.008420658682634731 0.014733542319749215
200 0.7319423652694611 0.35626959247648904 0.011414670658682635 0.024764890282131663
13 0.3787425149700599 0.3404388714733542 0.008982035928143712 0.016927899686520375
99 0.8086639221556886 0.3962382445141066 0.00654940119760479 0.01755485893416928
7 0.297062125748503 0.6250783699059561 0.009543413173652695 0.012539184952978056
118 0.5654940119760479 0.4457680250783699 0.010479041916167664 0.016300940438871474
22 0.6343562874251497 0.23699059561128527 0.007859281437125748 0.012539184952978056
58 0.11293038922155689 0.46316614420062696 0.01440868263473054 0.01974921630094044
119 0.38023952095808383 0.6029780564263323 0.010104790419161677 0.016614420062695926
119 0.21538173652694612 0.6634796238244514 0.011976047904191617 0.01974921630094044
160 0.6177956586826348 0.3833855799373041 0.009917664670658683 0.019435736677115987
211 0.3632110778443114 0.5211598746081505 0.007859281437125748 0.021630094043887146
7 0.14156062874251496 0.5849529780564263 0.009169161676646706 0.01567398119122257
58 0.15465943113772454 0.30078369905956115 0.01403443113772455 0.021003134796238245
6 0.24794161676646706 0.5233542319749216 0.008607784431137725 0.012225705329153605
32 0.24223428143712575 0.44373040752351095 0.01029191616766467 0.017241379310344827
7 0.13547904191616766 0.34184952978056427 0.010479041916167664 0.018495297805642633
6 0.13884730538922155 0.5231974921630094 0.007859281437125748 0.013793103448275862
118 0.5586639221556886 0.4051724137931034 0.011040419161676647 0.017241379310344827
58 0.3142776946107784 0.6446708463949843 0.013285928143712575 0.018495297805642633
7 0.7148203592814372 0.43996865203761754 0.010853293413173653 0.016614420062695926
200 0.1249064371257485 0.32100313479623827 0.009543413173652695 0.016927899686520375
118 0.29809131736526945 0.30062695924764893 0.0093562874251497 0.01567398119122257
7 0.18927769461077845 0.4855799373040752 0.009917664670658683 0.01755485893416928
160 0.8610591317365269 0.4554858934169279 0.009917664670658683 0.01818181818181818
211 0.21173278443113772 0.5435736677115988 0.007297904191616767 0.01818181818181818
211 0.7910741017964071 0.23056426332288402 0.00467814371257485 0.015360501567398118
160 0.1311751497005988 0.5626959247648903 0.010479041916167664 0.018808777429467086
110 0.8076347305389222 0.3556426332288401 0.005988023952095809 0.019122257053291535
22 0.655875748502994 0.3813479623824451 0.010479041916167664 0.021630094043887146
160 0.11339820359281437 0.23981191222570533 0.01122754491017964 0.0219435736677116
22 0.22726422155688622 0.23934169278996864 0.01029191616766467 0.01974921630094044
118 0.42954715568862273 0.46379310344827585 0.01029191616766467 0.013479623824451411
224 0.4081212574850299 0.5431034482758621 0.006736526946107785 0.018495297805642633
7 0.5569797904191617 0.4244514106583072 0.009917664670658683 0.016300940438871474
160 0.13201721556886228 0.6227272727272727 0.009543413173652695 0.02037617554858934
160 0.7090194610778443 0.2329153605015674 0.0093562874251497 0.016300940438871474
149 0.8840755988023952 0.3738244514106583 0.011788922155688622 0.019122257053291535
200 0.6686938622754491 0.31865203761755484 0.009169161676646706 0.01598746081504702
211 0.31521332335329344 0.3623824451410658 0.0061751497005988025 0.014420062695924765
211 0.20078592814371257 0.5642633228840125 0.005988023952095809 0.01818181818181818
118 0.24887724550898205 0.3633228840125392 0.012724550898203593 0.01755485893416928
119 0.10712949101796407 0.5818181818181818 0.009917664670658683 0.0219435736677116
7 0.8332709580838323 0.4164576802507837 0.007859281437125748 0.01598746081504702
149 0.3624625748502994 0.6615987460815047 0.011601796407185628 0.019122257053291535
13 0.7864895209580839 0.33526645768025076 0.010104790419161677 0.021630094043887146
224 0.42627245508982037 0.36081504702194356 0.007859281437125748 0.014420062695924765
160 0.35207709580838326 0.48573667711598745 0.008794910179640719 0.017241379310344827
99 0.2521519461077844 0.6040752351097178 0.01066616766467066 0.01755485893416928
106 0.7190306886227545 0.39796238244514104 0.012163173652694611 0.016614420062695926
13 0.36629865269461076 0.3830721003134796 0.01066616766467066 0.019435736677115987
118 0.30164670658682635 0.5457680250783699 0.01122754491017964 0.015047021943573668
224 0.8574101796407185 0.4772727272727273 0.010104790419161677 0.022884012539184952
13 0.1438997005988024 0.4615987460815047 0.008607784431137725 0.021630094043887146
211 0.28050149700598803 0.3415360501567398 0.0074850299401197605 0.017241379310344827
13 0.3255988023952096 0.5051724137931034 0.010479041916167664 0.019122257053291535
13 0.1534431137724551 0.44545454545454544 0.008233532934131737 0.01755485893416928
7 0.8797717065868264 0.31065830721003135 0.009917664670658683 0.015047021943573668
22 0.5804640718562875 0.424294670846395 0.007859281437125748 0.017241379310344827
7 0.7715194610778443 0.314576802507837 0.009730538922155689 0.014733542319749215
22 0.6225673652694611 0.4841692789968652 0.009730538922155689 0.021003134796238245
118 0.17084580838323354 0.4833855799373041 0.012350299401197605 0.016300940438871474
7 0.3905314371257485 0.40391849529780566 0.008607784431137725 0.019122257053291535
6 0.1969498502994012 0.424294670846395 0.009917664670658683 0.015360501567398118
22 0.6537238023952096 0.29905956112852666 0.008420658682634731 0.018808777429467086
160 0.34852170658682635 0.3605015673981191 0.009917664670658683 0.020689655172413793
211 0.1974176646706587 0.48510971786833856 0.005988023952095809 0.016614420062695926
200 0.7688061377245509 0.4177115987460815 0.009543413173652695 0.01598746081504702
211 0.3284056886227545 0.38369905956112854 0.004116766467065869 0.014420062695924765
185 0.5889782934131736 0.4241379310344828 0.009543413173652695 0.016927899686520375
211 0.44563997005988026 0.4625391849529781 0.0061751497005988025 0.02037617554858934
211 0.16429640718562874 0.32084639498432604 0.005988023952095809 0.01974921630094044
185 0.18282185628742514 0.3017241379310345 0.010104790419161677 0.015360501567398118
149 0.10918787425149701 0.6626959247648903 0.013660179640718563 0.016300940438871474
224 0.40147829341317365 0.25783699059561127 0.006923652694610778 0.016614420062695926
13 0.7611339820359282 0.31630094043887147 0.011040419161676647 0.016927899686520375
200 0.7705838323353293 0.4810344827586207 0.008607784431137725 0.018495297805642633
118 0.3473989520958084 0.3833855799373041 0.011788922155688622 0.019435736677115987
32 0.1594311377245509 0.6434169278996865 0.009730538922155689 0.019122257053291535
160 0.7417664670658682 0.4808777429467085 0.010104790419161677 0.02006269592476489
7 0.7928517964071856 0.29482758620689653 0.008233532934131737 0.019122257053291535
32 0.32054640718562877 0.38369905956112854 0.010104790419161677 0.01818181818181818
99 0.3905314371257485 0.5029780564263323 0.008982035928143712 0.02037617554858934
200 0.6868450598802395 0.5684952978056427 0.009169161676646706 0.01974921630094044
22 0.7759169161676647 0.3974921630094044 0.009543413173652695 0.016300940438871474
160 0.3032372754491018 0.524294670846395 0.011414670658682635 0.021630094043887146
211 0.733813622754491 0.23385579937304074 0.01066616766467066 0.019435736677115987
7 0.40456586826347307 0.4241379310344828 0.010104790419161677 0.01818181818181818
106 0.7160366766467066 0.2543887147335423 0.009543413173652695 0.018495297805642633
58 0.20097305389221556 0.5438871473354232 0.014970059880239521 0.016927899686520375
7 0.14577095808383234 0.40391849529780566 0.008233532934131737 0.015360501567398118
160 0.14511601796407186 0.2810344827586207 0.011788922155688622 0.01974921630094044
200 0.4118637724550898 0.4023510971786834 0.008607784431137725 0.019122257053291535
185 0.13304640718562874 0.5843260188087774 0.010479041916167664 0.019435736677115987
143 0.3313061377245509 0.6050156739811913 0.009543413173652695 0.012539184952978056
119 0.2286676646706587 0.48495297805642634 0.010104790419161677 0.016300940438871474
99 0.22333458083832336 0.584012539184953 0.007297904191616767 0.02006269592476489
22 0.19227170658682635 0.6637931034482759 0.007672155688622754 0.012225705329153605
149 0.8167103293413174 0.33369905956112855 0.009543413173652695 0.014733542319749215
44 0.6136788922155688 0.4652037617554859 0.013285928143712575 0.01755485893416928
13 0.18235404191616766 0.4847962382445141 0.011788922155688622 0.014106583072100314
44 0.8460890718562875 0.274294670846395 0.009543413173652695 0.016300940438871474
200 0.7137911676646707 0.33746081504702197 0.009917664670658683 0.021003134796238245
118 0.8672342814371258 0.3542319749216301 0.013660179640718563 0.0225705329153605
176 0.3810815868263473 0.6442006269592476 0.011040419161676647 0.019435736677115987
7 0.35815868263473055 0.3832288401253918 0.010853293413173653 0.01974921630094044
200 0.7990269461077845 0.43761755485893417 0.007110778443113772 0.012539184952978056
106 0.2890157185628742 0.3630094043887147 0.012911676646706586 0.021316614420062698
7 0.6714071856287425 0.5688087774294671 0.008233532934131737 0.017868338557993732
119 0.11293038922155689 0.5642633228840125 0.009169161676646706 0.01818181818181818
7 0.20200224550898205 0.622257053291536 0.008420658682634731 0.0219435736677116
200 0.20480913173652696 0.32335423197492164 0.011040419161676647 0.018495297805642633
22 0.6530688622754491 0.2358934169278997 0.010479041916167664 0.01974921630094044
200 0.24466691616766467 0.3211598746081505 0.008420658682634731 0.01974921630094044
149 0.859187874251497 0.31081504702194357 0.009917664670658683 0.018495297805642633
7 0.2383046407185629 0.34184952978056427 0.01029191616766467 0.018495297805642633
160 0.3003368263473054 0.4855799373040752 0.0093562874251497 0.014420062695924765
211 0.2376497005988024 0.5833855799373041 0.005988023952095809 0.02006269592476489
211 0.8188622754491018 0.43667711598746084 0.0048652694610778445 0.016927899686520375
200 0.1936751497005988 0.6037617554858934 0.007859281437125748 0.01128526645768025
160 0.16410928143712575 0.34231974921630093 0.009730538922155689 0.018808777429467086
224 0.765250748502994 0.39670846394984327 0.009169161676646706 0.019122257053291535
119 0.33523577844311375 0.4862068965517241 0.011040419161676647 0.018808777429467086
99 0.6332335329341318 0.33887147335423196 0.007110778443113772 0.021316614420062698
200 0.8161489520958084 0.3957680250783699 0.008046407185628742 0.016614420062695926
200 0.6344498502994012 0.38197492163009406 0.011040419161676647 0.019122257053291535
7 0.3732223053892216 0.5833855799373041 0.008420658682634731 0.021316614420062698
118 0.829060628742515 0.47774294670846396 0.011788922155688622 0.016300940438871474
32 0.7158495508982036 0.3156739811912226 0.01066616766467066 0.016927899686520375
7 0.19236526946107785 0.3010971786833856 0.0093562874251497 0.014733542319749215
32 0.17084580838323354 0.3832288401253918 0.010104790419161677 0.02037617554858934
58 0.0999251497005988 0.5435736677115988 0.016092814371257484 0.01818181818181818
44 0.8219498502994012 0.27398119122257053 0.015531437125748502 0.014420062695924765
211 0.3125 0.3852664576802508 0.007110778443113772 0.019435736677115987
13 0.6237836826347305 0.2995297805642633 0.01066616766467066 0.017241379310344827
224 0.7854603293413174 0.2946708463949843 0.007672155688622754 0.018808777429467086
200 0.23633982035928144 0.48683385579937305 0.010479041916167664 0.01755485893416928
32 0.7321294910179641 0.3366771159874608 0.009169161676646706 0.019435736677115987
160 0.3851983532934132 0.48322884012539186 0.009917664670658683 0.019122257053291535
7 0.10750374251497007 0.3843260188087774 0.012537425149700599 0.02006269592476489
118 0.8534805389221557 0.23072100313479624 0.004116766467065869 0.010031347962382446
224 0.37200598802395207 0.5050156739811912 0.009730538922155689 0.02006269592476489
211 0.23671407185628743 0.32163009404388715 0.006736526946107785 0.018808777429467086
224 0.8066055389221557 0.3357366771159875 0.009543413173652695 0.0225705329153605
119 0.29790419161676646 0.40454545454545454 0.010104790419161677 0.01598746081504702
118 0.32101422155688625 0.4252351097178683 0.01440868263473054 0.019122257053291535
7 0.3338323353293413 0.30078369905956115 0.0093562874251497 0.015360501567398118
99 0.6094685628742516 0.38369905956112854 0.008233532934131737 0.02006269592476489
13 0.27245508982035926 0.5655172413793104 0.010104790419161677 0.021316614420062698
224 0.7779752994011976 0.3346394984326019 0.006923652694610778 0.018495297805642633
211 0.21079715568862276 0.4847962382445141 0.00467814371257485 0.018495297805642633
185 0.2594498502994012 0.38448275862068965 0.009917664670658683 0.017868338557993732
224 0.686377245508982 0.48495297805642634 0.007110778443113772 0.015047021943573668
149 0.22614146706586827 0.4233542319749216 0.009917664670658683 0.022884012539184952
13 0.41336077844311375 0.4652037617554859 0.008233532934131737 0.014420062695924765
7 0.12387724550898203 0.44357366771159873 0.008607784431137725 0.01755485893416928
22 0.12874251497005987 0.24106583072100313 0.009730538922155689 0.021316614420062698
22 0.25804640718562877 0.5261755485893417 0.011601796407185628 0.02037617554858934
211 0.15812125748502995 0.5039184952978056 0.005988023952095809 0.019122257053291535
149 0.14277694610778444 0.30078369905956115 0.011601796407185628 0.021630094043887146
200 0.6927395209580839 0.3989028213166144 0.008982035928143712 0.013479623824451411
211 0.21818862275449102 0.46489028213166145 0.0074850299401197605 0.01818181818181818
13 0.3812687125748503 0.424294670846395 0.011040419161676647 0.01598746081504702
185 0.23559131736526945 0.5042319749216301 0.010104790419161677 0.019122257053291535
22 0.3399139221556886 0.5266457680250783 0.011040419161676647 0.019435736677115987
200 0.7771332335329342 0.2957680250783699 0.008982035928143712 0.019122257053291535
22 0.19891467065868262 0.4658307210031348 0.007859281437125748 0.013166144200626959
224 0.33252245508982037 0.6252351097178683 0.009730538922155689 0.018495297805642633
118 0.6422155688622755 0.29905956112852666 0.01122754491017964 0.01818181818181818
119 0.8154004491017964 0.3550156739811912 0.008794910179640719 0.019122257053291535
119 0.6046032934131736 0.3020376175548589 0.011601796407185628 0.01598746081504702
22 0.7602919161676647 0.4195924764890282 0.010104790419161677 0.017241379310344827
224 0.8337387724550899 0.43667711598746084 0.008794910179640719 0.014420062695924765
149 0.4278630239520958 0.543730407523511 0.008794910179640719 0.021003134796238245
22 0.7899513473053892 0.3777429467084639 0.008420658682634731 0.016300940438871474
224 0.4025074850299401 0.6211598746081505 0.008607784431137725 0.016614420062695926
32 0.6316429640718563 0.4852664576802508 0.009917664670658683 0.020689655172413793
224 0.2674962574850299 0.44467084639498433 0.011040419161676647 0.02225705329153605
6 0.14764221556886228 0.3634796238244514 0.009730538922155689 0.017868338557993732
160 0.7058383233532934 0.31551724137931036 0.0074850299401197605 0.019122257053291535
7 0.21818862275449102 0.48401253918495296 0.009730538922155689 0.01818181818181818
7 0.14099925149700598 0.6438871473354232 0.008794910179640719 0.018808777429467086
110 0.3530127245508982 0.6626959247648903 0.008794910179640719 0.018808777429467086
224 0.13997005988023953 0.6231974921630095 0.008607784431137725 0.01818181818181818
7 0.09758607784431138 0.5633228840125392 0.008420658682634731 0.023824451410658306
211 0.7877058383233533 0.4788401253918495 0.003929640718562874 0.01598746081504702
200 0.25673652694610777 0.585423197492163 0.008233532934131737 0.017868338557993732
16 0.11592440119760479 0.38463949843260187 0.011414670658682635 0.019435736677115987
149 0.8106287425149701 0.4789968652037618 0.009730538922155689 0.013793103448275862
224 0.23063248502994013 0.584012539184953 0.008046407185628742 0.018808777429467086
176 0.6674775449101796 0.46316614420062696 0.008982035928143712 0.019122257053291535
7 0.3242889221556886 0.5844827586206897 0.009730538922155689 0.014106583072100314
6 0.40540793413173654 0.642319749216301 0.01066616766467066 0.01755485893416928
160 0.2500935628742515 0.5630094043887147 0.008794910179640719 0.020689655172413793
118 0.8700411676646707 0.3109717868338558 0.009543413173652695 0.016927899686520375
7 0.33336452095808383 0.322884012539185 0.009543413173652695 0.01755485893416928
200 0.15110404191616766 0.5655172413793104 0.009543413173652695 0.016927899686520375
119 0.3335516467065868 0.4658307210031348 0.008794910179640719 0.01567398119122257
200 0.7148203592814372 0.4197492163009404 0.009730538922155689 0.01567398119122257
7 0.8223241017964071 0.3537617554858934 0.008046407185628742 0.018495297805642633
22 0.25795284431137727 0.5435736677115988 0.009543413173652695 0.023824451410658306
224 0.19975673652694612 0.6641065830721004 0.006923652694610778 0.012225705329153605
99 0.13622754491017963 0.5021943573667712 0.006736526946107785 0.01818181818181818
99 0.3091317365269461 0.60423197492163 0.006736526946107785 0.017868338557993732
160 0.2965943113772455 0.6454545454545455 0.008982035928143712 0.016300940438871474
7 0.5874812874251497 0.32335423197492164 0.008794910179640719 0.01974921630094044
211 0.42252994011976047 0.6410658307210031 0.005988023952095809 0.018808777429467086
118 0.3225112275449102 0.3012539184952978 0.01029191616766467 0.015047021943573668
118 0.7715194610778443 0.3565830721003135 0.012350299401197605 0.02225705329153605
200 0.1523203592814371 0.3835423197492163 0.007859281437125748 0.012852664576802508
211 0.24756736526946108 0.40579937304075236 0.0033682634730538923 0.01974921630094044
32 0.31549401197604793 0.322884012539185 0.010853293413173653 0.019435736677115987
118 0.16551272455089822 0.36442006269592475 0.01029191616766467 0.018495297805642633
7 0.765812125748503 0.4589341692789969 0.009917664670658683 0.016300940438871474
200 0.19255239520958084 0.5652037617554859 0.007859281437125748 0.013793103448275862
7 0.18001497005988024 0.34247648902821315 0.010104790419161677 0.014733542319749215
118 0.8983907185628742 0.454858934169279 0.012724550898203593 0.01755485893416928
224 0.26992889221556887 0.3634796238244514 0.009543413173652695 0.01974921630094044
176 0.6619573353293413 0.42115987460815046 0.011414670658682635 0.01598746081504702
58 0.6278068862275449 0.361128526645768 0.012350299401197605 0.020689655172413793
32 0.8110029940119761 0.41551724137931034 0.0093562874251497 0.017868338557993732
106 0.579060628742515 0.44561128526645766 0.012911676646706586 0.014733542319749215
149 0.5712949101796407 0.4042319749216301 0.010104790419161677 0.01598746081504702
149 0.22099550898203593 0.6261755485893417 0.011601796407185628 0.017868338557993732
44 0.7369011976047904 0.4189655172413793 0.016467065868263474 0.014733542319749215
7 0.31680389221556887 0.6050156739811913 0.008982035928143712 0.013793103448275862
22 0.7588884730538922 0.39827586206896554 0.005052395209580838 0.01974921630094044
118 0.2088323353293413 0.4653605015673981 0.011601796407185628 0.01974921630094044
118 0.6453031437125748 0.3810344827586207 0.011414670658682635 0.021003134796238245
58 0.13604041916167664 0.4816614420062696 0.010853293413173653 0.01974921630094044
149 0.30520209580838326 0.5647335423197493 0.010104790419161677 0.015360501567398118
58 0.561751497005988 0.32445141065830724 0.015344311377245509 0.02006269592476489
99 0.5697979041916168 0.46489028213166145 0.007110778443113772 0.019435736677115987
118 0.17440119760479042 0.4050156739811912 0.011976047904191617 0.019435736677115987
7 0.10422904191616766 0.4626959247648903 0.012350299401197605 0.0219435736677116
119 0.15101047904191617 0.5029780564263323 0.009730538922155689 0.017868338557993732
106 0.1529752994011976 0.3413793103448276 0.012537425149700599 0.020689655172413793
119 0.38772455089820357 0.603448275862069 0.008607784431137725 0.016300940438871474
106 0.12060254491017965 0.6039184952978056 0.012911676646706586 0.016614420062695926
185 0.38257859281437123 0.622257053291536 0.011788922155688622 0.0219435736677116
22 0.8422529940119761 0.4373040752351097 0.008233532934131737 0.01567398119122257
106 0.10825224550898203 0.40564263322884014 0.012537425149700599 0.0225705329153605
13 0.15175898203592814 0.42570532915360504 0.007859281437125748 0.020689655172413793
16 0.17543038922155688 0.5230407523510971 0.009917664670658683 0.02037617554858934
211 0.6764595808383234 0.4006269592476489 0.004491017964071856 0.012539184952978056
160 0.28854790419161674 0.40470219435736676 0.011601796407185628 0.01818181818181818
224 0.8301833832335329 0.4561128526645768 0.008794910179640719 0.01567398119122257
211 0.187312874251497 0.3420062695924765 0.0037425149700598802 0.015047021943573668
211 0.20434131736526945 0.3833855799373041 0.0074850299401197605 0.01755485893416928
118 0.41897455089820357 0.6617554858934169 0.012350299401197605 0.019435736677115987
200 0.3184880239520958 0.4462382445141066 0.0093562874251497 0.019122257053291535
7 0.7258607784431138 0.23338557993730408 0.010104790419161677 0.019122257053291535
224 0.6947979041916168 0.5703761755485893 0.008982035928143712 0.024764890282131663
200 0.390063622754491 0.3614420062695925 0.008794910179640719 0.014420062695924765
200 0.5992702095808383 0.40470219435736676 0.008420658682634731 0.014420062695924765
200 0.3436564371257485 0.485423197492163 0.007297904191616767 0.017241379310344827
44 0.8280314371257484 0.2536050156739812 0.014221556886227544 0.012539184952978056
118 0.3471182634730539 0.4025078369905956 0.012350299401197605 0.01818181818181818
118 0.43001497005988026 0.4233542319749216 0.010853293413173653 0.016614420062695926
58 0.40531437125748504 0.44420062695924767 0.012350299401197605 0.02006269592476489
211 0.7231474550898204 0.4615987460815047 0.005426646706586827 0.018495297805642633
22 0.1622380239520958 0.28150470219435736 0.0093562874251497 0.01755485893416928
22 0.38978293413173654 0.42460815047021944 0.009730538922155689 0.017868338557993732
211 0.37397080838323354 0.6225705329153605 0.003555389221556886 0.016300940438871474
58 0.3594685628742515 0.29968652037617555 0.016092814371257484 0.013793103448275862
58 0.33495508982035926 0.5652037617554859 0.014970059880239521 0.02006269592476489
119 0.7683383233532934 0.25235109717868337 0.008982035928143712 0.016927899686520375
200 0.1563435628742515 0.32241379310344825 0.011040419161676647 0.016614420062695926
118 0.311938622754491 0.465987460815047 0.010853293413173653 0.015360501567398118
224 0.28639595808383234 0.44655172413793104 0.009169161676646706 0.017868338557993732
7 0.24840943113772454 0.6415360501567398 0.011040419161676647 0.021630094043887146
7 0.6767402694610778 0.31880877742946706 0.009917664670658683 0.016927899686520375
118 0.37761976047904194 0.5636363636363636 0.01347305389221557 0.023197492163009405
13 0.5977732035928144 0.445141065830721 0.008794910179640719 0.016300940438871474
200 0.25533308383233533 0.42288401253918495 0.01066616766467066 0.0225705329153605
7 0.29846556886227543 0.363166144200627 0.010853293413173653 0.021003134796238245
224 0.36031062874251496 0.4863636363636364 0.009169161676646706 0.01974921630094044
7 0.374625748502994 0.38260188087774294 0.010853293413173653 0.018495297805642633
149 0.796875 0.33448275862068966 0.011414670658682635 0.023824451410658306
176 0.20752245508982037 0.3012539184952978 0.01122754491017964 0.018808777429467086
7 0.265063622754491 0.5656739811912226 0.008420658682634731 0.021630094043887146
200 0.36236901197604793 0.5054858934169278 0.01066616766467066 0.017868338557993732
149 0.11152694610778444 0.5233542319749216 0.01122754491017964 0.021003134796238245
224 0.5672717065868264 0.3849529780564263 0.007672155688622754 0.012539184952978056
110 0.7173465568862275 0.23275862068965517 0.01029191616766467 0.01974921630094044
185 0.7790044910179641 0.48040752351097177 0.012724550898203593 0.019122257053291535
211 0.7825598802395209 0.3769592476489028 0.002619760479041916 0.014733542319749215
22 0.8402881736526946 0.3760188087774295 0.008046407185628742 0.014106583072100314
118 0.8890344311377245 0.2910658307210031 0.0093562874251497 0.016614420062695926
22 0.20508982035928144 0.4241379310344828 0.008982035928143712 0.021316614420062698
44 0.18843562874251496 0.40470219435736676 0.016841317365269462 0.018808777429467086
6 0.3968001497005988 0.6637931034482759 0.009917664670658683 0.021003134796238245
58 0.6180763473053892 0.4449843260188088 0.014221556886227544 0.014733542319749215
44 0.7329715568862275 0.46128526645768025 0.01347305389221557 0.018495297805642633
22 0.12350299401197605 0.6435736677115987 0.0074850299401197605 0.01818181818181818
44 0.8934318862275449 0.43636363636363634 0.01403443113772455 0.01755485893416928
22 0.4042851796407186 0.4844827586206897 0.007672155688622754 0.013479623824451411
99 0.18216691616766467 0.5438871473354232 0.008794910179640719 0.0225705329153605
200 0.4282372754491018 0.48197492163009403 0.009169161676646706 0.018495297805642633
176 0.3999812874251497 0.5032915360501568 0.01029191616766467 0.021003134796238245
44 0.16803892215568864 0.5648902821316615 0.014221556886227544 0.019435736677115987
118 0.22342814371257486 0.5636363636363636 0.011601796407185628 0.020689655172413793
185 0.8259730538922155 0.4164576802507837 0.010104790419161677 0.016614420062695926
118 0.39520958083832336 0.542319749216301 0.012724550898203593 0.019435736677115987
58 0.15203967065868262 0.585423197492163 0.012911676646706586 0.021630094043887146
118 0.1787986526946108 0.6434169278996865 0.012537425149700599 0.021003134796238245
119 0.12097679640718563 0.5227272727272727 0.009917664670658683 0.02225705329153605
160 0.2154752994011976 0.36269592476489027 0.01066616766467066 0.019435736677115987
160 0.18488023952095808 0.6228840125391849 0.008607784431137725 0.018808777429467086
224 0.42103293413173654 0.3413793103448276 0.008233532934131737 0.013793103448275862
185 0.3359842814371258 0.384012539184953 0.011788922155688622 0.01818181818181818
160 0.40465943113772457 0.6012539184952979 0.007672155688622754 0.016927899686520375
32 0.7164109281437125 0.4614420062695925 0.009543413173652695 0.016300940438871474
16 0.1318300898203593 0.6440438871473354 0.012163173652694611 0.01974921630094044
58 0.09477919161676647 0.6636363636363637 0.01440868263473054 0.01755485893416928
176 0.21070359281437126 0.4432601880877743 0.008607784431137725 0.01818181818181818
22 0.6042290419161677 0.3409090909090909 0.009730538922155689 0.017868338557993732
7 0.8578779940119761 0.43761755485893417 0.008046407185628742 0.016927899686520375
119 0.17065868263473055 0.28134796238244514 0.008607784431137725 0.025391849529780564
185 0.6019835329341318 0.46504702194357367 0.011601796407185628 0.017868338557993732
149 0.5644648203592815 0.4863636363636364 0.011414670658682635 0.01974921630094044
176 0.6792664670658682 0.35830721003134797 0.011601796407185628 0.02006269592476489
110 0.8084767964071856 0.2545454545454545 0.009917664670658683 0.02006269592476489
200 0.5828967065868264 0.4855799373040752 0.008982035928143712 0.016927899686520375
118 0.7576721556886228 0.33620689655172414 0.01347305389221557 0.026018808777429465
76 0.3632110778443114 0.44467084639498433 0.010853293413173653 0.04043887147335423
211 0.11779565868263472 0.32100313479623827 0.0061751497005988025 0.01755485893416928
200 0.16336077844311378 0.4050156739811912 0.010104790419161677 0.01755485893416928
7 0.17327844311377247 0.46567398119122255 0.010479041916167664 0.019122257053291535
99 0.3337387724550898 0.5054858934169278 0.005800898203592814 0.01598746081504702
44 0.27601047904191617 0.5851097178683385 0.015344311377245509 0.021003134796238245
22 0.21519461077844312 0.5846394984326019 0.009730538922155689 0.01755485893416928
13 0.43684505988023953 0.4426332288401254 0.009169161676646706 0.01755485893416928
211 0.2619760479041916 0.6235109717868339 0.004491017964071856 0.018808777429467086
13 0.8835142215568862 0.23009404388714733 0.003181137724550898 0.009404388714733543
160 0.7651571856287425 0.43871473354231977 0.008607784431137725 0.016614420062695926
200 0.28798652694610777 0.34247648902821315 0.009730538922155689 0.018495297805642633
185 0.6346369760479041 0.40109717868338557 0.011040419161676647 0.015360501567398118
200 0.7621631736526946 0.3565830721003135 0.008233532934131737 0.017868338557993732
106 0.21697230538922155 0.23824451410658307 0.011040419161676647 0.018808777429467086
16 0.6943300898203593 0.482601880877743 0.009917664670658683 0.01974921630094044
76 0.6391279940119761 0.3586206896551724 0.011040419161676647 0.03636363636363636
211 0.18787425149700598 0.6443573667711598 0.0033682634730538923 0.013479623824451411
200 0.32372754491017963 0.6633228840125391 0.008982035928143712 0.01755485893416928
22 0.38978293413173654 0.642319749216301 0.008982035928143712 0.016300940438871474
200 0.18226047904191617 0.4471786833855799 0.009730538922155689 0.017241379310344827
44 0.2844311377245509 0.29984326018808777 0.014970059880239521 0.021003134796238245
224 0.21098428143712575 0.38275862068965516 0.008046407185628742 0.018808777429467086
7 0.8299026946107785 0.3537617554858934 0.008982035928143712 0.01974921630094044
200 0.2089258982035928 0.2409090909090909 0.008420658682634731 0.021003134796238245
211 0.6515718562874252 0.5736677115987461 0.007110778443113772 0.020689655172413793
200 0.31109655688622756 0.28072100313479625 0.008420658682634731 0.012225705329153605
110 0.7017215568862275 0.3996865203761755 0.008982035928143712 0.015047021943573668
118 0.1937687125748503 0.32241379310344825 0.013660179640718563 0.018495297805642633
7 0.8012724550898204 0.41567398119122256 0.010104790419161677 0.016927899686520375
211 0.8643338323353293 0.4362068965517241 0.0037425149700598802 0.013479623824451411
118 0.8556324850299402 0.2738244514106583 0.008794910179640719 0.017868338557993732
200 0.3633046407185629 0.5432601880877743 0.009543413173652695 0.021316614420062698
22 0.2911676646706587 0.5457680250783699 0.010479041916167664 0.015047021943573668
7 0.13987649700598803 0.2622257053291536 0.01066616766467066 0.02413793103448276
200 0.21977919161676646 0.44482758620689655 0.009543413173652695 0.01818181818181818
149 0.2190306886227545 0.34231974921630093 0.011040419161676647 0.01818181818181818
22 0.6520396706586826 0.3183385579937304 0.008794910179640719 0.016614420062695926
160 0.10890718562874252 0.32147335423197493 0.0093562874251497 0.019122257053291535
22 0.3402881736526946 0.6053291536050157 0.009169161676646706 0.019435736677115987
22 0.38164296407185627 0.3620689655172414 0.008046407185628742 0.012539184952978056
22 0.14782934131736528 0.5231974921630094 0.007859281437125748 0.013793103448275862
185 0.15512724550898205 0.5442006269592476 0.011601796407185628 0.0219435736677116
58 0.6843188622754491 0.33808777429467085 0.012724550898203593 0.021630094043887146
32 0.2678705089820359 0.5078369905956113 0.009543413173652695 0.02445141065830721
99 0.17645958083832336 0.6236677115987461 0.006736526946107785 0.019122257053291535
16 0.11414670658682635 0.42570532915360504 0.008982035928143712 0.019435736677115987
7 0.18328967065868262 0.5233542319749216 0.009543413173652695 0.01974921630094044
7 0.27432634730538924 0.6053291536050157 0.010479041916167664 0.016300940438871474
32 0.28826721556886226 0.6247648902821317 0.008420658682634731 0.019435736677115987
58 0.593188622754491 0.34169278996865204 0.014221556886227544 0.019435736677115987
22 0.8189558383233533 0.4774294670846395 0.008420658682634731 0.02006269592476489
7 0.5934693113772455 0.23855799373040754 0.009169161676646706 0.01818181818181818
200 0.3727544910179641 0.4249216300940439 0.010104790419161677 0.017241379310344827
200 0.4532185628742515 0.4641065830721003 0.0093562874251497 0.018495297805642633
110 0.24644461077844312 0.3421630094043887 0.008233532934131737 0.017868338557993732
32 0.8146519461077845 0.4570532915360502 0.01066616766467066 0.01755485893416928
22 0.2680576347305389 0.4871473354231975 0.009169161676646706 0.020689655172413793
224 0.7525261976047904 0.31551724137931036 0.009543413173652695 0.017241379310344827
7 0.2854603293413174 0.4860501567398119 0.009917664670658683 0.017868338557993732
200 0.8419723053892215 0.41677115987460817 0.009169161676646706 0.01974921630094044
149 0.6771145209580839 0.48322884012539186 0.013285928143712575 0.018495297805642633
149 0.11798278443113773 0.3628526645768025 0.011040419161676647 0.02037617554858934
211 0.5920658682634731 0.3833855799373041 0.00561377245508982 0.020689655172413793
160 0.11171407185628743 0.5442006269592476 0.011601796407185628 0.023197492163009405
224 0.20733532934131738 0.5652037617554859 0.006736526946107785 0.01755485893416928
118 0.4200973053892216 0.5036050156739812 0.015718562874251496 0.025391849529780564
22 0.3459019461077844 0.5648902821316615 0.009169161676646706 0.01818181818181818
32 0.34290793413173654 0.340282131661442 0.009917664670658683 0.017241379310344827
200 0.3249438622754491 0.545141065830721 0.007297904191616767 0.02006269592476489
118 0.7995883233532934 0.37727272727272726 0.010853293413173653 0.015360501567398118
22 0.16364146706586827 0.545141065830721 0.009917664670658683 0.018808777429467086
13 0.24447979041916168 0.604858934169279 0.008794910179640719 0.02037617554858934
119 0.5650261976047904 0.42460815047021944 0.008794910179640719 0.015360501567398118
22 0.20087949101796407 0.44404388714733545 0.011040419161676647 0.021003134796238245
13 0.2969685628742515 0.6622257053291536 0.010479041916167664 0.018495297805642633
99 0.6791729041916168 0.42037617554858936 0.006923652694610778 0.015047021943573668
7 0.6173278443113772 0.3628526645768025 0.013847305389221557 0.021630094043887146
106 0.24803517964071856 0.465987460815047 0.011788922155688622 0.02037617554858934
22 0.6449288922155688 0.40203761755485895 0.009169161676646706 0.01598746081504702
176 0.7043413173652695 0.33793103448275863 0.007110778443113772 0.0219435736677116
13 0.733626497005988 0.25391849529780564 0.009169161676646706 0.013793103448275862
99 0.11339820359281437 0.4824451410658307 0.0074850299401197605 0.01755485893416928
118 0.10778443113772455 0.6021943573667712 0.012724550898203593 0.021316614420062698
22 0.17543038922155688 0.3620689655172414 0.008794910179640719 0.015047021943573668
99 0.7409244011976048 0.4 0.005426646706586827 0.01567398119122257
106 0.30183383233532934 0.385423197492163 0.014221556886227544 0.019122257053291535
224 0.6081586826347305 0.3584639498432602 0.0074850299401197605 0.01974921630094044
13 0.3554453592814371 0.5213166144200627 0.008420658682634731 0.01567398119122257
160 0.1746818862275449 0.5849529780564263 0.009917664670658683 0.019435736677115987
118 0.6427769461077845 0.235423197492163 0.010104790419161677 0.020689655172413793
7 0.7415793413173652 0.33699059561128525 0.007110778443113772 0.02006269592476489
200 0.6174214071856288 0.40391849529780566 0.007672155688622754 0.011598746081504702
58 0.2634730538922156 0.2622257053291536 0.01309880239520958 0.021003134796238245
22 0.42112649700598803 0.46394984326018807 0.0061751497005988025 0.011912225705329153
224 0.23025823353293412 0.5227272727272727 0.008046407185628742 0.021003134796238245
99 0.811751497005988 0.2945141065830721 0.007859281437125748 0.019122257053291535
185 0.6081586826347305 0.32053291536050155 0.011601796407185628 0.01974921630094044
7 0.5971182634730539 0.42288401253918495 0.008982035928143712 0.01567398119122257
185 0.2244573353293413 0.3623824451410658 0.012163173652694611 0.02006269592476489
7 0.1784244011976048 0.3841692789968652 0.009169161676646706 0.017241379310344827
99 0.14829715568862276 0.32163009404388715 0.006923652694610778 0.01818181818181818
22 0.30127245508982037 0.6054858934169279 0.009730538922155689 0.018495297805642633
119 0.7386788922155688 0.43918495297805643 0.008794910179640719 0.016300940438871474
224 0.7722679640718563 0.43840125391849527 0.0074850299401197605 0.01598746081504702
13 0.5521145209580839 0.48746081504702193 0.01440868263473054 0.019435736677115987
22 0.26497005988023953 0.3200626959247649 0.010853293413173653 0.02445141065830721
224 0.22885479041916168 0.34169278996865204 0.010104790419161677 0.021316614420062698
7 0.12902320359281438 0.5037617554858934 0.01066616766467066 0.016300940438871474
76 0.16710329341317365 0.625705329153605 0.010853293413173653 0.03699059561128527
149 0.7315681137724551 0.4031347962382445 0.011788922155688622 0.021316614420062698
200 0.265625 0.4050156739811912 0.01029191616766467 0.01755485893416928
7 0.703873502994012 0.4829153605015674 0.009169161676646706 0.013479623824451411
211 0.20873877245508982 0.6045454545454545 0.006923652694610778 0.022884012539184952
224 0.19872754491017963 0.2799373040752351 0.01122754491017964 0.018808777429467086
149 0.2304453592814371 0.5445141065830721 0.009543413173652695 0.015047021943573668
200 0.3203592814371258 0.5238244514106583 0.008982035928143712 0.01755485893416928
58 0.6605538922155688 0.35830721003134797 0.016092814371257484 0.02006269592476489
118 0.38912799401197606 0.5216300940438872 0.008794910179640719 0.016300940438871474
118 0.9038173652694611 0.4358934169278997 0.010479041916167664 0.019122257053291535
119 0.7832148203592815 0.39717868338557993 0.009917664670658683 0.01818181818181818
22 0.23942739520958084 0.6216300940438871 0.008794910179640719 0.01818181818181818
185 0.6388473053892215 0.4634796238244514 0.01122754491017964 0.013479623824451411
200 0.2256736526946108 0.4652037617554859 0.009730538922155689 0.018808777429467086
200 0.10394835329341318 0.4434169278996865 0.008794910179640719 0.018495297805642633
32 0.8563809880239521 0.35094043887147336 0.009543413173652695 0.017868338557993732
7 0.7863959580838323 0.41489028213166146 0.009169161676646706 0.015360501567398118
143 0.17131362275449102 0.32225705329153603 0.009543413173652695 0.020689655172413793
200 0.8799588323353293 0.2929467084639498 0.008794910179640719 0.02037617554858934
99 0.3726609281437126 0.3620689655172414 0.008420658682634731 0.0219435736677116
211 0.7318488023952096 0.43934169278996865 0.005988023952095809 0.017241379310344827
58 0.6525074850299402 0.3393416927899687 0.012350299401197605 0.02037617554858934
224 0.30398577844311375 0.6431034482758621 0.008794910179640719 0.019122257053291535
32 0.249812874251497 0.6216300940438871 0.010104790419161677 0.019435736677115987
58 0.23821107784431136 0.42476489028213166 0.014221556886227544 0.02006269592476489
106 0.6424962574850299 0.42210031347962385 0.01440868263473054 0.01598746081504702
200 0.34075598802395207 0.5057993730407524 0.008233532934131737 0.018495297805642633
22 0.22791916167664672 0.6434169278996865 0.006736526946107785 0.012225705329153605
58 0.203125 0.3622257053291536 0.015531437125748502 0.01974921630094044
110 0.15512724550898205 0.4040752351097179 0.009730538922155689 0.019435736677115987
44 0.20247005988023953 0.5031347962382445 0.01309880239520958 0.016300940438871474
200 0.7318488023952096 0.4818181818181818 0.010853293413173653 0.023197492163009405
119 0.1279004491017964 0.3623824451410658 0.01029191616766467 0.019435736677115987
211 0.37228667664670656 0.5429467084639499 0.008420658682634731 0.020689655172413793
200 0.37060254491017963 0.34075235109717866 0.009917664670658683 0.016300940438871474
32 0.13351422155688622 0.44467084639498433 0.008794910179640719 0.01598746081504702
7 0.37939745508982037 0.6626959247648903 0.009917664670658683 0.018808777429467086
224 0.3203592814371258 0.281974921630094 0.007859281437125748 0.012225705329153605
176 0.24822230538922155 0.5429467084639499 0.009543413173652695 0.019435736677115987
99 0.1475486526946108 0.2615987460815047 0.008794910179640719 0.021630094043887146
7 0.10974925149700598 0.34184952978056427 0.01029191616766467 0.018495297805642633
22 0.8476796407185628 0.35391849529780567 0.008982035928143712 0.016927899686520375
110 0.8634917664670658 0.22962382445141066 0.0024326347305389222 0.0109717868338558
44 0.27965943113772457 0.42539184952978054 0.01590568862275449 0.019435736677115987
22 0.327937874251497 0.281974921630094 0.008046407185628742 0.012852664576802508
58 0.8721931137724551 0.4567398119122257 0.011976047904191617 0.01818181818181818
211 0.6496070359281437 0.35987460815047023 0.00654940119760479 0.016927899686520375
32 0.29247754491017963 0.6051724137931035 0.01122754491017964 0.018495297805642633
211 0.5964633233532934 0.30062695924764893 0.005800898203592814 0.020689655172413793
149 0.7425149700598802 0.23322884012539186 0.010479041916167664 0.016927899686520375
200 0.12958458083832336 0.5238244514106583 0.007672155688622754 0.013793103448275862
32 0.7510291916167665 0.41818181818181815 0.012163173652694611 0.014420062695924765
44 0.7572043413173652 0.25329153605015675 0.01403443113772455 0.016300940438871474
160 0.14436751497005987 0.24122257053291535 0.01029191616766467 0.02037617554858934
200 0.18637724550898205 0.4250783699059561 0.007859281437125748 0.012539184952978056
99 0.17449476047904192 0.44655172413793104 0.008046407185628742 0.016614420062695926
118 0.6868450598802395 0.4609717868338558 0.011414670658682635 0.019122257053291535
32 0.3479603293413174 0.5827586206896552 0.01029191616766467 0.02006269592476489
149 0.8793974550898204 0.33166144200626957 0.01066616766467066 0.02445141065830721
200 0.8223241017964071 0.45658307210031346 0.006923652694610778 0.014733542319749215
211 0.10872005988023951 0.44200626959247646 0.0048652694610778445 0.016927899686520375
44 0.15475299401197604 0.24012539184952977 0.014221556886227544 0.01818181818181818
22 0.3805202095808383 0.5250783699059561 0.007672155688622754 0.016300940438871474
224 0.33944610778443113 0.4241379310344828 0.008233532934131737 0.018808777429467086
32 0.3491766467065868 0.6036050156739812 0.0093562874251497 0.018495297805642633
211 0.14156062874251496 0.6639498432601881 0.00654940119760479 0.018808777429467086
119 0.17823727544910178 0.28056426332288403 0.01029191616766467 0.0219435736677116
118 0.6265905688622755 0.4652037617554859 0.011788922155688622 0.01755485893416928
118 0.27657185628742514 0.6426332288401254 0.011601796407185628 0.02006269592476489
76 0.8739708083832335 0.43275862068965515 0.009917664670658683 0.05297805642633229
149 0.3419723053892216 0.6633228840125391 0.009169161676646706 0.015047021943573668
22 0.36807634730538924 0.6241379310344828 0.007110778443113772 0.011912225705329153
99 0.8721931137724551 0.39545454545454545 0.007110778443113772 0.019122257053291535
160 0.6308008982035929 0.42351097178683383 0.010853293413173653 0.018808777429467086
7 0.7854603293413174 0.274294670846395 0.009169161676646706 0.01755485893416928
13 0.6841317365269461 0.4 0.008607784431137725 0.015047021943573668
7 0.7506549401197605 0.480564263322884 0.011414670658682635 0.019435736677115987
106 0.5797155688622755 0.46426332288401256 0.011976047904191617 0.016927899686520375
7 0.14923278443113772 0.6047021943573667 0.009169161676646706 0.014420062695924765
106 0.1627994011976048 0.4641065830721003 0.013847305389221557 0.01598746081504702
106 0.7868637724550899 0.31520376175548587 0.01122754491017964 0.01598746081504702
13 0.8379491017964071 0.3529780564263323 0.012350299401197605 0.018808777429467086
118 0.3372941616766467 0.2797805642633229 0.01029191616766467 0.016614420062695926
22 0.7139782934131736 0.36003134796238245 0.008794910179640719 0.018495297805642633
149 0.8801459580838323 0.23009404388714733 0.003181137724550898 0.009404388714733543
119 0.19273952095808383 0.5241379310344828 0.0093562874251497 0.019435736677115987
7 0.5851422155688623 0.3830721003134796 0.010104790419161677 0.018808777429467086
211 0.26029191616766467 0.4468652037617555 0.006362275449101796 0.02037617554858934
7 0.09908308383233533 0.5827586206896552 0.009917664670658683 0.018808777429467086
13 0.25757859281437123 0.48761755485893415 0.009543413173652695 0.021003134796238245
160 0.7053705089820359 0.4626959247648903 0.01066616766467066 0.018808777429467086
13 0.8316803892215568 0.3758620689655172 0.011040419161676647 0.014420062695924765
200 0.23811751497005987 0.5233542319749216 0.008046407185628742 0.012225705329153605
200 0.10572604790419161 0.6233542319749217 0.007110778443113772 0.012225705329153605
200 0.35834580838323354 0.6244514106583072 0.009730538922155689 0.02006269592476489
185 0.6787986526946108 0.569435736677116 0.009543413173652695 0.016614420062695926
224 0.39895209580838326 0.40454545454545454 0.007859281437125748 0.014106583072100314
44 0.6331399700598802 0.4434169278996865 0.01440868263473054 0.015360501567398118
22 0.8489895209580839 0.2304075235109718 0.0048652694610778445 0.010658307210031349
99 0.38033308383233533 0.25862068965517243 0.009917664670658683 0.01755485893416928
200 0.359000748502994 0.32178683385579937 0.009169161676646706 0.017241379310344827
7 0.3400074850299401 0.4452978056426332 0.010479041916167664 0.019122257053291535
13 0.0999251497005988 0.5221003134796238 0.013847305389221557 0.02225705329153605
106 0.5830838323353293 0.40532915360501565 0.01122754491017964 0.016927899686520375
22 0.3749064371257485 0.44482758620689655 0.008046407185628742 0.013166144200626959
8 0.7762911676646707 0.27351097178683387 0.009169161676646706 0.01598746081504702
200 0.5894461077844312 0.44561128526645766 0.008233532934131737 0.014106583072100314
22 0.16700973053892215 0.5241379310344828 0.009917664670658683 0.020689655172413793
119 0.3615269461077844 0.33981191222570534 0.010479041916167664 0.016300940438871474
99 0.35638098802395207 0.3614420062695925 0.006923652694610778 0.019435736677115987
211 0.7551459580838323 0.35517241379310344 0.007297904191616767 0.016927899686520375
224 0.6960142215568862 0.3573667711598746 0.008794910179640719 0.01755485893416928
76 0.09459206586826348 0.6228840125391849 0.01403443113772455 0.03699059561128527
22 0.09646332335329341 0.6032915360501567 0.009917664670658683 0.021003134796238245
118 0.14876497005988024 0.4827586206896552 0.011976047904191617 0.020689655172413793
149 0.2245508982035928 0.40282131661442006 0.010853293413173653 0.01755485893416928
99 0.7693675149700598 0.2946708463949843 0.007672155688622754 0.018808777429467086
119 0.1656062874251497 0.24075235109717869 0.0093562874251497 0.0219435736677116
7 0.24476047904191617 0.2426332288401254 0.007859281437125748 0.02445141065830721
119 0.10469685628742514 0.563949843260188 0.009543413173652695 0.018808777429467086
58 0.23811751497005987 0.6421630094043888 0.012911676646706586 0.017868338557993732
7 0.7697417664670658 0.3385579937304075 0.009543413173652695 0.021316614420062698
200 0.30174026946107785 0.46677115987460815 0.007672155688622754 0.013166144200626959
6 0.15288173652694612 0.261128526645768 0.01122754491017964 0.016927899686520375
200 0.688622754491018 0.36081504702194356 0.010479041916167664 0.02006269592476489
7 0.43880988023952094 0.4633228840125392 0.008982035928143712 0.01755485893416928
58 0.8007110778443114 0.23103448275862068 0.015344311377245509 0.01818181818181818
6 0.8700411676646707 0.3313479623824451 0.009917664670658683 0.019435736677115987
13 0.6432447604790419 0.3195924764890282 0.011040419161676647 0.01598746081504702
160 0.8662986526946108 0.23009404388714733 0.003181137724550898 0.010658307210031349
118 0.6939558383233533 0.25407523510971786 0.011414670658682635 0.017868338557993732
185 0.21379116766467066 0.40391849529780566 0.011788922155688622 0.014106583072100314
22 0.3105351796407186 0.42476489028213166 0.007672155688622754 0.01755485893416928
200 0.1310815868263473 0.6037617554858934 0.01029191616766467 0.019435736677115987
32 0.7903255988023952 0.4371473354231975 0.009917664670658683 0.01598746081504702
211 0.38239146706586824 0.38275862068965516 0.00467814371257485 0.01818181818181818
110 0.3572230538922156 0.42539184952978054 0.0093562874251497 0.01818181818181818
211 0.30445359281437123 0.6633228840125391 0.004491017964071856 0.02006269592476489
149 0.6198540419161677 0.42225705329153607 0.012911676646706586 0.01567398119122257
99 0.23699476047904192 0.604858934169279 0.005426646706586827 0.02037617554858934
224 0.31736526946107785 0.3420062695924765 0.0093562874251497 0.018808777429467086
118 0.27049026946107785 0.5269592476489028 0.008420658682634731 0.019435736677115987
16 0.18216691616766467 0.3630094043887147 0.009917664670658683 0.021316614420062698
149 0.22043413173652696 0.5233542319749216 0.011601796407185628 0.01974921630094044
7 0.7992140718562875 0.3556426332288401 0.010479041916167664 0.017868338557993732
149 0.5913173652694611 0.4647335423197492 0.010853293413173653 0.016614420062695926
7 0.641747754491018 0.3415360501567398 0.008794910179640719 0.014733542319749215
7 0.5716691616766467 0.36191222570532916 0.0093562874251497 0.021003134796238245
200 0.6320172155688623 0.29968652037617555 0.009543413173652695 0.016927899686520375
7 0.7246444610778443 0.31536050156739814 0.008420658682634731 0.01755485893416928
99 0.7926646706586826 0.2749216300940439 0.0074850299401197605 0.018808777429467086
44 0.6758982035928144 0.3799373040752351 0.013847305389221557 0.018808777429467086
211 0.36835703592814373 0.5642633228840125 0.005052395209580838 0.020689655172413793
200 0.8483345808383234 0.4768025078369906 0.009917664670658683 0.01755485893416928
7 0.14165419161676646 0.5028213166144201 0.007859281437125748 0.01755485893416928
211 0.6758982035928144 0.33793103448275863 0.006362275449101796 0.02006269592476489
58 0.6075973053892215 0.42304075235109717 0.01309880239520958 0.017241379310344827
