7 0.09281437125748503 0.234012539184953 0.008607784431137725 0.014106583072100314
7 0.8485217065868264 0.6974921630094044 0.01066616766467066 0.020689655172413793
7 0.9016654191616766 0.6749216300940439 0.008420658682634731 0.016927899686520375
224 0.5044910179640718 0.5542319749216301 0.008607784431137725 0.016927899686520375
7 0.35039296407185627 0.6634796238244514 0.008794910179640719 0.01974921630094044
176 0.8791167664670658 0.12648902821316615 0.010479041916167664 0.023510971786833857
118 0.1156437125748503 0.2512539184952978 0.010104790419161677 0.01598746081504702
22 0.6209767964071856 0.514576802507837 0.009917664670658683 0.017868338557993732
211 0.906062874251497 0.6556426332288401 0.005988023952095809 0.015360501567398118
99 0.9377806886227545 0.31551724137931036 0.008420658682634731 0.021003134796238245
106 0.12181886227544911 0.645141065830721 0.010104790419161677 0.016927899686520375
32 0.6170471556886228 0.653448275862069 0.009543413173652695 0.021003134796238245
149 0.5879491017964071 0.5954545454545455 0.010853293413173653 0.016614420062695926
22 0.28574101796407186 0.6045454545454545 0.008233532934131737 0.01598746081504702
110 0.9096182634730539 0.675705329153605 0.009730538922155689 0.02225705329153605
22 0.8841691616766467 0.7186520376175548 0.008982035928143712 0.02225705329153605
110 0.10872005988023951 0.23244514106583072 0.008233532934131737 0.017241379310344827
44 0.09019461077844311 0.6468652037617555 0.013847305389221557 0.014106583072100314
160 0.9219685628742516 0.6557993730407523 0.010853293413173653 0.016300940438871474
7 0.516747754491018 0.5141065830721003 0.009169161676646706 0.016927899686520375
99 0.5125374251497006 0.6346394984326019 0.0074850299401197605 0.017868338557993732
185 0.5280688622754491 0.6547021943573668 0.0093562874251497 0.02037617554858934
149 0.8905314371257484 0.5101880877742947 0.010104790419161677 0.021003134796238245
200 0.2843375748502994 0.6438871473354232 0.009169161676646706 0.016300940438871474
211 0.8925898203592815 0.5968652037617554 0.005988023952095809 0.0225705329153605
211 0.374438622754491 0.6452978056426333 0.0048652694610778445 0.018495297805642633
200 0.8545097305389222 0.30971786833855797 0.008046407185628742 0.016300940438871474
7 0.2675898203592814 0.30219435736677114 0.008607784431137725 0.015047021943573668
119 0.7119199101796407 0.2507836990595611 0.011788922155688622 0.01818181818181818
143 0.7515905688622755 0.5393416927899687 0.00280688622754491 0.005329153605015674
22 0.26291167664670656 0.2421630094043887 0.0093562874251497 0.017241379310344827
22 0.9127994011976048 0.5332288401253918 0.014970059880239521 0.02006269592476489
200 0.47342814371257486 0.5946708463949844 0.010479041916167664 0.01755485893416928
110 0.27254865269461076 0.24122257053291535 0.011788922155688622 0.01598746081504702
149 0.8661115269461078 0.636833855799373 0.01029191616766467 0.017868338557993732
6 0.5299401197604791 0.5735109717868339 0.009730538922155689 0.017241379310344827
22 0.2375561377245509 0.2822884012539185 0.008794910179640719 0.017241379310344827
160 0.6511040419161677 0.6349529780564264 0.01066616766467066 0.01974921630094044
22 0.32550523952095806 0.5642633228840125 0.007297904191616767 0.015047021943573668
211 0.5229229041916168 0.5136363636363637 0.006923652694610778 0.018495297805642633
185 0.10357410179640719 0.5473354231974922 0.01403443113772455 0.023197492163009405
211 0.29200973053892215 0.6449843260188087 0.00467814371257485 0.017868338557993732
7 0.28882859281437123 0.5813479623824451 0.009169161676646706 0.018495297805642633
143 0.3005239520958084 0.5435736677115988 0.010104790419161677 0.018808777429467086
211 0.27095808383233533 0.26144200626959246 0.00561377245508982 0.01755485893416928
160 0.9088697604790419 0.12413793103448276 0.008607784431137725 0.021316614420062698
7 0.3068862275449102 0.5852664576802508 0.008233532934131737 0.018808777429467086
118 0.8741579341317365 0.7181818181818181 0.013285928143712575 0.018808777429467086
211 0.7491579341317365 0.5379310344827586 0.00280688622754491 0.006896551724137931
22 0.21107784431137724 0.5826018808777429 0.0074850299401197605 0.017868338557993732
22 0.6308944610778443 0.554858934169279 0.007297904191616767 0.016300940438871474
99 0.6441803892215568 0.576332288401254 0.008046407185628742 0.017868338557993732
211 0.13837949101796407 0.23009404388714733 0.005426646706586827 0.016300940438871474
224 0.30978667664670656 0.5656739811912226 0.007672155688622754 0.015360501567398118
119 0.920752245508982 0.5769592476489028 0.011414670658682635 0.01974921630094044
22 0.6727170658682635 0.6156739811912225 0.007859281437125748 0.016300940438871474
185 0.6975112275449101 0.2689655172413793 0.009917664670658683 0.012539184952978056
99 0.9171032934131736 0.5957680250783699 0.007859281437125748 0.01974921630094044
7 0.5367702095808383 0.6336990595611285 0.009917664670658683 0.021630094043887146
211 0.10675523952095808 0.6686520376175549 0.00467814371257485 0.016927899686520375
211 0.5848615269461078 0.6141065830721003 0.005800898203592814 0.01818181818181818
106 0.3598428143712575 0.6233542319749217 0.010853293413173653 0.016614420062695926
211 0.6375374251497006 0.5150470219435737 0.00561377245508982 0.01755485893416928
160 0.2004116766467066 0.5412225705329153 0.010853293413173653 0.016614420062695926
7 0.07765718562874252 0.23557993730407523 0.010853293413173653 0.017868338557993732
7 0.9185067365269461 0.675705329153605 0.008420658682634731 0.019122257053291535
22 0.530501497005988 0.5148902821316614 0.008607784431137725 0.015360501567398118
22 0.1122754491017964 0.646551724137931 0.008233532934131737 0.016614420062695926
118 0.9159805389221557 0.6156739811912225 0.011976047904191617 0.01818181818181818
200 0.16644835329341318 0.6219435736677116 0.009169161676646706 0.016300940438871474
211 0.11395958083832336 0.2725705329153605 0.0093562874251497 0.014733542319749215
8 0.6922717065868264 0.25141065830721004 0.009917664670658683 0.020689655172413793
185 0.24756736526946108 0.3247648902821317 0.008233532934131737 0.01755485893416928
7 0.9190681137724551 0.7172413793103448 0.009543413173652695 0.021316614420062698
185 0.8955838323353293 0.29247648902821316 0.010853293413173653 0.016927899686520375
22 0.30127245508982037 0.5644200626959248 0.008233532934131737 0.014733542319749215
22 0.49167290419161674 0.5949843260188088 0.008794910179640719 0.019435736677115987
200 0.5404191616766467 0.5547021943573668 0.008233532934131737 0.018495297805642633
211 0.375 0.6239811912225706 0.004116766467065869 0.017868338557993732
119 0.6326721556886228 0.534796238244514 0.0093562874251497 0.016300940438871474
99 0.7390531437125748 0.4768025078369906 0.007297904191616767 0.016927899686520375
32 0.12659056886227546 0.2507836990595611 0.009543413173652695 0.015047021943573668
176 0.9023203592814372 0.5768025078369906 0.010479041916167664 0.02006269592476489
99 0.6554079341317365 0.5962382445141066 0.006923652694610778 0.016300940438871474
22 0.6902133233532934 0.2689655172413793 0.005426646706586827 0.01128526645768025
211 0.8830464071856288 0.329153605015674 0.008607784431137725 0.016927899686520375
211 0.0750374251497006 0.6669278996865203 0.006736526946107785 0.017241379310344827
149 0.19086826347305388 0.5601880877742946 0.011976047904191617 0.01755485893416928
13 0.3000561377245509 0.6246081504702194 0.008420658682634731 0.01974921630094044
211 0.12340943113772455 0.23103448275862068 0.004303892215568862 0.016300940438871474
13 0.265812125748503 0.2816614420062696 0.008420658682634731 0.014106583072100314
118 0.20462200598802396 0.6639498432601881 0.01029191616766467 0.016300940438871474
22 0.49906437125748504 0.5932601880877743 0.007859281437125748 0.017868338557993732
224 0.5029940119760479 0.5739811912225705 0.008607784431137725 0.01567398119122257
200 0.5558570359281437 0.6142633228840125 0.007297904191616767 0.011598746081504702
44 0.9309505988023952 0.6159874608150471 0.016841317365269462 0.01755485893416928
119 0.7465381736526946 0.5387147335423198 0.003181137724550898 0.0065830721003134795
118 0.9019461077844312 0.5109717868338558 0.013847305389221557 0.0225705329153605
160 0.6664483532934131 0.5554858934169279 0.008420658682634731 0.016927899686520375
7 0.655127245508982 0.6167711598746082 0.008982035928143712 0.016614420062695926
200 0.5909431137724551 0.6147335423197492 0.008982035928143712 0.014420062695924765
224 0.18385104790419163 0.6230407523510971 0.008420658682634731 0.014733542319749215
99 0.26450224550898205 0.32445141065830724 0.00654940119760479 0.019435736677115987
224 0.20668038922155688 0.6435736677115987 0.007672155688622754 0.014420062695924765
185 0.17936002994011976 0.24200626959247648 0.009169161676646706 0.016300940438871474
22 0.5058008982035929 0.534796238244514 0.0093562874251497 0.019435736677115987
22 0.13613398203592814 0.29059561128526645 0.008420658682634731 0.01755485893416928
13 0.07831212574850299 0.6468652037617555 0.01029191616766467 0.01598746081504702
185 0.6305202095808383 0.5963949843260188 0.01029191616766467 0.015360501567398118
13 0.39577095808383234 0.647962382445141 0.002619760479041916 0.010031347962382446
22 0.4885853293413174 0.27899686520376177 0.0093562874251497 0.01567398119122257
211 0.22099550898203593 0.6641065830721004 0.004116766467065869 0.01598746081504702
13 0.10815868263473054 0.606269592476489 0.0093562874251497 0.01755485893416928
106 0.8710703592814372 0.6170846394984326 0.008982035928143712 0.017241379310344827
176 0.6967627245508982 0.595141065830721 0.008794910179640719 0.021003134796238245
22 0.27395209580838326 0.28134796238244514 0.007859281437125748 0.015360501567398118
119 0.8466504491017964 0.28996865203761757 0.008420658682634731 0.01567398119122257
13 0.266186377245509 0.6054858934169279 0.009917664670658683 0.017868338557993732
7 0.2557073353293413 0.6456112852664577 0.009169161676646706 0.016614420062695926
211 0.30735404191616766 0.6252351097178683 0.0061751497005988025 0.019122257053291535
22 0.8946482035928144 0.6167711598746082 0.0093562874251497 0.016614420062695926
76 0.5258233532934131 0.49498432601880876 0.010479041916167664 0.034482758620689655
119 0.28050149700598803 0.6249216300940439 0.008607784431137725 0.01598746081504702
7 0.36742140718562877 0.6449843260188087 0.007672155688622754 0.018495297805642633
7 0.703873502994012 0.6181818181818182 0.011414670658682635 0.021316614420062698
211 0.25673652694610777 0.2615987460815047 0.004491017964071856 0.01598746081504702
118 0.12387724550898203 0.2731974921630094 0.009730538922155689 0.01598746081504702
106 0.8822043413173652 0.5777429467084639 0.012537425149700599 0.019435736677115987
7 0.6176085329341318 0.5355799373040753 0.007672155688622754 0.018495297805642633
211 0.5477170658682635 0.5547021943573668 0.005988023952095809 0.018495297805642633
118 0.6146145209580839 0.576332288401254 0.012537425149700599 0.017241379310344827
118 0.8643338323353293 0.30987460815047024 0.011601796407185628 0.017868338557993732
200 0.26487649700598803 0.6266457680250783 0.008794910179640719 0.016300940438871474
200 0.6296781437125748 0.6159874608150471 0.008982035928143712 0.01755485893416928
99 0.9287050898203593 0.29545454545454547 0.006362275449101796 0.01598746081504702
32 0.6393151197604791 0.5551724137931034 0.009169161676646706 0.016927899686520375
22 0.6679453592814372 0.535423197492163 0.007672155688622754 0.016300940438871474
22 0.10759730538922156 0.625705329153605 0.0074850299401197605 0.014420062695924765
58 0.6466130239520959 0.4731974921630094 0.01440868263473054 0.019122257053291535
224 0.3158682634730539 0.6653605015673981 0.008607784431137725 0.017868338557993732
110 0.40325598802395207 0.6482758620689655 0.0037425149700598802 0.010031347962382446
106 0.5413547904191617 0.5329153605015674 0.01347305389221557 0.01755485893416928
118 0.6457709580838323 0.5150470219435737 0.011601796407185628 0.019435736677115987
13 0.6343562874251497 0.635423197492163 0.008982035928143712 0.013793103448275862
211 0.9315119760479041 0.3137931034482759 0.0048652694610778445 0.02006269592476489
118 0.5034618263473054 0.30078369905956115 0.011040419161676647 0.017241379310344827
211 0.8652694610778443 0.6987460815047022 0.005988023952095809 0.01755485893416928
211 0.7129491017964071 0.2700626959247649 0.004491017964071856 0.012852664576802508
224 0.28274700598802394 0.28244514106583074 0.008982035928143712 0.01567398119122257
119 0.6245321856287425 0.5343260188087774 0.009543413173652695 0.017868338557993732
118 0.35142215568862273 0.6442006269592476 0.007110778443113772 0.016300940438871474
99 0.6274326347305389 0.4725705329153605 0.007110778443113772 0.01974921630094044
44 0.8553517964071856 0.677115987460815 0.01347305389221557 0.01755485893416928
22 0.9084955089820359 0.5956112852664577 0.008982035928143712 0.01755485893416928
13 0.4157934131736527 0.6492163009404389 0.004116766467065869 0.007523510971786834
76 0.9244011976047904 0.3338557993730408 0.0093562874251497 0.0225705329153605
110 0.7384917664670658 0.5377742946708464 0.00280688622754491 0.004702194357366771
160 0.874812874251497 0.6557993730407523 0.0093562874251497 0.020689655172413793
22 0.6109655688622755 0.5957680250783699 0.008607784431137725 0.016614420062695926
185 0.6597118263473054 0.6363636363636364 0.011040419161676647 0.019435736677115987
7 0.5389221556886228 0.6153605015673981 0.007110778443113772 0.016927899686520375
106 0.09169161676646706 0.668025078369906 0.01122754491017964 0.01818181818181818
22 0.8992327844311377 0.5554858934169279 0.011414670658682635 0.018808777429467086
32 0.3226047904191617 0.6244514106583072 0.010479041916167664 0.021316614420062698
22 0.733252245508982 0.5371473354231975 0.00280688622754491 0.0065830721003134795
7 0.5130052395209581 0.6144200626959248 0.008420658682634731 0.01818181818181818
7 0.6690681137724551 0.6365203761755486 0.009543413173652695 0.016614420062695926
224 0.2411115269461078 0.30266457680250786 0.007297904191616767 0.013479623824451411
211 0.5210516467065869 0.5332288401253918 0.005800898203592814 0.01818181818181818
7 0.1847866766467066 0.6018808777429467 0.009169161676646706 0.01567398119122257
32 0.8953031437125748 0.636833855799373 0.011414670658682635 0.017241379310344827
118 0.7403630239520959 0.5181818181818182 0.012537425149700599 0.016300940438871474
99 0.25683008982035926 0.6258620689655172 0.007672155688622754 0.017868338557993732
32 0.5086077844311377 0.5147335423197492 0.008233532934131737 0.018808777429467086
76 0.29528443113772457 0.6039184952978056 0.010853293413173653 0.03667711598746082
119 0.8532934131736527 0.7197492163009405 0.009730538922155689 0.01818181818181818
200 0.13566616766467066 0.25 0.007110778443113772 0.014106583072100314
118 0.49569610778443113 0.6553291536050156 0.010479041916167664 0.016614420062695926
149 0.16700973053892215 0.6409090909090909 0.009543413173652695 0.015360501567398118
7 0.5595059880239521 0.5959247648902821 0.008982035928143712 0.016927899686520375
7 0.5362088323353293 0.6525078369905956 0.009169161676646706 0.019122257053291535
6 0.8905314371257484 0.5556426332288401 0.010853293413173653 0.018495297805642633
118 0.8678892215568862 0.6772727272727272 0.012724550898203593 0.01974921630094044
185 0.14446107784431136 0.22899686520376175 0.0093562874251497 0.016614420062695926
185 0.15568862275449102 0.6420062695924765 0.010104790419161677 0.015047021943573668
200 0.6768338323353293 0.5753918495297806 0.007859281437125748 0.017241379310344827
22 0.0966504491017964 0.4818181818181818 0.009917664670658683 0.019435736677115987
44 0.7446669161676647 0.6401253918495298 0.014782934131736527 0.023824451410658306
106 0.4742702095808383 0.654858934169279 0.011788922155688622 0.01567398119122257
118 0.4104603293413174 0.6487460815047021 0.003181137724550898 0.010344827586206896
211 0.6166729041916168 0.5962382445141066 0.005800898203592814 0.016927899686520375
224 0.9156998502994012 0.12288401253918495 0.008046407185628742 0.023824451410658306
149 0.09636976047904192 0.31520376175548587 0.011976047904191617 0.015360501567398118
7 0.8874438622754491 0.12711598746081504 0.009169161676646706 0.026018808777429465
200 0.8828592814371258 0.6974921630094044 0.010104790419161677 0.02006269592476489
200 0.9011040419161677 0.12476489028213165 0.007672155688622754 0.021316614420062698
224 0.35862649700598803 0.6655172413793103 0.008420658682634731 0.01755485893416928
200 0.6628929640718563 0.5967084639498432 0.008420658682634731 0.014106583072100314
13 0.12836826347305388 0.29059561128526645 0.007859281437125748 0.015047021943573668
118 0.733252245508982 0.6 0.012911676646706586 0.025078369905956112
7 0.8849176646706587 0.5971786833855799 0.009730538922155689 0.020689655172413793
58 0.5349925149700598 0.5938871473354232 0.012350299401197605 0.018495297805642633
224 0.5999251497005988 0.6352664576802508 0.008607784431137725 0.016614420062695926
160 0.6518525449101796 0.5753918495297806 0.008794910179640719 0.018495297805642633
7 0.41888098802395207 0.6478056426332288 0.003929640718562874 0.008463949843260187
200 0.09917664670658682 0.6075235109717868 0.009730538922155689 0.018808777429467086
224 0.6231287425149701 0.5970219435736677 0.008233532934131737 0.01598746081504702
224 0.17589820359281438 0.6416927899686521 0.008233532934131737 0.016300940438871474
200 0.19114895209580837 0.5824451410658307 0.008794910179640719 0.01818181818181818
200 0.48502994011976047 0.6553291536050156 0.010479041916167664 0.016614420062695926
211 0.5450973053892215 0.6343260188087775 0.005239520958083832 0.017241379310344827
22 0.47623502994011974 0.6362068965517241 0.010853293413173653 0.017241379310344827
58 0.19592065868263472 0.6031347962382445 0.013847305389221557 0.016927899686520375
200 0.9240269461077845 0.5959247648902821 0.008982035928143712 0.01818181818181818
22 0.10263847305389222 0.5669278996865204 0.01029191616766467 0.02037617554858934
7 0.21425898203592814 0.6432601880877743 0.008607784431137725 0.016300940438871474
32 0.6345434131736527 0.6554858934169279 0.010104790419161677 0.02006269592476489
13 0.2712387724550898 0.6652037617554859 0.009917664670658683 0.016927899686520375
110 0.6237836826347305 0.5553291536050157 0.008420658682634731 0.017868338557993732
118 0.20087949101796407 0.5821316614420062 0.012163173652694611 0.016927899686520375
13 0.891560628742515 0.6551724137931034 0.01066616766467066 0.01818181818181818
160 0.19900823353293412 0.6424764890282132 0.008046407185628742 0.016614420062695926
200 0.5550149700598802 0.5540752351097179 0.007859281437125748 0.016614420062695926
76 0.6166729041916168 0.6347962382445141 0.01029191616766467 0.02946708463949843
7 0.2255800898203593 0.2427899686520376 0.011040419161676647 0.02037617554858934
58 0.17898577844311378 0.5804075235109718 0.01440868263473054 0.018495297805642633
32 0.6267776946107785 0.576332288401254 0.01029191616766467 0.019122257053291535
211 0.4005426646706587 0.64576802507837 0.003181137724550898 0.009404388714733543
224 0.12425149700598802 0.4824451410658307 0.012350299401197605 0.023197492163009405
13 0.6009543413173652 0.6537617554858934 0.008794910179640719 0.017868338557993732
7 0.280688622754491 0.6656739811912226 0.0093562874251497 0.01598746081504702
211 0.42262350299401197 0.6481191222570533 0.00467814371257485 0.009717868338557993
211 0.10245134730538923 0.4800940438871473 0.00467814371257485 0.017868338557993732
200 0.20686751497005987 0.6045454545454545 0.009917664670658683 0.017868338557993732
119 0.15868263473053892 0.6228840125391849 0.007110778443113772 0.01567398119122257
7 0.8815494011976048 0.5559561128526646 0.010853293413173653 0.017868338557993732
7 0.49307634730538924 0.30094043887147337 0.009730538922155689 0.01567398119122257
224 0.08224176646706587 0.6670846394984326 0.007672155688622754 0.01567398119122257
118 0.7324101796407185 0.6399686520376175 0.010479041916167664 0.02225705329153605
224 0.5076721556886228 0.5949843260188088 0.0074850299401197605 0.01818181818181818
22 0.8539483532934131 0.28996865203761757 0.008046407185628742 0.014420062695924765
7 0.6389408682634731 0.5970219435736677 0.009543413173652695 0.014106583072100314
118 0.6672904191616766 0.5141065830721003 0.01122754491017964 0.02006269592476489
224 0.9343188622754491 0.5960815047021943 0.010104790419161677 0.018495297805642633
149 0.6957335329341318 0.618808777429467 0.009730538922155689 0.0225705329153605
13 0.09309505988023951 0.5655172413793104 0.011414670658682635 0.020689655172413793
200 0.2577657185628742 0.2822884012539185 0.008046407185628742 0.01598746081504702
44 0.8947417664670658 0.7177115987460815 0.013660179640718563 0.02037617554858934
160 0.5920658682634731 0.6536050156739812 0.008982035928143712 0.018808777429467086
7 0.6247193113772455 0.6553291536050156 0.009917664670658683 0.018495297805642633
32 0.6477357784431138 0.49420062695924766 0.009169161676646706 0.019122257053291535
119 0.4820359281437126 0.5935736677115987 0.010104790419161677 0.019122257053291535
211 0.21032934131736528 0.542319749216301 0.010104790419161677 0.019435736677115987
6 0.6471744011976048 0.5970219435736677 0.01029191616766467 0.01598746081504702
7 0.8720995508982036 0.1274294670846395 0.008046407185628742 0.02413793103448276
7 0.21154565868263472 0.5620689655172414 0.008794910179640719 0.016927899686520375
22 0.9157934131736527 0.33072100313479624 0.008982035928143712 0.01818181818181818
224 0.5562312874251497 0.5752351097178683 0.008794910179640719 0.01567398119122257
160 0.22735778443113772 0.3221003134796238 0.0093562874251497 0.01598746081504702
32 0.876122754491018 0.6349529780564264 0.010853293413173653 0.019122257053291535
76 0.10769086826347306 0.5059561128526646 0.012911676646706586 0.03761755485893417
200 0.8747193113772455 0.28996865203761757 0.009917664670658683 0.016300940438871474
7 0.2467252994011976 0.24122257053291535 0.009543413173652695 0.017241379310344827
58 0.5988959580838323 0.5960815047021943 0.01627994011976048 0.016614420062695926
22 0.8787425149700598 0.6159874608150471 0.008982035928143712 0.01755485893416928
22 0.3094124251497006 0.5445141065830721 0.008420658682634731 0.01818181818181818
7 0.6147080838323353 0.5553291536050157 0.010104790419161677 0.017868338557993732
110 0.23877245508982037 0.2426332288401254 0.007859281437125748 0.016300940438871474
160 0.10104790419161677 0.5247648902821317 0.01122754491017964 0.0219435736677116
118 0.21631736526946108 0.3238244514106583 0.011601796407185628 0.01755485893416928
211 0.889689371257485 0.31175548589341695 0.00467814371257485 0.017241379310344827
99 0.10076721556886227 0.6677115987460815 0.00654940119760479 0.016300940438871474
22 0.6080651197604791 0.6360501567398119 0.008420658682634731 0.018808777429467086
224 0.8822043413173652 0.6561128526645768 0.009169161676646706 0.016300940438871474
211 0.7566429640718563 0.5404388714733542 0.00280688622754491 0.008150470219435737
118 0.2578592814371258 0.30266457680250786 0.010479041916167664 0.015360501567398118
7 0.5241392215568862 0.593103448275862 0.0093562874251497 0.016300940438871474
211 0.2440119760479042 0.26144200626959246 0.006362275449101796 0.01755485893416928
118 0.9082148203592815 0.7178683385579937 0.012537425149700599 0.0219435736677116
22 0.40690494011976047 0.6473354231974922 0.003181137724550898 0.01128526645768025
13 0.5108532934131736 0.5736677115987461 0.010104790419161677 0.01755485893416928
211 0.3162425149700599 0.5442006269592476 0.0029940119760479044 0.018808777429467086
211 0.5522080838323353 0.5128526645768025 0.008982035928143712 0.01755485893416928
7 0.10507110778443114 0.2730407523510972 0.008794910179640719 0.01567398119122257
22 0.12060254491017965 0.2901253918495298 0.008046407185628742 0.015360501567398118
22 0.1914296407185629 0.6438871473354232 0.007859281437125748 0.01567398119122257
211 0.8772455089820359 0.5970219435736677 0.0093562874251497 0.017241379310344827
44 0.48559131736526945 0.2573667711598746 0.011601796407185628 0.016927899686520375
160 0.10376122754491018 0.5849529780564263 0.009543413173652695 0.020689655172413793
7 0.5113211077844312 0.30047021943573665 0.009169161676646706 0.017868338557993732
22 0.11723428143712575 0.23244514106583072 0.009917664670658683 0.017868338557993732
22 0.30810254491017963 0.6650470219435737 0.007672155688622754 0.015360501567398118
32 0.5054266467065869 0.6357366771159875 0.008607784431137725 0.016927899686520375
118 0.9329154191616766 0.636833855799373 0.012911676646706586 0.017868338557993732
185 0.8980164670658682 0.31159874608150473 0.011601796407185628 0.01818181818181818
7 0.5203967065868264 0.6346394984326019 0.008607784431137725 0.01974921630094044
22 0.9246818862275449 0.31128526645768023 0.008794910179640719 0.019435736677115987
13 0.08420658682634731 0.234012539184953 0.009730538922155689 0.01598746081504702
22 0.2255800898203593 0.5827586206896552 0.007297904191616767 0.01818181818181818
200 0.8381362275449101 0.2891849529780564 0.008982035928143712 0.015360501567398118
22 0.49569610778443113 0.635423197492163 0.008607784431137725 0.018808777429467086
211 0.21772080838323354 0.5614420062695925 0.003181137724550898 0.01818181818181818
7 0.09618263473053892 0.504858934169279 0.011601796407185628 0.021630094043887146
200 0.09580838323353294 0.5871473354231975 0.010104790419161677 0.01818181818181818
149 0.5204902694610778 0.5735109717868339 0.009169161676646706 0.017868338557993732
13 0.6293974550898204 0.5148902821316614 0.009917664670658683 0.019122257053291535
22 0.1185441616766467 0.6059561128526646 0.013660179640718563 0.019435736677115987
118 0.5292851796407185 0.5333855799373041 0.01066616766467066 0.017868338557993732
118 0.9092440119760479 0.554858934169279 0.012350299401197605 0.020689655172413793
8 0.25112275449101795 0.2620689655172414 0.0074850299401197605 0.01755485893416928
224 0.31315494011976047 0.6252351097178683 0.00654940119760479 0.018495297805642633
99 0.10142215568862276 0.23448275862068965 0.007110778443113772 0.016300940438871474
76 0.5477170658682635 0.5934169278996865 0.012350299401197605 0.03636363636363636
7 0.7049026946107785 0.5971786833855799 0.008982035928143712 0.020689655172413793
224 0.27834955089820357 0.26238244514106585 0.009169161676646706 0.01567398119122257
200 0.8829528443113772 0.31159874608150473 0.008794910179640719 0.016300940438871474
149 0.5207709580838323 0.47288401253918494 0.010853293413173653 0.016614420062695926
149 0.6455838323353293 0.6557993730407523 0.011976047904191617 0.0219435736677116
185 0.22922904191616766 0.28322884012539185 0.008233532934131737 0.015360501567398118
22 0.5357410179640718 0.49310344827586206 0.009730538922155689 0.016927899686520375
58 0.719872754491018 0.640282131661442 0.014221556886227544 0.021630094043887146
44 0.09019461077844311 0.6065830721003135 0.01122754491017964 0.019435736677115987
7 0.8866017964071856 0.6764890282131661 0.008982035928143712 0.019435736677115987
118 0.11424026946107785 0.5862068965517241 0.011414670658682635 0.01818181818181818
200 0.39811002994011974 0.6484326018808777 0.003181137724550898 0.007210031347962382
22 0.2564558383233533 0.32445141065830724 0.009543413173652695 0.01755485893416928
211 0.608626497005988 0.6556426332288401 0.005800898203592814 0.018495297805642633
118 0.32522455089820357 0.5463949843260189 0.009730538922155689 0.01755485893416928
7 0.32550523952095806 0.6460815047021944 0.009543413173652695 0.016927899686520375
149 0.6360404191616766 0.5769592476489028 0.009730538922155689 0.01974921630094044
58 0.6569049401197605 0.5349529780564264 0.01440868263473054 0.01598746081504702
22 0.3691055389221557 0.6239811912225706 0.008420658682634731 0.018495297805642633
99 0.5527694610778443 0.534796238244514 0.007110778443113772 0.01818181818181818
7 0.8658308383233533 0.6565830721003135 0.010479041916167664 0.019122257053291535
8 0.27367140718562877 0.6255485893416928 0.006923652694610778 0.017241379310344827
22 0.9442365269461078 0.3394984326018809 0.008982035928143712 0.0219435736677116
99 0.17103293413173654 0.6018808777429467 0.006362275449101796 0.019435736677115987
32 0.22885479041916168 0.6639498432601881 0.009730538922155689 0.016300940438871474
118 0.3142776946107784 0.6454545454545455 0.011414670658682635 0.018808777429467086
106 0.2160366766467066 0.6230407523510971 0.011788922155688622 0.015360501567398118
149 0.5238585329341318 0.5537617554858935 0.009543413173652695 0.018495297805642633
224 0.17309131736526945 0.6619122257053291 0.0074850299401197605 0.01598746081504702
211 0.21762724550898205 0.6039184952978056 0.010479041916167664 0.01598746081504702
32 0.8397267964071856 0.6976489028213166 0.01029191616766467 0.018495297805642633
211 0.8793974550898204 0.5322884012539185 0.009169161676646706 0.021316614420062698
7 0.6345434131736527 0.47304075235109716 0.0093562874251497 0.019435736677115987
7 0.6266841317365269 0.6362068965517241 0.008982035928143712 0.017241379310344827
200 0.6426833832335329 0.635423197492163 0.008420658682634731 0.01755485893416928
44 0.09562125748502993 0.6261755485893417 0.014595808383233533 0.014733542319749215
118 0.5097305389221557 0.2793103448275862 0.012350299401197605 0.013166144200626959
99 0.9084019461077845 0.3299373040752351 0.00654940119760479 0.016614420062695926
143 0.546687874251497 0.6134796238244514 0.01029191616766467 0.018808777429467086
22 0.22623502994011976 0.6244514106583072 0.008607784431137725 0.01567398119122257
7 0.7011601796407185 0.2507836990595611 0.008982035928143712 0.01818181818181818
118 0.1158308383233533 0.6664576802507837 0.012350299401197605 0.016300940438871474
200 0.3317739520958084 0.6244514106583072 0.008607784431137725 0.016927899686520375
118 0.5534244011976048 0.6343260188087775 0.01066616766467066 0.02037617554858934
76 0.8897829341317365 0.5324451410658307 0.012350299401197605 0.034169278996865206
76 0.2790044910179641 0.5846394984326019 0.0093562874251497 0.025078369905956112
168 0.11330464071856287 0.5642633228840125 0.009543413173652695 0.0225705329153605
22 0.0970247005988024 0.2537617554858934 0.007672155688622754 0.017241379310344827
44 0.2316616766467066 0.3028213166144201 0.013847305389221557 0.013166144200626959
118 0.4965381736526946 0.2589341692789969 0.011414670658682635 0.016300940438871474
13 0.8787425149700598 0.6755485893416928 0.01122754491017964 0.01755485893416928
58 0.5479041916167665 0.6542319749216301 0.012724550898203593 0.018808777429467086
118 0.48362649700598803 0.6152037617554859 0.012911676646706586 0.021003134796238245
99 0.31399700598802394 0.5855799373040752 0.005988023952095809 0.018808777429467086
143 0.18319610778443113 0.6413793103448275 0.008607784431137725 0.016300940438871474
110 0.9166354790419161 0.31175548589341695 0.008046407185628742 0.017868338557993732
149 0.2909805389221557 0.6249216300940439 0.008607784431137725 0.015360501567398118
22 0.18862275449101795 0.24169278996865204 0.008982035928143712 0.016300940438871474
160 0.3047342814371258 0.6051724137931035 0.007672155688622754 0.019122257053291535
7 0.8054827844311377 0.3501567398119122 0.012163173652694611 0.01755485893416928
106 0.16083458083832336 0.6015673981191223 0.011788922155688622 0.01755485893416928
7 0.5854229041916168 0.6547021943573668 0.009169161676646706 0.018495297805642633
149 0.3928705089820359 0.6470219435736677 0.00467814371257485 0.010658307210031349
13 0.359000748502994 0.643730407523511 0.009169161676646706 0.017241379310344827
211 0.5641841317365269 0.5749216300940438 0.00561377245508982 0.016300940438871474
22 0.7071482035928144 0.2700626959247649 0.007859281437125748 0.012225705329153605
7 0.18965194610778444 0.6630094043887147 0.008046407185628742 0.013793103448275862
185 0.5039296407185628 0.6136363636363636 0.010479041916167664 0.017241379310344827
44 0.7200598802395209 0.5970219435736677 0.012724550898203593 0.022884012539184952
200 0.9126122754491018 0.6557993730407523 0.007859281437125748 0.014420062695924765
106 0.24784805389221556 0.2822884012539185 0.01066616766467066 0.017868338557993732
118 0.2773203592814371 0.3012539184952978 0.011601796407185628 0.016300940438871474
76 0.4979416167664671 0.2797805642633229 0.011976047904191617 0.016614420062695926
149 0.6366953592814372 0.49498432601880876 0.012163173652694611 0.019435736677115987
176 0.27311002994011974 0.3239811912225705 0.011040419161676647 0.018495297805642633
224 0.9524700598802395 0.33636363636363636 0.008233532934131737 0.01755485893416928
224 0.11667290419161677 0.6253918495297806 0.009169161676646706 0.013793103448275862
32 0.9485404191616766 0.29670846394984324 0.01122754491017964 0.017241379310344827
224 0.21800149700598803 0.5836990595611286 0.006736526946107785 0.01818181818181818
149 0.1156437125748503 0.31536050156739814 0.010853293413173653 0.016300940438871474
32 0.20256362275449102 0.561755485893417 0.009543413173652695 0.016300940438871474
13 0.2751684131736527 0.6442006269592476 0.01029191616766467 0.016927899686520375
13 0.29781062874251496 0.584012539184953 0.01029191616766467 0.013793103448275862
110 0.7359655688622755 0.5377742946708464 0.0033682634730538923 0.005329153605015674
99 0.8998877245508982 0.6565830721003135 0.005988023952095809 0.019122257053291535
119 0.22314745508982037 0.6434169278996865 0.008420658682634731 0.015360501567398118
200 0.8928705089820359 0.32884012539184954 0.01029191616766467 0.01755485893416928
13 0.9005426646706587 0.32978056426332286 0.009169161676646706 0.016927899686520375
118 0.8846369760479041 0.29231974921630094 0.01029191616766467 0.017241379310344827
224 0.5483720059880239 0.5739811912225705 0.009169161676646706 0.01755485893416928
13 0.19769835329341318 0.622257053291536 0.009917664670658683 0.016300940438871474
185 0.15587574850299402 0.662539184952978 0.008982035928143712 0.016614420062695926
200 0.11012350299401198 0.482601880877743 0.01066616766467066 0.02037617554858934
211 0.8941803892215568 0.675705329153605 0.005426646706586827 0.019122257053291535
6 0.12013473053892215 0.5062695924764891 0.01347305389221557 0.021316614420062698
7 0.22305389221556887 0.5615987460815047 0.008233532934131737 0.019122257053291535
118 0.19844685628742514 0.2413793103448276 0.01066616766467066 0.018808777429467086
32 0.9291729041916168 0.5757053291536051 0.01029191616766467 0.01974921630094044
211 0.11779565868263472 0.4810344827586207 0.0061751497005988025 0.02225705329153605
160 0.6631736526946108 0.6567398119122257 0.008982035928143712 0.020689655172413793
44 0.30136601796407186 0.6452978056426333 0.012537425149700599 0.018495297805642633
119 0.5298465568862275 0.6137931034482759 0.009169161676646706 0.01818181818181818
118 0.2375561377245509 0.3236677115987461 0.011414670658682635 0.016614420062695926
6 0.8579715568862275 0.6968652037617555 0.0093562874251497 0.019435736677115987
211 0.7114520958083832 0.5974921630094044 0.005988023952095809 0.023824451410658306
22 0.7111714071856288 0.6405956112852664 0.007672155688622754 0.019122257053291535
224 0.31764595808383234 0.5650470219435737 0.008420658682634731 0.015360501567398118
22 0.9345995508982036 0.33793103448275863 0.01029191616766467 0.025078369905956112
118 0.8938061377245509 0.6963949843260188 0.012537425149700599 0.018495297805642633
185 0.5135666167664671 0.5550156739811912 0.011040419161676647 0.017868338557993732
44 0.5882297904191617 0.6352664576802508 0.015157185628742515 0.01598746081504702
32 0.672436377245509 0.6564263322884013 0.009543413173652695 0.018808777429467086
99 0.7180950598802395 0.2710031347962382 0.005800898203592814 0.013479623824451411
200 0.672249251497006 0.596551724137931 0.009169161676646706 0.01567398119122257
106 0.5402320359281437 0.5119122257053291 0.012350299401197605 0.01567398119122257
22 0.6123690119760479 0.6144200626959248 0.008420658682634731 0.013793103448275862
119 0.08804266467065869 0.2554858934169279 0.01029191616766467 0.01567398119122257
160 0.1746818862275449 0.6221003134796238 0.009169161676646706 0.016614420062695926
32 0.8571294910179641 0.6581504702194357 0.009917664670658683 0.019122257053291535
58 0.6005800898203593 0.6152037617554859 0.013285928143712575 0.015360501567398118
160 0.7412050898203593 0.5376175548589341 0.0033682634730538923 0.005642633228840125
99 0.6588697604790419 0.5550156739811912 0.007110778443113772 0.017868338557993732
58 0.6998502994011976 0.6404388714733542 0.011976047904191617 0.020689655172413793
13 0.23652694610778444 0.2619122257053291 0.008607784431137725 0.01598746081504702
143 0.8724738023952096 0.6973354231974922 0.01066616766467066 0.02037617554858934
149 0.21023577844311378 0.24122257053291535 0.01029191616766467 0.018495297805642633
22 0.514689371257485 0.534012539184953 0.008046407185628742 0.019122257053291535
200 0.2638473053892216 0.2620689655172414 0.008233532934131737 0.016927899686520375
149 0.41308008982035926 0.6487460815047021 0.003555389221556886 0.010344827586206896
32 0.6642028443113772 0.6158307210031349 0.009169161676646706 0.017868338557993732
118 0.5169348802395209 0.6536050156739812 0.012537425149700599 0.018808777429467086
58 0.11133982035928144 0.28934169278996863 0.011976047904191617 0.01755485893416928
13 0.8867889221556886 0.6167711598746082 0.010853293413173653 0.02037617554858934
149 0.9375935628742516 0.2946708463949843 0.009169161676646706 0.016300940438871474
224 0.6607410179640718 0.5757053291536051 0.008607784431137725 0.016614420062695926
106 0.4848428143712575 0.6357366771159875 0.011601796407185628 0.01755485893416928
211 0.531998502994012 0.5553291536050157 0.005239520958083832 0.017241379310344827
224 0.2630988023952096 0.6642633228840126 0.008607784431137725 0.016927899686520375
118 0.10235778443113773 0.6459247648902822 0.01122754491017964 0.016614420062695926
118 0.907185628742515 0.6369905956112852 0.011976047904191617 0.01755485893416928
22 0.516373502994012 0.4938871473354232 0.008420658682634731 0.014106583072100314
200 0.8927769461077845 0.5793103448275863 0.0093562874251497 0.023197492163009405
22 0.21472679640718562 0.6656739811912226 0.008420658682634731 0.01598746081504702
99 0.25505239520958084 0.24169278996865204 0.007110778443113772 0.01818181818181818
185 0.515063622754491 0.5943573667711599 0.01029191616766467 0.019435736677115987
110 0.3244760479041916 0.5860501567398119 0.01122754491017964 0.02037617554858934
200 0.4944797904191617 0.6159874608150471 0.009543413173652695 0.01818181818181818
22 0.5391092814371258 0.5741379310344827 0.008982035928143712 0.016614420062695926
22 0.32934131736526945 0.5846394984326019 0.008607784431137725 0.016300940438871474
7 0.8630239520958084 0.7191222570532916 0.008982035928143712 0.018808777429467086
76 0.6385666167664671 0.6186520376175548 0.009169161676646706 0.030407523510971788
7 0.9106474550898204 0.5766457680250784 0.009543413173652695 0.01974921630094044
16 0.5210516467065869 0.6152037617554859 0.009917664670658683 0.01974921630094044
149 0.6492327844311377 0.5556426332288401 0.009917664670658683 0.017241379310344827
149 0.27675898203592814 0.6045454545454545 0.008233532934131737 0.013479623824451411
106 0.12602919161676646 0.3141065830721003 0.011414670658682635 0.01567398119122257
224 0.8470247005988024 0.3090909090909091 0.008046407185628742 0.016300940438871474
168 0.31540044910179643 0.6018808777429467 0.01029191616766467 0.02821316614420063
185 0.10619386227544911 0.3148902821316614 0.011040419161676647 0.016614420062695926
200 0.10553892215568862 0.2526645768025078 0.0093562874251497 0.014420062695924765
13 0.8736901197604791 0.3103448275862069 0.008607784431137725 0.01755485893416928
224 0.6688809880239521 0.576332288401254 0.008046407185628742 0.017868338557993732
106 0.9309505988023952 0.7172413793103448 0.014221556886227544 0.021316614420062698
13 0.29949476047904194 0.6653605015673981 0.008046407185628742 0.016614420062695926
6 0.9000748502994012 0.5971786833855799 0.010853293413173653 0.020689655172413793
119 0.8430950598802395 0.7202194357366771 0.01066616766467066 0.018495297805642633
13 0.9040980538922155 0.6967084639498433 0.011040419161676647 0.01974921630094044
160 0.656624251497006 0.5139498432601881 0.009730538922155689 0.017241379310344827
99 0.6545658682634731 0.6565830721003135 0.007110778443113772 0.021003134796238245
118 0.2564558383233533 0.6642633228840126 0.00467814371257485 0.016300940438871474
211 0.47136976047904194 0.6152037617554859 0.0093562874251497 0.01974921630094044
7 0.16457709580838323 0.662539184952978 0.009169161676646706 0.01598746081504702
118 0.2904191616766467 0.665987460815047 0.011601796407185628 0.016614420062695926
22 0.5590381736526946 0.6545454545454545 0.009917664670658683 0.01755485893416928
118 0.26637350299401197 0.6456112852664577 0.011414670658682635 0.01598746081504702
185 0.6254678143712575 0.4945141065830721 0.011414670658682635 0.02037617554858934
44 0.9193488023952096 0.6357366771159875 0.013847305389221557 0.019435736677115987
99 0.6478293413173652 0.6153605015673981 0.006362275449101796 0.01567398119122257
58 0.8636788922155688 0.290282131661442 0.013285928143712575 0.01818181818181818
99 0.22118263473053892 0.3020376175548589 0.007859281437125748 0.015360501567398118
32 0.1817926646706587 0.6623824451410658 0.009543413173652695 0.01567398119122257
160 0.8859468562874252 0.635423197492163 0.009169161676646706 0.01818181818181818
7 0.9316055389221557 0.6564263322884013 0.008046407185628742 0.01567398119122257
119 0.8997005988023952 0.5338557993730407 0.010104790419161677 0.018808777429467086
200 0.5063622754491018 0.6557993730407523 0.008982035928143712 0.016927899686520375
44 0.6439932634730539 0.534796238244514 0.01403443113772455 0.01567398119122257
211 0.2469124251497006 0.3028213166144201 0.008420658682634731 0.015047021943573668
200 0.9472305389221557 0.3195924764890282 0.010479041916167664 0.023510971786833857
211 0.23343937125748504 0.2432601880877743 0.00467814371257485 0.019435736677115987
211 0.1777694610778443 0.6029780564263323 0.004491017964071856 0.016614420062695926
22 0.20677395209580837 0.6236677115987461 0.007859281437125748 0.014733542319749215
200 0.1308944610778443 0.23072100313479624 0.008794910179640719 0.013793103448275862
185 0.16729041916167664 0.5788401253918495 0.009730538922155689 0.017868338557993732
211 0.19601422155688622 0.6633228840125391 0.005426646706586827 0.013166144200626959
149 0.907185628742515 0.30971786833855797 0.009730538922155689 0.01755485893416928
7 0.1905875748502994 0.6224137931034482 0.007672155688622754 0.016614420062695926
22 0.15269461077844312 0.2286833855799373 0.006736526946107785 0.017868338557993732
118 0.6213510479041916 0.6159874608150471 0.009917664670658683 0.016300940438871474
149 0.9045658682634731 0.6173981191222571 0.012724550898203593 0.01974921630094044
22 0.4840943113772455 0.30031347962382443 0.0093562874251497 0.016300940438871474
22 0.7540232035928144 0.5399686520376176 0.003181137724550898 0.005329153605015674
7 0.7434505988023952 0.5385579937304075 0.0033682634730538923 0.005642633228840125
211 0.5280688622754491 0.6340125391849529 0.006736526946107785 0.017868338557993732
118 0.2906062874251497 0.5637931034482758 0.01122754491017964 0.014106583072100314
185 0.3257859281437126 0.6653605015673981 0.010479041916167664 0.018495297805642633
118 0.7573914670658682 0.6404388714733542 0.011414670658682635 0.020689655172413793
