143 0.7590755988023952 0.48820012586532413 0.009917664670658683 0.020453115166771556
44 0.21622380239520958 0.42353681560730017 0.01440868263473054 0.020138451856513532
200 0.5594124251497006 0.4134675896790434 0.008794910179640719 0.016991818753933293
99 0.5597866766467066 0.6362492133417244 0.006923652694610778 0.015733165512901194
58 0.13332709580838323 0.35840151038388923 0.01440868263473054 0.020138451856513532
224 0.4098989520958084 0.6109188168659534 0.009169161676646706 0.023599748269351795
7 0.38781811377245506 0.4303020767778477 0.009917664670658683 0.020453115166771556
149 0.38566616766467066 0.630742605412209 0.009730538922155689 0.015418502202643172
118 0.1785179640718563 0.4617684078036501 0.010853293413173653 0.0223410950283197
32 0.7427956586826348 0.5498741346758967 0.01066616766467066 0.01919446192573946
224 0.8452470059880239 0.5456261799874135 0.008607784431137725 0.018879798615481436
7 0.2441055389221557 0.4831655129011957 0.01029191616766467 0.020453115166771556
44 0.21631736526946108 0.5026746381371932 0.012724550898203593 0.019823788546255508
7 0.5718562874251497 0.5752045311516677 0.0093562874251497 0.013845185651353053
200 0.2721744011976048 0.446821900566394 0.008420658682634731 0.016991818753933293
106 0.3242889221556886 0.4683763373190686 0.010853293413173653 0.014159848961611076
118 0.4355351796407186 0.47309628697293893 0.01029191616766467 0.01919446192573946
6 0.2601047904191617 0.6044682190056639 0.007859281437125748 0.018879798615481436
22 0.4022267964071856 0.6084015103838892 0.008420658682634731 0.020453115166771556
13 0.7470995508982036 0.2877595972309629 0.008794910179640719 0.0223410950283197
211 0.8710703592814372 0.3848332284455632 0.006736526946107785 0.02076777847702958
44 0.15157185628742514 0.46255506607929514 0.01309880239520958 0.016362492133417242
224 0.5658682634730539 0.5372876022655758 0.008233532934131737 0.018565135305223412
106 0.11517589820359281 0.3971050975456262 0.012537425149700599 0.018879798615481436
7 0.3613398203592814 0.6296412838263058 0.009730538922155689 0.01762114537444934
13 0.7046220059880239 0.45028319697923225 0.009543413173652695 0.0144745122718691
185 0.6065681137724551 0.5575833857772183 0.009543413173652695 0.01762114537444934
211 0.38529191616766467 0.5892070484581498 0.00561377245508982 0.022970421648835747
13 0.5801833832335329 0.4540591567023285 0.011788922155688622 0.016991818753933293
7 0.8355164670658682 0.5459408432976715 0.010479041916167664 0.020138451856513532
118 0.3085703592814371 0.5050346129641284 0.012350299401197605 0.020138451856513532
211 0.6054453592814372 0.5764631843926998 0.005800898203592814 0.01825047199496539
7 0.24906437125748504 0.5042479546884833 0.008607784431137725 0.012901195720578981
7 0.7730164670658682 0.5322529893014475 0.0093562874251497 0.020453115166771556
200 0.6336077844311377 0.4128382630585274 0.008982035928143712 0.01825047199496539
211 0.12275449101796407 0.3568281938325991 0.006736526946107785 0.016991818753933293
7 0.2255800898203593 0.4815921963499056 0.009169161676646706 0.018565135305223412
118 0.43310254491017963 0.5103838892385147 0.008046407185628742 0.02328508495909377
13 0.5950598802395209 0.45484581497797355 0.009730538922155689 0.01919446192573946
22 0.17093937125748504 0.6403398363750786 0.009169161676646706 0.020138451856513532
119 0.3089446107784431 0.4683763373190686 0.005988023952095809 0.01919446192573946
13 0.36676646706586824 0.5284770295783512 0.010104790419161677 0.021082441787287604
200 0.09945733532934131 0.5379169288860919 0.008046407185628742 0.018565135305223412
99 0.29397455089820357 0.6257079924480805 0.007110778443113772 0.016047828823159218
160 0.37350299401197606 0.48930144745122717 0.006736526946107785 0.015103838892385148
22 0.1501684131736527 0.5821271239773442 0.009917664670658683 0.01825047199496539
7 0.6798278443113772 0.4501258653241032 0.009730538922155689 0.020453115166771556
32 0.2402694610778443 0.2212083071113908 0.012350299401197605 0.02076777847702958
118 0.6602732035928144 0.39018250471994964 0.009917664670658683 0.015733165512901194
211 0.5881362275449101 0.4534298300818125 0.005988023952095809 0.01762114537444934
99 0.10741017964071856 0.5188797986154814 0.006362275449101796 0.01825047199496539
200 0.18927769461077845 0.302076777847703 0.009917664670658683 0.01825047199496539
13 0.5437874251497006 0.43596601636249216 0.008233532934131737 0.017306482064191317
160 0.17720808383233533 0.5423222152297043 0.011976047904191617 0.02171176840780365
224 0.7418600299401198 0.48993077407174324 0.008794910179640719 0.018879798615481436
58 0.7209955089820359 0.5320956576463184 0.012724550898203593 0.016362492133417242
160 0.3568488023952096 0.46916299559471364 0.009730538922155689 0.015103838892385148
200 0.686564371257485 0.33134046570169917 0.007110778443113772 0.016991818753933293
211 0.2590755988023952 0.6271239773442416 0.005052395209580838 0.01825047199496539
7 0.2160366766467066 0.22183763373190685 0.011414670658682635 0.019509125235997484
224 0.5768151197604791 0.6342039018250472 0.008420658682634731 0.015418502202643172
44 0.3063248502994012 0.3668974197608559 0.012724550898203593 0.013215859030837005
211 0.41298652694610777 0.47168030207677786 0.005988023952095809 0.020138451856513532
149 0.7930389221556886 0.4483952171176841 0.0093562874251497 0.015103838892385148
22 0.2788173652694611 0.6258653241032096 0.009730538922155689 0.019509125235997484
200 0.545939371257485 0.49795468848332286 0.008794910179640719 0.017935808684707365
7 0.13285928143712575 0.3392070484581498 0.007859281437125748 0.012586532410320957
149 0.860497754491018 0.36375078665827565 0.011040419161676647 0.018879798615481436
118 0.43319610778443113 0.6104468219005664 0.008982035928143712 0.013215859030837005
106 0.29565868263473055 0.5881057268722467 0.011976047904191617 0.01825047199496539
13 0.546875 0.33637507866582755 0.011414670658682635 0.0144745122718691
13 0.30529565868263475 0.44760855884203904 0.009917664670658683 0.019823788546255508
211 0.13313997005988024 0.48001887979861546 0.003929640718562874 0.013530522341095029
118 0.17571107784431136 0.421176840780365 0.010853293413173653 0.019823788546255508
160 0.6792664670658682 0.3893958464443046 0.010104790419161677 0.020453115166771556
22 0.16934880239520958 0.4413152926368785 0.008607784431137725 0.012901195720578981
7 0.3612462574850299 0.45091252359974826 0.009169161676646706 0.01825047199496539
119 0.749812874251497 0.4280994336060415 0.0093562874251497 0.018565135305223412
76 0.1591504491017964 0.3790119572057898 0.01029191616766467 0.03618628067967275
110 0.5448166167664671 0.5602580239144116 0.01029191616766467 0.018565135305223412
44 0.3460890718562874 0.6085588420390182 0.015531437125748502 0.01762114537444934
118 0.22099550898203593 0.5478288231592197 0.011976047904191617 0.013845185651353053
118 0.2971556886227545 0.4666456891126495 0.01122754491017964 0.021397105097545627
7 0.7539296407185628 0.32819383259911894 0.010479041916167664 0.020138451856513532
13 0.4093375748502994 0.41032095657646317 0.009917664670658683 0.019509125235997484
99 0.28920284431137727 0.44697923222152297 0.008046407185628742 0.018565135305223412
58 0.38922155688622756 0.5105412208936438 0.011976047904191617 0.02171176840780365
185 0.3500187125748503 0.2879169288860919 0.01029191616766467 0.015103838892385148
211 0.2874251497005988 0.5887350534927628 0.006736526946107785 0.01825047199496539
22 0.6144273952095808 0.5558527375707992 0.009169161676646706 0.01667715544367527
149 0.3246631736526946 0.34660163624921336 0.010479041916167664 0.020453115166771556
7 0.40484655688622756 0.4704216488357458 0.008794910179640719 0.020138451856513532
32 0.3812687125748503 0.4092196349905601 0.009543413173652695 0.01919446192573946
200 0.38604041916167664 0.5706419131529263 0.007859281437125748 0.0223410950283197
7 0.5735404191616766 0.35431088735053495 0.0093562874251497 0.013845185651353053
7 0.1872193113772455 0.5044052863436124 0.009543413173652695 0.019509125235997484
118 0.5860778443113772 0.3736626809314034 0.010479041916167664 0.014789175582127124
200 0.6800149700598802 0.5342983008181246 0.009730538922155689 0.0144745122718691
22 0.7732971556886228 0.2871302706104468 0.009917664670658683 0.018565135305223412
7 0.1623315868263473 0.5217117684078036 0.009543413173652695 0.01825047199496539
160 0.21098428143712575 0.5229704216488358 0.008046407185628742 0.02076777847702958
160 0.5896332335329342 0.5560100692259282 0.008982035928143712 0.01825047199496539
106 0.7555202095808383 0.5695405915670233 0.012163173652694611 0.015103838892385148
118 0.4511601796407186 0.5500314663310258 0.010479041916167664 0.015733165512901194
58 0.19489146706586827 0.28115166771554434 0.013285928143712575 0.021082441787287604
211 0.38360778443113774 0.36784140969163 0.00561377245508982 0.020138451856513532
185 0.23680763473053892 0.4026117054751416 0.01066616766467066 0.015418502202643172
118 0.7887350299401198 0.5305223410950283 0.010479041916167664 0.020138451856513532
119 0.10581961077844311 0.5580553807426054 0.01029191616766467 0.014789175582127124
200 0.6453967065868264 0.5146318439269981 0.010479041916167664 0.01667715544367527
7 0.30716691616766467 0.526274386406545 0.009543413173652695 0.014789175582127124
7 0.6875935628742516 0.40969162995594716 0.011414670658682635 0.013215859030837005
211 0.36414670658682635 0.4697923222152297 0.0048652694610778445 0.016362492133417242
13 0.21463323353293412 0.40151038388923854 0.010479041916167664 0.02076777847702958
44 0.4236526946107784 0.473253618628068 0.01347305389221557 0.013845185651353053
118 0.33645209580838326 0.3475456261799874 0.011601796407185628 0.021082441787287604
200 0.13613398203592814 0.5217117684078036 0.008794910179640719 0.016991818753933293
44 0.6477357784431138 0.6530837004405287 0.012537425149700599 0.013530522341095029
22 0.36452095808383234 0.34959093769666455 0.007110778443113772 0.02076777847702958
211 0.7623502994011976 0.32976714915040906 0.00561377245508982 0.01825047199496539
7 0.38164296407185627 0.45028319697923225 0.008046407185628742 0.019509125235997484
119 0.609562125748503 0.37287602265575837 0.01066616766467066 0.016991818753933293
149 0.7995883233532934 0.5298930144745123 0.010479041916167664 0.02076777847702958
160 0.6743076347305389 0.552863436123348 0.01066616766467066 0.02076777847702958
149 0.19610778443113772 0.5810258023914412 0.011601796407185628 0.019823788546255508
149 0.312874251497006 0.40764631843926996 0.010853293413173653 0.0223410950283197
22 0.5697979041916168 0.5964443045940844 0.008233532934131737 0.015418502202643172
149 0.1902133233532934 0.4620830711139081 0.009917664670658683 0.016047828823159218
32 0.6336077844311377 0.5549087476400252 0.010479041916167664 0.020453115166771556
149 0.6841317365269461 0.552706104468219 0.0093562874251497 0.015418502202643172
7 0.5857971556886228 0.33464443045940845 0.009543413173652695 0.013530522341095029
224 0.33074476047904194 0.5080239144115796 0.009543413173652695 0.021082441787287604
200 0.25701721556886226 0.5467275015733165 0.009169161676646706 0.021082441787287604
44 0.8061377245508982 0.6291692888609188 0.013847305389221557 0.017935808684707365
224 0.40522080838323354 0.6294839521711768 0.007297904191616767 0.012271869100062933
22 0.8259730538922155 0.5302076777847703 0.008982035928143712 0.0144745122718691
7 0.3406624251497006 0.6478917558212712 0.008794910179640719 0.01762114537444934
58 0.6075973053892215 0.6156387665198237 0.015344311377245509 0.018565135305223412
110 0.16345434131736528 0.6414411579609818 0.008420658682634731 0.021082441787287604
118 0.8321482035928144 0.5870044052863436 0.010104790419161677 0.016047828823159218
160 0.6228480538922155 0.5157331655129012 0.01066616766467066 0.0144745122718691
118 0.3458083832335329 0.4694776589049717 0.012724550898203593 0.016991818753933293
22 0.7936002994011976 0.5692259282567652 0.010853293413173653 0.01762114537444934
118 0.2003181137724551 0.3595028319697923 0.009543413173652695 0.017935808684707365
22 0.1337013473053892 0.5818124606670863 0.007297904191616767 0.0144745122718691
22 0.34543413173652693 0.3475456261799874 0.007110778443113772 0.0223410950283197
160 0.36395958083832336 0.38782252989301447 0.009730538922155689 0.014159848961611076
58 0.7267964071856288 0.329452485840151 0.014221556886227544 0.018879798615481436
224 0.828125 0.4672750157331655 0.009169161676646706 0.018879798615481436
200 0.2285741017964072 0.36280679672750155 0.01029191616766467 0.01825047199496539
110 0.19863398203592814 0.46302706104468216 0.008794910179640719 0.022970421648835747
118 0.7485029940119761 0.3091567023285085 0.012350299401197605 0.017935808684707365
176 0.7020958083832335 0.5937696664568911 0.010104790419161677 0.01825047199496539
119 0.41457709580838326 0.5094398993077407 0.009917664670658683 0.02076777847702958
118 0.17711452095808383 0.5838577721837633 0.011040419161676647 0.02171176840780365
211 0.18020209580838323 0.6417558212712398 0.010853293413173653 0.02171176840780365
13 0.1807634730538922 0.30050346129641287 0.01122754491017964 0.019509125235997484
7 0.2070546407185629 0.46397105097545627 0.01029191616766467 0.021082441787287604
200 0.7441055389221557 0.4485525487728131 0.009917664670658683 0.020453115166771556
149 0.23222305389221556 0.3831025802391441 0.010479041916167664 0.018565135305223412
200 0.6454902694610778 0.47451227186910006 0.009543413173652695 0.01825047199496539
211 0.7277320359281437 0.46806167400881055 0.006362275449101796 0.01919446192573946
32 0.19760479041916168 0.6028949024543738 0.008982035928143712 0.018879798615481436
44 0.19797904191616766 0.34125235997482695 0.011976047904191617 0.014789175582127124
13 0.5421032934131736 0.5380742605412209 0.009730538922155689 0.01762114537444934
160 0.5893525449101796 0.3930144745122719 0.009917664670658683 0.016362492133417242
22 0.8033308383233533 0.46806167400881055 0.0074850299401197605 0.014159848961611076
224 0.8389782934131736 0.4461925739458779 0.009543413173652695 0.01762114537444934
200 0.34880239520958084 0.5508181246066709 0.010104790419161677 0.021082441787287604
211 0.7122005988023952 0.44918187539332916 0.005239520958083832 0.015418502202643172
224 0.37209955089820357 0.4288860918816866 0.009543413173652695 0.018879798615481436
149 0.7698353293413174 0.34943360604153556 0.011976047904191617 0.0223410950283197
118 0.14483532934131738 0.39883574575204533 0.010479041916167664 0.019823788546255508
22 0.1474550898203593 0.500157331655129 0.010104790419161677 0.020453115166771556
6 0.5978667664670658 0.3930144745122719 0.008607784431137725 0.012586532410320957
224 0.7166916167664671 0.6135934550031467 0.0093562874251497 0.02076777847702958
7 0.35479041916167664 0.30711139081183136 0.010104790419161677 0.022026431718061675
22 0.3398203592814371 0.4106356198867212 0.007110778443113772 0.018879798615481436
118 0.4002619760479042 0.3698867212083071 0.010104790419161677 0.01919446192573946
99 0.6052582335329342 0.5165198237885462 0.009169161676646706 0.018565135305223412
211 0.7819049401197605 0.5896790434235368 0.005426646706586827 0.016991818753933293
106 0.7395209580838323 0.38876651982378857 0.012350299401197605 0.020453115166771556
211 0.2558008982035928 0.4457205789804909 0.005239520958083832 0.019823788546255508
13 0.22277320359281438 0.38184392699811204 0.009169161676646706 0.019823788546255508
99 0.42627245508982037 0.5487728130899937 0.00561377245508982 0.02076777847702958
99 0.7238023952095808 0.3488042794210195 0.0074850299401197605 0.021082441787287604
224 0.6942365269461078 0.5942416614222782 0.009730538922155689 0.017306482064191317
7 0.32924775449101795 0.3672120830711139 0.009169161676646706 0.018879798615481436
200 0.3964258982035928 0.6283826305852738 0.009543413173652695 0.01825047199496539
185 0.7940681137724551 0.6294839521711768 0.009543413173652695 0.020453115166771556
44 0.1660741017964072 0.5616740088105727 0.015157185628742515 0.022655758338577723
224 0.36414670658682635 0.5704845814977973 0.008982035928143712 0.015733165512901194
160 0.7144461077844312 0.3510069225928257 0.010479041916167664 0.0223410950283197
211 0.8234468562874252 0.5674952800503461 0.005052395209580838 0.020453115166771556
211 0.703312125748503 0.6510383889238515 0.00654940119760479 0.01825047199496539
200 0.7209955089820359 0.512271869100063 0.010479041916167664 0.016991818753933293
200 0.8661115269461078 0.3448709880427942 0.008420658682634731 0.015733165512901194
32 0.6946107784431138 0.47010698552548774 0.01122754491017964 0.018879798615481436
224 0.30220808383233533 0.42684078036500944 0.0074850299401197605 0.02171176840780365
119 0.28882859281437123 0.5673379483952171 0.011040419161676647 0.016362492133417242
185 0.7892964071856288 0.5092825676526117 0.008982035928143712 0.018565135305223412
32 0.35675523952095806 0.5278477029578351 0.01066616766467066 0.021082441787287604
13 0.11096556886227545 0.6189427312775331 0.010479041916167664 0.013845185651353053
13 0.1649513473053892 0.6027375707992448 0.009543413173652695 0.015418502202643172
149 0.3848241017964072 0.328823159219635 0.009543413173652695 0.020138451856513532
44 0.39764221556886226 0.3897105097545626 0.01347305389221557 0.020453115166771556
176 0.25664296407185627 0.5047199496538703 0.009917664670658683 0.02391441157960982
58 0.5932821856287425 0.5363436123348018 0.013660179640718563 0.01919446192573946
7 0.3651758982035928 0.5056639395846444 0.008420658682634731 0.021397105097545627
200 0.16785179640718562 0.5418502202643172 0.008607784431137725 0.012586532410320957
224 0.1689745508982036 0.3190685966016362 0.010104790419161677 0.01825047199496539
119 0.7389595808383234 0.5322529893014475 0.008982035928143712 0.01667715544367527
32 0.1904004491017964 0.5630899937067338 0.011040419161676647 0.017306482064191317
118 0.26824476047904194 0.6252359974826935 0.011414670658682635 0.016991818753933293
22 0.7369011976047904 0.3277218376337319 0.011601796407185628 0.019823788546255508
149 0.6200411676646707 0.47278162366268095 0.012163173652694611 0.017935808684707365
7 0.781062874251497 0.3302391441157961 0.010479041916167664 0.017935808684707365
185 0.18188622754491018 0.27989301447451226 0.012724550898203593 0.02171176840780365
185 0.13968937125748504 0.3775959723096287 0.012911676646706586 0.01825047199496539
99 0.6976047904191617 0.6120201384518565 0.0074850299401197605 0.01762114537444934
22 0.5857971556886228 0.4749842668344871 0.009543413173652695 0.019823788546255508
13 0.28564745508982037 0.4265261170547514 0.008794910179640719 0.019823788546255508
200 0.6025449101796407 0.4351793580868471 0.01122754491017964 0.016991818753933293
149 0.21715943113772454 0.34298300818124605 0.009917664670658683 0.01762114537444934
6 0.36442739520958084 0.5892070484581498 0.009169161676646706 0.01919446192573946
118 0.2156624251497006 0.6433291378225299 0.011414670658682635 0.021082441787287604
44 0.5590381736526946 0.33527375707992446 0.015157185628742515 0.01667715544367527
160 0.13529191616766467 0.6414411579609818 0.010479041916167664 0.0223410950283197
76 0.6506362275449101 0.4510698552548773 0.011976047904191617 0.034927627438640654
211 0.16167664670658682 0.3196979232221523 0.006362275449101796 0.019509125235997484
99 0.35769086826347307 0.5892070484581498 0.008794910179640719 0.017935808684707365
58 0.6778630239520959 0.6526117054751416 0.01590568862275449 0.016991818753933293
22 0.7249251497005988 0.5730018879798615 0.0074850299401197605 0.015733165512901194
149 0.5983345808383234 0.37319068596601634 0.009917664670658683 0.020138451856513532
99 0.12612275449101795 0.5824417872876023 0.006736526946107785 0.0144745122718691
118 0.7104229041916168 0.5127438640654499 0.011788922155688622 0.017306482064191317
118 0.18993263473053892 0.44257394587791066 0.010853293413173653 0.013530522341095029
118 0.22005988023952097 0.604310887350535 0.010853293413173653 0.022970421648835747
58 0.2873315868263473 0.6080868470736313 0.014782934131736527 0.018565135305223412
7 0.7615082335329342 0.4485525487728131 0.01066616766467066 0.01919446192573946
99 0.19835329341317365 0.4002517306482064 0.0074850299401197605 0.02076777847702958
99 0.6537238023952096 0.5328823159219634 0.008046407185628742 0.016047828823159218
200 0.9006362275449101 0.5638766519823789 0.0093562874251497 0.01825047199496539
160 0.3031437125748503 0.6277533039647577 0.009730538922155689 0.016362492133417242
149 0.22099550898203593 0.5862177470106985 0.01122754491017964 0.019509125235997484
200 0.41392215568862273 0.34959093769666455 0.007110778443113772 0.02076777847702958
32 0.781437125748503 0.5497168030207678 0.01122754491017964 0.01825047199496539
7 0.11517589820359281 0.3569855254877281 0.008420658682634731 0.017935808684707365
176 0.5850486526946108 0.2918502202643172 0.013285928143712575 0.015418502202643172
44 0.6464258982035929 0.49260541220893644 0.017028443113772454 0.017935808684707365
7 0.2835890718562874 0.40481434864694776 0.008046407185628742 0.019823788546255508
118 0.5711077844311377 0.5575833857772183 0.01309880239520958 0.019509125235997484
211 0.6374438622754491 0.6537130270610447 0.00467814371257485 0.018565135305223412
200 0.21996631736526945 0.3245752045311517 0.009917664670658683 0.021082441787287604
22 0.14979416167664672 0.4402139710509755 0.009169161676646706 0.01825047199496539
160 0.5805576347305389 0.43360604153555693 0.009169161676646706 0.019509125235997484
22 0.12659056886227546 0.540434235368156 0.007297904191616767 0.014159848961611076
176 0.6003929640718563 0.31497797356828194 0.011788922155688622 0.016991818753933293
200 0.6432447604790419 0.6150094398993078 0.009169161676646706 0.01667715544367527
224 0.718937125748503 0.45185651353052236 0.0093562874251497 0.02328508495909377
200 0.5430389221556886 0.6176840780365009 0.0074850299401197605 0.013845185651353053
149 0.5975860778443114 0.6351478917558213 0.011788922155688622 0.017935808684707365
99 0.18525449101796407 0.5829137822529893 0.0074850299401197605 0.017306482064191317
211 0.5527694610778443 0.4139395846444305 0.005988023952095809 0.020453115166771556
13 0.3380426646706587 0.36784140969163 0.011414670658682635 0.01762114537444934
185 0.35488398203592814 0.6505663939584645 0.009543413173652695 0.017935808684707365
106 0.2747941616766467 0.6471050975456262 0.012537425149700599 0.016047828823159218
211 0.3242889221556886 0.4288860918816866 0.006362275449101796 0.01762114537444934
32 0.8507672155688623 0.36375078665827565 0.009917664670658683 0.018879798615481436
7 0.7275449101796407 0.40969162995594716 0.0093562874251497 0.016362492133417242
149 0.20780314371257486 0.6058842039018251 0.009543413173652695 0.016047828823159218
176 0.3960516467065868 0.47010698552548774 0.009543413173652695 0.019509125235997484
160 0.5559505988023952 0.49701069855254876 0.012350299401197605 0.017306482064191317
8 0.8939932634730539 0.5651353052234109 0.009169161676646706 0.020138451856513532
7 0.5670845808383234 0.6157960981749528 0.009169161676646706 0.016991818753933293
6 0.3473053892215569 0.5701699181875394 0.008607784431137725 0.013215859030837005
185 0.8319610778443114 0.4274701069855255 0.0093562874251497 0.017935808684707365
211 0.5506175149700598 0.5964443045940844 0.00654940119760479 0.017935808684707365
200 0.7950037425149701 0.368470736312146 0.008046407185628742 0.012586532410320957
200 0.5499625748502994 0.2938955317809943 0.010853293413173653 0.02076777847702958
7 0.125187125748503 0.6422278162366268 0.0074850299401197605 0.016362492133417242
22 0.2539296407185629 0.42573945877910635 0.0074850299401197605 0.012586532410320957
22 0.7909805389221557 0.4067023285084959 0.008607784431137725 0.017935808684707365
22 0.2944423652694611 0.42857142857142855 0.008046407185628742 0.019509125235997484
106 0.5913173652694611 0.43455003146633103 0.01347305389221557 0.018879798615481436
211 0.7732035928143712 0.5508181246066709 0.004491017964071856 0.018565135305223412
22 0.3557260479041916 0.3882945248584015 0.0074850299401197605 0.013215859030837005
224 0.19769835329341318 0.21916299559471367 0.009917664670658683 0.021082441787287604
149 0.1366953592814371 0.31828193832599116 0.01029191616766467 0.016047828823159218
211 0.3156811377245509 0.4682190056639396 0.004491017964071856 0.016362492133417242
7 0.7764782934131736 0.30947136563876654 0.008420658682634731 0.015418502202643172
200 0.7685254491017964 0.4894587791063562 0.009730538922155689 0.014789175582127124
58 0.11517589820359281 0.41865953429830083 0.012537425149700599 0.020453115166771556
149 0.20087949101796407 0.44162995594713655 0.011414670658682635 0.021082441787287604
13 0.1779565868263473 0.5020453115166772 0.011976047904191617 0.021082441787287604
211 0.7543038922155688 0.5311516677155443 0.004116766467065869 0.019509125235997484
106 0.5863585329341318 0.5166771554436753 0.011788922155688622 0.016991818753933293
118 0.6412799401197605 0.593140339836375 0.012350299401197605 0.015733165512901194
22 0.12022829341317365 0.6003775959723097 0.007297904191616767 0.012586532410320957
224 0.40915044910179643 0.38892385147891756 0.009543413173652695 0.020138451856513532
22 0.6986339820359282 0.43014474512271866 0.007297904191616767 0.0144745122718691
99 0.7928517964071856 0.4883574575204531 0.008233532934131737 0.018879798615481436
118 0.20742889221556887 0.48332284455632474 0.011040419161676647 0.018879798615481436
160 0.7296032934131736 0.5106985525487728 0.008982035928143712 0.016362492133417242
44 0.6031998502994012 0.5969162995594713 0.012537425149700599 0.0144745122718691
224 0.7776010479041916 0.36705475141598487 0.008794910179640719 0.020453115166771556
200 0.6235965568862275 0.4134675896790434 0.01029191616766467 0.016991818753933293
106 0.8475860778443114 0.5662366268093141 0.013285928143712575 0.01667715544367527
211 0.34898952095808383 0.3082127123977344 0.0037425149700598802 0.014789175582127124
44 0.1157372754491018 0.37838263058527377 0.01440868263473054 0.021082441787287604
200 0.5514595808383234 0.5388609188168659 0.008233532934131737 0.016047828823159218
200 0.6668226047904192 0.4101636249213342 0.008794910179640719 0.018565135305223412
13 0.2616953592814371 0.44556324732536184 0.011040419161676647 0.019509125235997484
185 0.3865082335329341 0.38782252989301447 0.008794910179640719 0.0223410950283197
106 0.312312874251497 0.5489301447451227 0.01347305389221557 0.015418502202643172
32 0.6820733532934131 0.34927627438640657 0.011976047904191617 0.018879798615481436
200 0.32148203592814373 0.6302706104468219 0.010479041916167664 0.01762114537444934
119 0.7445733532934131 0.328508495909377 0.010104790419161677 0.02076777847702958
200 0.2770396706586826 0.4262114537444934 0.009169161676646706 0.01919446192573946
13 0.40559505988023953 0.3488042794210195 0.009543413173652695 0.021082441787287604
13 0.6642964071856288 0.6135934550031467 0.01122754491017964 0.018879798615481436
211 0.6971369760479041 0.6323159219634991 0.005800898203592814 0.019823788546255508
211 0.37949101796407186 0.38892385147891756 0.005239520958083832 0.021397105097545627
76 0.3167103293413174 0.4292007551919446 0.01029191616766467 0.03587161736941473
149 0.16991017964071856 0.3387350534927627 0.011976047904191617 0.019823788546255508
6 0.1217252994011976 0.4988986784140969 0.009543413173652695 0.020453115166771556
58 0.8517028443113772 0.42825676526117057 0.012537425149700599 0.016991818753933293
185 0.6766467065868264 0.5932976714915041 0.010853293413173653 0.017935808684707365
32 0.23194236526946108 0.604310887350535 0.009917664670658683 0.022970421648835747
118 0.3965194610778443 0.34959093769666455 0.012724550898203593 0.02391441157960982
118 0.14885853293413173 0.6230333543108874 0.01029191616766467 0.02076777847702958
119 0.7055576347305389 0.3700440528634361 0.009917664670658683 0.01825047199496539
13 0.5481848802395209 0.3129326620516048 0.009543413173652695 0.01667715544367527
211 0.6307073353293413 0.43219005663939586 0.005800898203592814 0.020453115166771556
99 0.35217065868263475 0.32819383259911894 0.008233532934131737 0.021397105097545627
110 0.7695546407185628 0.6493077407174324 0.009169161676646706 0.021082441787287604
200 0.19489146706586827 0.4222781623662681 0.007672155688622754 0.018879798615481436
7 0.3284056886227545 0.4501258653241032 0.007859281437125748 0.016047828823159218
118 0.11639221556886227 0.6393958464443046 0.012350299401197605 0.016991818753933293
200 0.34814745508982037 0.5909376966645689 0.008046407185628742 0.013845185651353053
22 0.42458832335329344 0.512114537444934 0.0074850299401197605 0.015418502202643172
13 0.09534056886227545 0.5810258023914412 0.009543413173652695 0.02171176840780365
119 0.2538360778443114 0.6464757709251101 0.009917664670658683 0.02171176840780365
7 0.29818488023952094 0.34691629955947134 0.011414670658682635 0.019823788546255508
160 0.6679453592814372 0.6524543738200126 0.011040419161676647 0.018565135305223412
200 0.3561938622754491 0.5704845814977973 0.01029191616766467 0.016991818753933293
7 0.1656062874251497 0.421491504090623 0.010479041916167664 0.017935808684707365
13 0.18572230538922155 0.420862177470107 0.009917664670658683 0.022970421648835747
7 0.8197043413173652 0.4658590308370044 0.008794910179640719 0.019823788546255508
106 0.8349550898203593 0.527375707992448 0.014221556886227544 0.019509125235997484
58 0.7280127245508982 0.5937696664568911 0.015531437125748502 0.018879798615481436
110 0.7666541916167665 0.6110761485210825 0.0074850299401197605 0.019509125235997484
44 0.5571669161676647 0.394273127753304 0.012911676646706586 0.015103838892385148
22 0.6960142215568862 0.44981120201384517 0.008420658682634731 0.018565135305223412
99 0.13997005988023953 0.33904971680302076 0.005988023952095809 0.01919446192573946
211 0.3719124251497006 0.5080239144115796 0.004303892215568862 0.0223410950283197
99 0.6005800898203593 0.4129955947136564 0.0061751497005988025 0.017935808684707365
200 0.3092252994011976 0.5674952800503461 0.009169161676646706 0.017935808684707365
58 0.7873315868263473 0.3876651982378855 0.01403443113772455 0.016991818753933293
106 0.8539483532934131 0.38467589679043424 0.015531437125748502 0.01919446192573946
119 0.15241392215568864 0.35777218376337316 0.01029191616766467 0.016362492133417242
224 0.37977170658682635 0.4696349905601007 0.008794910179640719 0.01919446192573946
7 0.6453031437125748 0.5346129641283827 0.009543413173652695 0.013845185651353053
224 0.7859281437125748 0.367998741346759 0.009730538922155689 0.019823788546255508
13 0.15437874251497005 0.31938325991189426 0.01122754491017964 0.018879798615481436
44 0.6743076347305389 0.4303020767778477 0.015157185628742515 0.01667715544367527
44 0.6976983532934131 0.5125865324103209 0.01440868263473054 0.01762114537444934
106 0.3715381736526946 0.45091252359974826 0.012537425149700599 0.01825047199496539
200 0.3928705089820359 0.6088735053492763 0.009543413173652695 0.01825047199496539
106 0.5862649700598802 0.6346758967904342 0.012724550898203593 0.01825047199496539
211 0.7874251497005988 0.328508495909377 0.0048652694610778445 0.01825047199496539
118 0.8146519461077845 0.5475141598489616 0.011788922155688622 0.018879798615481436
118 0.7969685628742516 0.32819383259911894 0.010479041916167664 0.016362492133417242
58 0.36031062874251496 0.6099748269351793 0.014782934131736527 0.02171176840780365
200 0.7554266467065869 0.592196349905601 0.008982035928143712 0.016362492133417242
143 0.18852919161676646 0.4828508495909377 0.007672155688622754 0.017306482064191317
7 0.12228667664670659 0.5604153555695406 0.009169161676646706 0.015733165512901194
22 0.3728480538922156 0.46916299559471364 0.008420658682634731 0.01195720578980491
106 0.5785928143712575 0.4133102580239144 0.01347305389221557 0.017306482064191317
211 0.7400823353293413 0.6323159219634991 0.006362275449101796 0.017935808684707365
13 0.6906811377245509 0.4304594084329767 0.008982035928143712 0.019509125235997484
32 0.19208458083832336 0.3786972938955318 0.009917664670658683 0.019823788546255508
160 0.7764782934131736 0.6480490874764002 0.008794910179640719 0.019823788546255508
211 0.5563248502994012 0.355412208936438 0.005988023952095809 0.01919446192573946
176 0.7712387724550899 0.44933920704845814 0.009917664670658683 0.020138451856513532
211 0.3998877245508982 0.30852737570799244 0.005239520958083832 0.02171176840780365
119 0.19610778443113772 0.3211139081183134 0.010104790419161677 0.013530522341095029
200 0.7315681137724551 0.42857142857142855 0.009169161676646706 0.01762114537444934
224 0.5979603293413174 0.5569540591567024 0.008794910179640719 0.016991818753933293
110 0.3456212574850299 0.4505978602894902 0.008233532934131737 0.01762114537444934
118 0.11498877245508982 0.578980490874764 0.013660179640718563 0.01762114537444934
176 0.35413547904191617 0.4293580868470736 0.008794910179640719 0.0223410950283197
118 0.8135291916167665 0.44697923222152297 0.011788922155688622 0.017935808684707365
118 0.6452095808383234 0.6332599118942731 0.011601796407185628 0.016047828823159218
200 0.1970434131736527 0.48473882945248586 0.0093562874251497 0.019823788546255508
211 0.780501497005988 0.5306796727501574 0.005988023952095809 0.017306482064191317
106 0.5961826347305389 0.6552863436123348 0.01309880239520958 0.017935808684707365
160 0.31315494011976047 0.6480490874764002 0.009543413173652695 0.0223410950283197
200 0.8064184131736527 0.40701699181875395 0.008794910179640719 0.01667715544367527
7 0.7201534431137725 0.4683763373190686 0.009917664670658683 0.018565135305223412
7 0.37331586826347307 0.6104468219005664 0.012724550898203593 0.020138451856513532
22 0.7101422155688623 0.3908118313404657 0.010479041916167664 0.01762114537444934
211 0.5836452095808383 0.5959723096286973 0.005239520958083832 0.016362492133417242
22 0.7732035928143712 0.40748898678414097 0.009730538922155689 0.01762114537444934
200 0.5523016467065869 0.4759282567652612 0.01066616766467066 0.016047828823159218
160 0.6444610778443114 0.5549087476400252 0.010104790419161677 0.014789175582127124
185 0.11657934131736528 0.539175582127124 0.012724550898203593 0.021082441787287604
58 0.1340755988023952 0.5604153555695406 0.01440868263473054 0.016991818753933293
13 0.6318300898203593 0.4523285084959094 0.007672155688622754 0.017306482064191317
106 0.22380239520958084 0.30475141598489613 0.01347305389221557 0.023599748269351795
22 0.5972118263473054 0.3536815607300189 0.008794910179640719 0.01825047199496539
99 0.8170845808383234 0.6286972938955318 0.0061751497005988025 0.015733165512901194
149 0.8269086826347305 0.5468848332284456 0.009730538922155689 0.013215859030837005
6 0.14324476047904192 0.6441157960981749 0.011040419161676647 0.02076777847702958
185 0.38164296407185627 0.4900881057268722 0.01029191616766467 0.02171176840780365
211 0.12612275449101795 0.5989616110761485 0.006362275449101796 0.020453115166771556
160 0.10843937125748503 0.5369729389553178 0.009917664670658683 0.01919446192573946
22 0.7163173652694611 0.42951541850220265 0.008233532934131737 0.01762114537444934
118 0.38547904191616766 0.28634361233480177 0.012350299401197605 0.019509125235997484
200 0.3558196107784431 0.487413467589679 0.009543413173652695 0.018879798615481436
7 0.28864146706586824 0.5464128382630585 0.009917664670658683 0.01919446192573946
13 0.20190868263473055 0.37979861548143484 0.010104790419161677 0.019509125235997484
13 0.6123690119760479 0.5349276274386406 0.009543413173652695 0.01762114537444934
22 0.10619386227544911 0.3986784140969163 0.011040419161676647 0.019509125235997484
110 0.6191055389221557 0.39175582127123976 0.009169161676646706 0.019509125235997484
22 0.6705651197604791 0.3898678414096916 0.009169161676646706 0.016991818753933293
118 0.312312874251497 0.6095028319697923 0.014221556886227544 0.019509125235997484
110 0.6643899700598802 0.4932347388294525 0.008046407185628742 0.01919446192573946
149 0.5742889221556886 0.3739773442416614 0.0093562874251497 0.017935808684707365
44 0.5533308383233533 0.5767778477029578 0.012350299401197605 0.013845185651353053
7 0.4254303892215569 0.6106041535556954 0.009169161676646706 0.02171176840780365
119 0.3223241017964072 0.5915670232850849 0.009543413173652695 0.01825047199496539
118 0.40896332335329344 0.5494021397105098 0.009917664670658683 0.02391441157960982
7 0.3436564371257485 0.3261485210824418 0.008420658682634731 0.01919446192573946
118 0.31942365269461076 0.36784140969163 0.011976047904191617 0.018879798615481436
32 0.3089446107784431 0.3453429830081812 0.0093562874251497 0.017306482064191317
200 0.7923839820359282 0.6483637507866583 0.008794910179640719 0.017306482064191317
149 0.37013473053892215 0.4095342983008181 0.011976047904191617 0.019823788546255508
160 0.29622005988023953 0.6469477658904972 0.0074850299401197605 0.013845185651353053
13 0.718001497005988 0.4907174323473883 0.010479041916167664 0.017935808684707365
99 0.5720434131736527 0.434235368156073 0.007859281437125748 0.013845185651353053
119 0.19217814371257486 0.6231906859660163 0.010104790419161677 0.015418502202643172
7 0.2411115269461078 0.6076148521082442 0.009917664670658683 0.018879798615481436
176 0.3528255988023952 0.6288546255506607 0.009169161676646706 0.01919446192573946
119 0.7504678143712575 0.36784140969163 0.008794910179640719 0.01762114537444934
106 0.6075973053892215 0.47451227186910006 0.012724550898203593 0.01825047199496539
149 0.2634730538922156 0.6452171176840781 0.010104790419161677 0.020453115166771556
13 0.7326908682634731 0.6504090623033354 0.008420658682634731 0.018879798615481436
200 0.7591691616766467 0.38750786658275643 0.008607784431137725 0.011642542479546885
58 0.7230538922155688 0.30852737570799244 0.016467065868263474 0.01919446192573946
200 0.33523577844311375 0.4685336689741976 0.006923652694610778 0.016991818753933293
22 0.10525823353293413 0.4188168659534298 0.009917664670658683 0.016362492133417242
22 0.765812125748503 0.5511327879169289 0.008794910179640719 0.020453115166771556
7 0.14885853293413173 0.4200755191944619 0.009543413173652695 0.020138451856513532
224 0.20752245508982037 0.22042164883574575 0.01122754491017964 0.021082441787287604
118 0.35497754491017963 0.3475456261799874 0.01122754491017964 0.021082441787287604
13 0.3745321856287425 0.32756450597860287 0.009543413173652695 0.018879798615481436
32 0.7829341317365269 0.407331655129012 0.010479041916167664 0.017935808684707365
7 0.6047904191616766 0.5353996224040277 0.008233532934131737 0.012901195720578981
7 0.7484094311377245 0.5106985525487728 0.009169161676646706 0.015733165512901194
118 0.5714820359281437 0.3143486469477659 0.010104790419161677 0.015103838892385148
32 0.6773952095808383 0.33086847073631215 0.011976047904191617 0.020453115166771556
106 0.6868450598802395 0.37083071113908117 0.012911676646706586 0.019823788546255508
13 0.29837200598802394 0.5267463813719321 0.011040419161676647 0.018879798615481436
99 0.672249251497006 0.4499685336689742 0.007672155688622754 0.020138451856513532
224 0.6787986526946108 0.47230962869729387 0.009169161676646706 0.021397105097545627
211 0.38005239520958084 0.5703272498426684 0.00561377245508982 0.02171176840780365
58 0.5973989520958084 0.3338577721837634 0.014782934131736527 0.015733165512901194
7 0.34861526946107785 0.5294210195091252 0.009730538922155689 0.020453115166771556
160 0.21126497005988024 0.302076777847703 0.011601796407185628 0.02076777847702958
6 0.6514782934131736 0.43108873505349277 0.007672155688622754 0.01825047199496539
44 0.2636601796407186 0.48599748269351795 0.011976047904191617 0.017935808684707365
106 0.3304640718562874 0.4092196349905601 0.011601796407185628 0.020453115166771556
76 0.234375 0.5247010698552549 0.012163173652694611 0.03366897419760856
118 0.2634730538922156 0.5678099433606042 0.01309880239520958 0.019823788546255508
119 0.11162050898203593 0.43895531780994335 0.007672155688622754 0.01762114537444934
211 0.26422155688622756 0.5448395217117684 0.005988023952095809 0.0223410950283197
22 0.5742889221556886 0.29531151667715544 0.0074850299401197605 0.021082441787287604
118 0.8047342814371258 0.34786028949024544 0.013285928143712575 0.02171176840780365
200 0.7367140718562875 0.28602894902454373 0.011976047904191617 0.018879798615481436
118 0.5694236526946108 0.39411579609817493 0.011976047904191617 0.020453115166771556
149 0.2090194610778443 0.6228760226557584 0.01122754491017964 0.01667715544367527
200 0.15400449101796407 0.48001887979861546 0.010479041916167664 0.020453115166771556
22 0.3771519461077844 0.5490874764002517 0.009169161676646706 0.018879798615481436
211 0.37790044910179643 0.630427942101951 0.0061751497005988025 0.021082441787287604
224 0.36461452095808383 0.4883574575204531 0.008046407185628742 0.019509125235997484
224 0.7686190119760479 0.3086847073631215 0.008046407185628742 0.016991818753933293
110 0.37060254491017963 0.5492448080553808 0.009543413173652695 0.02171176840780365
224 0.6118076347305389 0.3539962240402769 0.009543413173652695 0.0144745122718691
200 0.1308944610778443 0.5017306482064191 0.007672155688622754 0.012271869100062933
224 0.3938997005988024 0.5711139081183134 0.006736526946107785 0.019509125235997484
22 0.6526010479041916 0.5745752045311516 0.007672155688622754 0.012586532410320957
106 0.8166167664670658 0.38640654499685334 0.010479041916167664 0.01825047199496539
211 0.7918226047904192 0.4277847702957835 0.005800898203592814 0.014789175582127124
200 0.31540044910179643 0.5281623662680931 0.009169161676646706 0.020453115166771556
200 0.3378555389221557 0.5711139081183134 0.008794910179640719 0.015733165512901194
211 0.8687312874251497 0.42573945877910635 0.0061751497005988025 0.020138451856513532
200 0.5754116766467066 0.4962240402769037 0.008233532934131737 0.012586532410320957
149 0.11358532934131736 0.460352422907489 0.012350299401197605 0.01762114537444934
185 0.27685254491017963 0.5056639395846444 0.011040419161676647 0.024543738200125866
7 0.8416916167664671 0.4274701069855255 0.010853293413173653 0.017306482064191317
200 0.30735404191616766 0.48772813089993705 0.009169161676646706 0.013215859030837005
22 0.3569423652694611 0.28650094398993076 0.01029191616766467 0.023599748269351795
32 0.38304640718562877 0.6098174952800504 0.011601796407185628 0.020138451856513532
211 0.1786115269461078 0.6025802391441158 0.004303892215568862 0.016362492133417242
176 0.36798278443113774 0.368942731277533 0.01066616766467066 0.0223410950283197
110 0.13940868263473055 0.5 0.008233532934131737 0.012586532410320957
200 0.7368076347305389 0.30837004405286345 0.01029191616766467 0.01762114537444934
22 0.6195733532934131 0.6159534298300818 0.008982035928143712 0.01667715544367527
99 0.5770958083832335 0.5959723096286973 0.004491017964071856 0.015103838892385148
7 0.7979041916167665 0.5100692259282568 0.0093562874251497 0.021397105097545627
32 0.23512350299401197 0.4828508495909377 0.009169161676646706 0.021082441787287604
200 0.8227919161676647 0.42794210195091253 0.008607784431137725 0.015103838892385148
200 0.7313809880239521 0.6137507866582756 0.007297904191616767 0.018565135305223412
13 0.8417851796407185 0.5848017621145375 0.009543413173652695 0.017935808684707365
106 0.1758046407185629 0.3190685966016362 0.01029191616766467 0.01825047199496539
13 0.7500935628742516 0.3876651982378855 0.01029191616766467 0.01825047199496539
22 0.7523390718562875 0.6132787916928886 0.009917664670658683 0.019509125235997484
200 0.5892589820359282 0.4962240402769037 0.008607784431137725 0.0144745122718691
211 0.24840943113772454 0.605569540591567 0.007297904191616767 0.018565135305223412
7 0.8763098802395209 0.4251101321585903 0.008982035928143712 0.018879798615481436
7 0.6270583832335329 0.4938640654499685 0.010853293413173653 0.015418502202643172
99 0.7616953592814372 0.6511957205789805 0.00654940119760479 0.021082441787287604
7 0.22979041916167664 0.2223096286972939 0.010479041916167664 0.020453115166771556
22 0.3529191616766467 0.44981120201384517 0.006736526946107785 0.012901195720578981
119 0.8110029940119761 0.46648835745752043 0.009730538922155689 0.019823788546255508
99 0.5568862275449101 0.3749213341724355 0.008982035928143712 0.021082441787287604
118 0.2283869760479042 0.42463813719320326 0.009917664670658683 0.014159848961611076
22 0.37209955089820357 0.38892385147891756 0.008794910179640719 0.018879798615481436
160 0.5431324850299402 0.5180931403398363 0.009917664670658683 0.020453115166771556
118 0.8052020958083832 0.36658275645059785 0.012350299401197605 0.01825047199496539
160 0.5601609281437125 0.473725613593455 0.01029191616766467 0.017935808684707365
118 0.7745134730538922 0.6302706104468219 0.010479041916167664 0.018879798615481436
185 0.6148952095808383 0.5953429830081812 0.010104790419161677 0.016362492133417242
119 0.33579715568862273 0.44949653870358713 0.008046407185628742 0.014159848961611076
22 0.5884169161676647 0.41409691629955947 0.008794910179640719 0.01762114537444934
118 0.7571107784431138 0.3508495909376967 0.012724550898203593 0.02391441157960982
185 0.30379865269461076 0.6480490874764002 0.008420658682634731 0.021082441787287604
44 0.4104603293413174 0.4499685336689742 0.015157185628742515 0.020138451856513532
211 0.7489708083832335 0.6507237256135935 0.00654940119760479 0.020138451856513532
110 0.6937687125748503 0.552706104468219 0.009543413173652695 0.01919446192573946
200 0.390063622754491 0.4092196349905601 0.008046407185628742 0.01919446192573946
149 0.20480913173652696 0.6453744493392071 0.009169161676646706 0.01825047199496539
118 0.7712387724550899 0.329137822529893 0.011414670658682635 0.01825047199496539
106 0.33252245508982037 0.6483637507866583 0.012350299401197605 0.02171176840780365
7 0.3750935628742515 0.2883889238514789 0.009169161676646706 0.019823788546255508
22 0.2710516467065868 0.5467275015733165 0.008420658682634731 0.0223410950283197
211 0.5505239520958084 0.5190371302706105 0.005988023952095809 0.017306482064191317
118 0.7352170658682635 0.5712712397734424 0.012724550898203593 0.019823788546255508
200 0.17608532934131738 0.3580868470736312 0.012350299401197605 0.01825047199496539
8 0.12612275449101795 0.41913152926368785 0.005988023952095809 0.016362492133417242
22 0.6410928143712575 0.4523285084959094 0.0093562874251497 0.019823788546255508
200 0.5512724550898204 0.4354940213971051 0.0074850299401197605 0.0144745122718691
7 0.41738398203592814 0.4089049716803021 0.007672155688622754 0.018565135305223412
211 0.281811377245509 0.56686595342983 0.005239520958083832 0.013530522341095029
32 0.7413922155688623 0.4280994336060415 0.009730538922155689 0.020453115166771556
99 0.6874064371257484 0.5124292007551919 0.006923652694610778 0.018565135305223412
118 0.32747005988023953 0.5701699181875394 0.01122754491017964 0.021397105097545627
118 0.34524700598802394 0.487413467589679 0.012350299401197605 0.020138451856513532
185 0.5649326347305389 0.35446821900566394 0.010104790419161677 0.012901195720578981
200 0.6968562874251497 0.4918187539332914 0.0093562874251497 0.016362492133417242
6 0.5645583832335329 0.37429200755191944 0.007859281437125748 0.014159848961611076
110 0.11517589820359281 0.5179358086847073 0.007672155688622754 0.018879798615481436
224 0.27965943113772457 0.5479861548143486 0.007297904191616767 0.0223410950283197
211 0.7238959580838323 0.6137507866582756 0.006923652694610778 0.020453115166771556
22 0.16925523952095808 0.460509754562618 0.008794910179640719 0.018565135305223412
22 0.7244573353293413 0.6515103838892385 0.008420658682634731 0.017306482064191317
13 0.7237088323353293 0.4287287602265576 0.009917664670658683 0.019823788546255508
22 0.6874064371257484 0.4929200755191945 0.008046407185628742 0.020453115166771556
22 0.671500748502994 0.4919760855884204 0.008420658682634731 0.019823788546255508
200 0.6794535928143712 0.512271869100063 0.008982035928143712 0.013215859030837005
200 0.37565494011976047 0.5278477029578351 0.009543413173652695 0.019823788546255508
13 0.7671220059880239 0.4276274386406545 0.008420658682634731 0.01762114537444934
200 0.8727544910179641 0.5254877281309 0.008982035928143712 0.01762114537444934
200 0.2523390718562874 0.21900566393958465 0.01403443113772455 0.01762114537444934
200 0.10413547904191617 0.5802391441157961 0.008046407185628742 0.01762114537444934
58 0.3872567365269461 0.5484581497797357 0.011788922155688622 0.021397105097545627
211 0.22922904191616766 0.4035556954059157 0.005239520958083832 0.021082441787287604
224 0.5674588323353293 0.41268093140339834 0.007297904191616767 0.016047828823159218
200 0.18207335329341318 0.3777533039647577 0.010479041916167664 0.01667715544367527
224 0.2188435628742515 0.5243864065449969 0.008420658682634731 0.019823788546255508
200 0.8642402694610778 0.3843612334801762 0.009169161676646706 0.019823788546255508
224 0.7544910179640718 0.40764631843926996 0.008233532934131737 0.016047828823159218
106 0.15381736526946108 0.5199811202013845 0.012350299401197605 0.020453115166771556
211 0.16729041916167664 0.6222466960352423 0.0029940119760479044 0.014159848961611076
211 0.7820920658682635 0.5100692259282568 0.005052395209580838 0.016991818753933293
118 0.1594311377245509 0.44115796098174953 0.010853293413173653 0.018879798615481436
118 0.20780314371257486 0.3410950283196979 0.008046407185628742 0.01762114537444934
7 0.1030127245508982 0.4381686595342983 0.011040419161676647 0.019823788546255508
160 0.5505239520958084 0.6560730018879799 0.008982035928143712 0.01762114537444934
99 0.6370696107784432 0.43234738829452485 0.006923652694610778 0.018879798615481436
22 0.18488023952095808 0.3206419131529264 0.01122754491017964 0.01825047199496539
200 0.6751497005988024 0.6331025802391441 0.010104790419161677 0.020138451856513532
58 0.6339820359281437 0.5158904971680303 0.01347305389221557 0.013530522341095029
99 0.5820546407185628 0.35446821900566394 0.00654940119760479 0.015418502202643172
118 0.15363023952095808 0.5995909376966646 0.009730538922155689 0.020453115166771556
22 0.7117327844311377 0.5940843297671492 0.008420658682634731 0.015103838892385148
22 0.5808383233532934 0.5566393958464443 0.009730538922155689 0.01762114537444934
22 0.6210703592814372 0.5365009439899308 0.008982035928143712 0.016362492133417242
118 0.21996631736526945 0.6227186910006294 0.009917664670658683 0.018879798615481436
110 0.3649887724550898 0.30742605412208934 0.008046407185628742 0.019509125235997484
118 0.34880239520958084 0.4090623033354311 0.011601796407185628 0.016991818753933293
160 0.2869573353293413 0.6268093140339837 0.008420658682634731 0.02328508495909377
32 0.15877619760479042 0.5819697923222152 0.01029191616766467 0.019823788546255508
200 0.7588884730538922 0.36784140969163 0.01029191616766467 0.01762114537444934
211 0.7423278443113772 0.46884833228445566 0.005988023952095809 0.019509125235997484
22 0.7928517964071856 0.6090308370044053 0.008233532934131737 0.017935808684707365
211 0.3160553892215569 0.34660163624921336 0.005988023952095809 0.020453115166771556
106 0.812874251497006 0.4274701069855255 0.01122754491017964 0.016047828823159218
22 0.7747941616766467 0.5097545626179988 0.01066616766467066 0.020138451856513532
22 0.3396332335329341 0.5077092511013216 0.010853293413173653 0.020453115166771556
118 0.7412986526946108 0.6123348017621145 0.011040419161676647 0.020138451856513532
22 0.25121631736526945 0.44430459408432976 0.008794910179640719 0.012586532410320957
149 0.23577844311377247 0.46302706104468216 0.010104790419161677 0.014159848961611076
200 0.2437312874251497 0.6255506607929515 0.008046407185628742 0.016362492133417242
22 0.8090381736526946 0.5289490245437382 0.008420658682634731 0.018879798615481436
118 0.8530127245508982 0.4649150409062303 0.009917664670658683 0.021082441787287604
7 0.8783682634730539 0.5638766519823789 0.008607784431137725 0.01762114537444934
22 0.7012537425149701 0.551762114537445 0.009169161676646706 0.021082441787287604
58 0.14249625748502995 0.47954688483322844 0.01440868263473054 0.01825047199496539
58 0.6976047904191617 0.3898678414096916 0.015718562874251496 0.016991818753933293
200 0.7907934131736527 0.5500314663310258 0.008233532934131737 0.01762114537444934
118 0.6202282934131736 0.6538703587161737 0.011040419161676647 0.015733165512901194
22 0.8216691616766467 0.5866897419760856 0.0093562874251497 0.01667715544367527
118 0.19928892215568864 0.302076777847703 0.012350299401197605 0.019509125235997484
118 0.781998502994012 0.3491189427312775 0.01309880239520958 0.02171176840780365
119 0.7677769461077845 0.3879798615481435 0.010853293413173653 0.018879798615481436
224 0.2119199101796407 0.4435179358086847 0.008794910179640719 0.019823788546255508
200 0.7697417664670658 0.36705475141598487 0.009169161676646706 0.01919446192573946
211 0.6831025449101796 0.6302706104468219 0.007297904191616767 0.022026431718061675
224 0.23400074850299402 0.6433291378225299 0.009917664670658683 0.019823788546255508
200 0.6604603293413174 0.513530522341095 0.008794910179640719 0.015733165512901194
22 0.10160928143712575 0.4790748898678414 0.008982035928143712 0.02171176840780365
13 0.29958832335329344 0.3868785399622404 0.01122754491017964 0.02171176840780365
185 0.15522080838323354 0.5608873505349277 0.011788922155688622 0.0223410950283197
106 0.6121818862275449 0.43281938325991187 0.012537425149700599 0.017306482064191317
211 0.24354416167664672 0.5234424166142227 0.005800898203592814 0.022970421648835747
13 0.8356100299401198 0.6076148521082442 0.009917664670658683 0.018879798615481436
119 0.7228667664670658 0.6340465701699182 0.008982035928143712 0.020138451856513532
149 0.15381736526946108 0.6423851478917558 0.010853293413173653 0.022970421648835747
106 0.24223428143712575 0.5854310887350535 0.013285928143712575 0.014159848961611076
149 0.3005239520958084 0.6069855254877281 0.0093562874251497 0.016991818753933293
6 0.3788360778443114 0.4299874134675897 0.008046407185628742 0.021082441787287604
106 0.6635479041916168 0.5734738829452486 0.014595808383233533 0.014789175582127124
22 0.2088323353293413 0.35997482693517935 0.008233532934131737 0.015103838892385148
119 0.36976047904191617 0.6310572687224669 0.007859281437125748 0.021082441787287604
200 0.7594498502994012 0.3091567023285085 0.009543413173652695 0.017935808684707365
211 0.19947604790419163 0.6230333543108874 0.0074850299401197605 0.015103838892385148
211 0.34543413173652693 0.6285399622404028 0.00561377245508982 0.0223410950283197
211 0.6071294910179641 0.4118942731277533 0.005800898203592814 0.019509125235997484
13 0.5412612275449101 0.5758338577721838 0.009917664670658683 0.018879798615481436
160 0.5756923652694611 0.5169918187539333 0.01029191616766467 0.0144745122718691
224 0.38585329341317365 0.5300503461296413 0.008233532934131737 0.020453115166771556
32 0.6700037425149701 0.512271869100063 0.011040419161676647 0.016362492133417242
22 0.39885853293413176 0.5490874764002517 0.01029191616766467 0.020138451856513532
119 0.10984281437125748 0.4781308999370673 0.01122754491017964 0.021082441787287604
58 0.2778817365269461 0.46522970421648835 0.012350299401197605 0.018565135305223412
119 0.7518712574850299 0.44918187539332916 0.0074850299401197605 0.019823788546255508
7 0.18338323353293412 0.6214600377595972 0.007859281437125748 0.0144745122718691
224 0.7761976047904192 0.46774701069855257 0.007859281437125748 0.019823788546255508
7 0.22642215568862276 0.644587791063562 0.010104790419161677 0.02171176840780365
32 0.4098053892215569 0.30884203901825047 0.011601796407185628 0.021082441787287604
149 0.6536302395209581 0.5934550031466331 0.010479041916167664 0.01762114537444934
118 0.610310628742515 0.6354625550660793 0.012911676646706586 0.01667715544367527
22 0.7454154191616766 0.5704845814977973 0.008794910179640719 0.016991818753933293
99 0.7840568862275449 0.6496224040276903 0.007110778443113772 0.019823788546255508
7 0.19124251497005987 0.35777218376337316 0.010104790419161677 0.01825047199496539
200 0.3093188622754491 0.3879798615481435 0.008982035928143712 0.019509125235997484
118 0.22922904191616766 0.5026746381371932 0.010853293413173653 0.018565135305223412
22 0.8033308383233533 0.44808055380742606 0.0093562874251497 0.016362492133417242
224 0.7767589820359282 0.4883574575204531 0.008607784431137725 0.018879798615481436
7 0.7137911676646707 0.6329452485840151 0.009543413173652695 0.017935808684707365
211 0.6729041916167665 0.6137507866582756 0.005988023952095809 0.020453115166771556
118 0.6530688622754491 0.6132787916928886 0.011976047904191617 0.019509125235997484
22 0.7765718562874252 0.38609188168659536 0.008982035928143712 0.01762114537444934
32 0.5661489520958084 0.4971680302076778 0.01066616766467066 0.016991818753933293
211 0.2252994011976048 0.5239144115796098 0.005988023952095809 0.01762114537444934
211 0.28255988023952094 0.6452171176840781 0.007110778443113772 0.020453115166771556
118 0.3589071856287425 0.5498741346758967 0.012724550898203593 0.022970421648835747
22 0.7737649700598802 0.6104468219005664 0.007110778443113772 0.021397105097545627
200 0.5481848802395209 0.35604153555695406 0.008794910179640719 0.012901195720578981
13 0.7989333832335329 0.4062303335431089 0.009169161676646706 0.016991818753933293
200 0.7547717065868264 0.631686595342983 0.009169161676646706 0.01919446192573946
224 0.6585890718562875 0.6522970421648836 0.01029191616766467 0.015733165512901194
99 0.3473989520958084 0.368470736312146 0.00654940119760479 0.018879798615481436
44 0.16682260479041916 0.39993706733794837 0.013660179640718563 0.013215859030837005
22 0.5967440119760479 0.5168344870988043 0.010104790419161677 0.015418502202643172
211 0.16747754491017963 0.3799559471365639 0.004116766467065869 0.017935808684707365
211 0.7990269461077845 0.5896790434235368 0.004116766467065869 0.016991818753933293
106 0.23334580838323354 0.6268093140339837 0.012724550898203593 0.018879798615481436
6 0.6147080838323353 0.41268093140339834 0.009730538922155689 0.019823788546255508
22 0.8618076347305389 0.42558212712397736 0.007672155688622754 0.016047828823159218
99 0.17122005988023953 0.5218691000629326 0.005239520958083832 0.014159848961611076
211 0.25467814371257486 0.60509754562618 0.005239520958083832 0.01762114537444934
22 0.8262537425149701 0.4065449968533669 0.009917664670658683 0.016362492133417242
211 0.7182821856287425 0.5937696664568911 0.006923652694610778 0.016362492133417242
118 0.8508607784431138 0.34675896790434235 0.011976047904191617 0.016991818753933293
118 0.8730351796407185 0.36264946507237256 0.012537425149700599 0.017306482064191317
200 0.7991205089820359 0.3870358716173694 0.009543413173652695 0.015733165512901194
22 0.844311377245509 0.4660163624921334 0.007110778443113772 0.021397105097545627
200 0.28938997005988026 0.6463184392699811 0.00654940119760479 0.015103838892385148
224 0.8070733532934131 0.3867212083071114 0.008607784431137725 0.01762114537444934
22 0.8380426646706587 0.5673379483952171 0.007672155688622754 0.016991818753933293
224 0.1468001497005988 0.3190685966016362 0.008794910179640719 0.0144745122718691
118 0.7231474550898204 0.368942731277533 0.011414670658682635 0.02171176840780365
32 0.5963697604790419 0.473725613593455 0.011601796407185628 0.017935808684707365
200 0.7458832335329342 0.407803650094399 0.010479041916167664 0.01762114537444934
200 0.38547904191616766 0.34927627438640657 0.008982035928143712 0.020138451856513532
118 0.6909618263473054 0.5319383259911894 0.011788922155688622 0.01667715544367527
7 0.6911489520958084 0.35006293266205163 0.009917664670658683 0.02171176840780365
211 0.1835703592814371 0.3585588420390183 0.005988023952095809 0.017306482064191317
211 0.3093188622754491 0.4293580868470736 0.002619760479041916 0.015418502202643172
211 0.15980538922155688 0.35997482693517935 0.005988023952095809 0.016991818753933293
22 0.16654191616766467 0.5015733165512901 0.011601796407185628 0.018879798615481436
13 0.09206586826347306 0.6401825047199496 0.010104790419161677 0.021082441787287604
8 0.16700973053892215 0.35840151038388923 0.007672155688622754 0.018879798615481436
22 0.5857971556886228 0.6556010069225928 0.008794910179640719 0.01667715544367527
149 0.5835516467065869 0.31497797356828194 0.009543413173652695 0.015733165512901194
200 0.1278068862275449 0.4417872876022656 0.011601796407185628 0.01825047199496539
44 0.7447604790419161 0.35006293266205163 0.014595808383233533 0.013530522341095029
211 0.7119199101796407 0.47010698552548774 0.0061751497005988025 0.016991818753933293
211 0.9082148203592815 0.5638766519823789 0.004303892215568862 0.01825047199496539
119 0.6787986526946108 0.49166142227816234 0.009169161676646706 0.017935808684707365
22 0.6362275449101796 0.5753618628067967 0.008982035928143712 0.016047828823159218
13 0.10404191616766467 0.37476400251730646 0.010853293413173653 0.01762114537444934
6 0.6127432634730539 0.5158904971680303 0.01029191616766467 0.015418502202643172
22 0.7397080838323353 0.5914096916299559 0.0093562874251497 0.017935808684707365
99 0.39165419161676646 0.49134675896790436 0.007110778443113772 0.02171176840780365
22 0.15522080838323354 0.3986784140969163 0.008794910179640719 0.019509125235997484
211 0.25888847305389223 0.5863750786658276 0.005800898203592814 0.018565135305223412
176 0.1629865269461078 0.2789490245437382 0.010853293413173653 0.023599748269351795
7 0.39343188622754494 0.3102580239144116 0.009917664670658683 0.019509125235997484
118 0.2993076347305389 0.5464128382630585 0.01066616766467066 0.020453115166771556
185 0.18600299401197604 0.5424795468848332 0.010104790419161677 0.01762114537444934
32 0.11760853293413173 0.47781623662680933 0.01066616766467066 0.02171176840780365
110 0.718188622754491 0.6524543738200126 0.0074850299401197605 0.01919446192573946
13 0.7325037425149701 0.35053492762743865 0.011040419161676647 0.015733165512901194
185 0.7097679640718563 0.5538074260541221 0.008233532934131737 0.01825047199496539
176 0.19666916167664672 0.5033039647577092 0.0093562874251497 0.01919446192573946
185 0.5772829341317365 0.33480176211453744 0.009730538922155689 0.013845185651353053
160 0.7855538922155688 0.6297986154814349 0.009730538922155689 0.016047828823159218
211 0.3473989520958084 0.6486784140969163 0.005426646706586827 0.02171176840780365
224 0.8362649700598802 0.46743234738829453 0.008982035928143712 0.019823788546255508
200 0.843562874251497 0.6084015103838892 0.010479041916167664 0.01919446192573946
32 0.671126497005988 0.5331969792322215 0.011414670658682635 0.01919446192573946
13 0.6936751497005988 0.5736312146003776 0.008233532934131737 0.016991818753933293
16 0.203125 0.421176840780365 0.01029191616766467 0.015418502202643172
176 0.1289296407185629 0.6211453744493393 0.010479041916167664 0.015733165512901194
22 0.7596369760479041 0.46806167400881055 0.008046407185628742 0.01667715544367527
224 0.41738398203592814 0.6102894902454373 0.009917664670658683 0.021082441787287604
7 0.38781811377245506 0.47010698552548774 0.009917664670658683 0.01825047199496539
13 0.5452844311377245 0.395217117684078 0.010104790419161677 0.016362492133417242
32 0.6239708083832335 0.553650094398993 0.008794910179640719 0.019823788546255508
76 0.5894461077844312 0.617369414726243 0.010104790419161677 0.033983637507866586
7 0.6063809880239521 0.49528005034612965 0.008794910179640719 0.0144745122718691
160 0.5451908682634731 0.4156702328508496 0.009543413173652695 0.016362492133417242
7 0.7062125748502994 0.4111076148521082 0.010479041916167664 0.01919446192573946
99 0.7594498502994012 0.6115481434864695 0.0061751497005988025 0.018565135305223412
176 0.39829715568862273 0.45028319697923225 0.009917664670658683 0.019509125235997484
7 0.41916167664670656 0.5508181246066709 0.008607784431137725 0.014789175582127124
22 0.6862836826347305 0.38955317809943363 0.007297904191616767 0.01762114537444934
118 0.5875748502994012 0.5764631843926998 0.010104790419161677 0.019509125235997484
13 0.8299026946107785 0.5673379483952171 0.012350299401197605 0.015733165512901194
118 0.28817365269461076 0.38640654499685334 0.010104790419161677 0.01825047199496539
160 0.718001497005988 0.5501887979861548 0.010479041916167664 0.017306482064191317
224 0.17281062874251496 0.29924480805538073 0.011040419161676647 0.019509125235997484
13 0.21800149700598803 0.48332284455632474 0.010853293413173653 0.018879798615481436
7 0.5812125748502994 0.3925424795468848 0.008982035928143712 0.012901195720578981
200 0.6744947604790419 0.5758338577721838 0.01066616766467066 0.01825047199496539
32 0.2694610778443114 0.5250157331655129 0.0093562874251497 0.021082441787287604
200 0.8754678143712575 0.32441787287602264 0.01029191616766467 0.016991818753933293
119 0.15400449101796407 0.2983008181246067 0.01347305389221557 0.020138451856513532
211 0.10338697604790419 0.5995909376966646 0.00467814371257485 0.02171176840780365
44 0.7299775449101796 0.5520767778477029 0.014221556886227544 0.019823788546255508
119 0.25130988023952094 0.6268093140339837 0.008607784431137725 0.020138451856513532
200 0.1627994011976048 0.29924480805538073 0.009730538922155689 0.01825047199496539
58 0.8043600299401198 0.6093455003146633 0.01440868263473054 0.018565135305223412
6 0.7342814371257484 0.46806167400881055 0.010104790419161677 0.01667715544367527
7 0.7475673652694611 0.5306796727501574 0.008607784431137725 0.017306482064191317
22 0.6206025449101796 0.6346758967904342 0.007672155688622754 0.015103838892385148
22 0.3997941616766467 0.512114537444934 0.008420658682634731 0.021082441787287604
176 0.24803517964071856 0.5457835116425425 0.008794910179640719 0.02171176840780365
32 0.7077095808383234 0.4274701069855255 0.008982035928143712 0.01919446192573946
7 0.21135853293413173 0.3211139081183134 0.009543413173652695 0.021082441787287604
185 0.12312874251497007 0.3381057268722467 0.013847305389221557 0.021082441787287604
118 0.2093001497005988 0.5832284455632474 0.01066616766467066 0.02171176840780365
13 0.766373502994012 0.5695405915670233 0.009543413173652695 0.015103838892385148
106 0.5596931137724551 0.5962869729389553 0.011976047904191617 0.01762114537444934
211 0.26104041916167664 0.42558212712397736 0.005988023952095809 0.020453115166771556
185 0.26861901197604793 0.4252674638137193 0.009917664670658683 0.021082441787287604
22 0.3404752994011976 0.5501887979861548 0.007672155688622754 0.0223410950283197
224 0.6369760479041916 0.5350849590937696 0.007859281437125748 0.014789175582127124
22 0.31352919161676646 0.4488672120830711 0.009543413173652695 0.021082441787287604
200 0.8497380239520959 0.5873190685966017 0.007859281437125748 0.018565135305223412
118 0.1786115269461078 0.44162995594713655 0.009917664670658683 0.021082441787287604
224 0.24354416167664672 0.3826305852737571 0.009917664670658683 0.016991818753933293
211 0.6442739520958084 0.4318753933291378 0.00561377245508982 0.017935808684707365
7 0.15157185628742514 0.21727501573316552 0.011976047904191617 0.0223410950283197
22 0.7304453592814372 0.38845185651353054 0.009543413173652695 0.018565135305223412
44 0.5589446107784432 0.315607300188798 0.012724550898203593 0.0144745122718691
119 0.11405314371257486 0.5607300188797986 0.009169161676646706 0.016362492133417242
58 0.15784056886227546 0.3393643801132788 0.012537425149700599 0.018565135305223412
99 0.23933383233532934 0.5440528634361234 0.008607784431137725 0.02076777847702958
200 0.8156811377245509 0.5665512901195721 0.008982035928143712 0.01667715544367527
160 0.6849738023952096 0.5926683448709881 0.009543413173652695 0.018565135305223412
32 0.15746631736526945 0.500314663310258 0.009917664670658683 0.02328508495909377
200 0.7418600299401198 0.368942731277533 0.007672155688622754 0.012901195720578981
13 0.8639595808383234 0.5258023914411579 0.008982035928143712 0.016362492133417242
7 0.34496631736526945 0.4303020767778477 0.009543413173652695 0.01919446192573946
7 0.22342814371257486 0.40151038388923854 0.008607784431137725 0.015733165512901194
22 0.28564745508982037 0.5056639395846444 0.009543413173652695 0.020138451856513532
6 0.1847866766467066 0.3404657016991819 0.019273952095808383 0.015103838892385148
32 0.2754491017964072 0.4051290119572058 0.008233532934131737 0.01919446192573946
160 0.23063248502994013 0.5859030837004405 0.008794910179640719 0.01762114537444934
200 0.6613959580838323 0.4287287602265576 0.01029191616766467 0.015418502202643172
211 0.39502245508982037 0.4303020767778477 0.005239520958083832 0.020453115166771556
110 0.5785928143712575 0.6548143486469478 0.008607784431137725 0.015733165512901194
176 0.21828218562874252 0.36280679672750155 0.008794910179640719 0.02076777847702958
7 0.14708083832335328 0.33967904342353683 0.008233532934131737 0.017935808684707365
118 0.18001497005988024 0.5624606670862178 0.012724550898203593 0.019823788546255508
32 0.7910741017964071 0.5881057268722467 0.01066616766467066 0.01825047199496539
8 0.14099925149700598 0.4200755191944619 0.008420658682634731 0.020138451856513532
224 0.36751497005988026 0.328508495909377 0.010104790419161677 0.02076777847702958
6 0.33289670658682635 0.5479861548143486 0.008233532934131737 0.012271869100062933
99 0.8716317365269461 0.564820641913153 0.006736526946107785 0.019509125235997484
22 0.11985404191616766 0.6191000629326621 0.007297904191616767 0.012271869100062933
118 0.625561377245509 0.5744178728760226 0.010479041916167664 0.016047828823159218
211 0.5982410179640718 0.6139081183134046 0.005239520958083832 0.02076777847702958
119 0.7626309880239521 0.2868156073001888 0.008794910179640719 0.020453115166771556
7 0.608813622754491 0.3341724354940214 0.009543413173652695 0.01762114537444934
149 0.2125748502994012 0.37979861548143484 0.01122754491017964 0.020138451856513532
13 0.6352919161676647 0.6140654499685336 0.009730538922155689 0.017935808684707365
200 0.3372941616766467 0.6291692888609188 0.009169161676646706 0.015418502202643172
118 0.34487275449101795 0.38845185651353054 0.01309880239520958 0.021082441787287604
99 0.32662799401197606 0.48725613593455 0.007297904191616767 0.022970421648835747
13 0.734375 0.44823788546255505 0.008046407185628742 0.019823788546255508
185 0.5633420658682635 0.5766205160478288 0.009169161676646706 0.012901195720578981
7 0.17150074850299402 0.27831969792322214 0.009543413173652695 0.018565135305223412
118 0.7640344311377245 0.5092825676526117 0.011976047904191617 0.01919446192573946
176 0.4342252994011976 0.5498741346758967 0.008794910179640719 0.020453115166771556
6 0.3556324850299401 0.5086532410320956 0.009169161676646706 0.0223410950283197
200 0.8449663173652695 0.5269037130270611 0.009543413173652695 0.01667715544367527
13 0.858813622754491 0.3458149779735683 0.008046407185628742 0.020138451856513532
200 0.8155875748502994 0.6091881686595343 0.009169161676646706 0.018879798615481436
118 0.33663922155688625 0.5294210195091252 0.01347305389221557 0.01919446192573946
200 0.27984655688622756 0.48772813089993705 0.006923652694610778 0.019509125235997484
32 0.3246631736526946 0.6091881686595343 0.01122754491017964 0.020138451856513532
22 0.3775261976047904 0.36784140969163 0.006923652694610778 0.020138451856513532
149 0.6144273952095808 0.5755191944619258 0.01066616766467066 0.016362492133417242
149 0.6094685628742516 0.3908118313404657 0.01309880239520958 0.01762114537444934
118 0.765437874251497 0.591252359974827 0.01029191616766467 0.019509125235997484
13 0.2412986526946108 0.5020453115166772 0.01029191616766467 0.019823788546255508
58 0.13632110778443113 0.5402769037130271 0.013285928143712575 0.020138451856513532
119 0.33299026946107785 0.6082441787287602 0.01029191616766467 0.016991818753933293
224 0.7101422155688623 0.6518250471994965 0.008233532934131737 0.019823788546255508
119 0.26646706586826346 0.5871617369414727 0.0093562874251497 0.020138451856513532
110 0.5908495508982036 0.35446821900566394 0.008420658682634731 0.018565135305223412
22 0.6850673652694611 0.4713656387665198 0.0093562874251497 0.01825047199496539
211 0.20387350299401197 0.3209565764631844 0.0061751497005988025 0.016991818753933293
224 0.18628368263473055 0.643643801132788 0.009917664670658683 0.019823788546255508
7 0.09936377245508982 0.5602580239144116 0.01122754491017964 0.019823788546255508
118 0.781998502994012 0.4483952171176841 0.01122754491017964 0.018879798615481436
160 0.3731287425149701 0.30742605412208934 0.0093562874251497 0.01825047199496539
200 0.6646706586826348 0.5531780994336061 0.008982035928143712 0.019509125235997484
118 0.6653255988023952 0.5937696664568911 0.012911676646706586 0.016991818753933293
224 0.15746631736526945 0.42023285084959094 0.008420658682634731 0.02171176840780365
200 0.5436938622754491 0.5980176211453745 0.008046407185628742 0.017306482064191317
99 0.7478480538922155 0.591724354940214 0.00654940119760479 0.01919446192573946
149 0.32092065868263475 0.5067652611705475 0.012350299401197605 0.021082441787287604
58 0.12574850299401197 0.4581497797356828 0.01122754491017964 0.018879798615481436
58 0.2216504491017964 0.56686595342983 0.01403443113772455 0.01919446192573946
185 0.5750374251497006 0.5353996224040277 0.010104790419161677 0.012901195720578981
13 0.8673278443113772 0.3236312146003776 0.008233532934131737 0.021082441787287604
211 0.32887350299401197 0.5898363750786658 0.005800898203592814 0.01919446192573946
13 0.8241017964071856 0.44697923222152297 0.009730538922155689 0.016047828823159218
7 0.3258794910179641 0.527218376337319 0.009543413173652695 0.016047828823159218
110 0.7063061377245509 0.34959093769666455 0.01066616766467066 0.022655758338577723
58 0.5588510479041916 0.45531780994336063 0.013660179640718563 0.01825047199496539
32 0.24223428143712575 0.4446192573945878 0.008794910179640719 0.020138451856513532
58 0.374625748502994 0.3481749528005035 0.012350299401197605 0.018565135305223412
200 0.15840194610778444 0.6230333543108874 0.008046407185628742 0.016991818753933293
119 0.2504678143712575 0.525330396475771 0.008794910179640719 0.02171176840780365
224 0.33542290419161674 0.3278791692888609 0.008794910179640719 0.016991818753933293
118 0.18852919161676646 0.5234424166142227 0.011788922155688622 0.01919446192573946
149 0.23531062874251496 0.5649779735682819 0.01066616766467066 0.014159848961611076
13 0.2780688622754491 0.5256450597860289 0.010479041916167664 0.019823788546255508
22 0.6282747005988024 0.39285714285714285 0.01066616766467066 0.017935808684707365
118 0.7166916167664671 0.4092196349905601 0.012350299401197605 0.017306482064191317
211 0.6540980538922155 0.512901195720579 0.00654940119760479 0.01825047199496539
106 0.8010853293413174 0.4274701069855255 0.012350299401197605 0.015418502202643172
211 0.7555202095808383 0.5108558842039018 0.005052395209580838 0.019823788546255508
118 0.1281811377245509 0.37838263058527377 0.01122754491017964 0.019823788546255508
119 0.17449476047904192 0.3790119572057898 0.009169161676646706 0.019823788546255508
200 0.7758233532934131 0.42794210195091253 0.009730538922155689 0.015103838892385148
32 0.7504678143712575 0.46884833228445566 0.009543413173652695 0.01762114537444934
185 0.5915980538922155 0.5967589679043424 0.01029191616766467 0.01667715544367527
200 0.8104416167664671 0.48867212083071115 0.0074850299401197605 0.01762114537444934
211 0.7824663173652695 0.4675896790434235 0.003555389221556886 0.020138451856513532
22 0.37977170658682635 0.5094398993077407 0.009543413173652695 0.02076777847702958
211 0.6277133233532934 0.6337319068596602 0.00654940119760479 0.016991818753933293
200 0.3144648203592814 0.5898363750786658 0.007672155688622754 0.01919446192573946
7 0.1346369760479042 0.3991504090623033 0.009917664670658683 0.01919446192573946
224 0.5679266467065869 0.5169918187539333 0.008982035928143712 0.015733165512901194
6 0.6964820359281437 0.41032095657646317 0.010104790419161677 0.018879798615481436
22 0.8052020958083832 0.5873190685966017 0.007110778443113772 0.01667715544367527
211 0.10385479041916168 0.619257394587791 0.0048652694610778445 0.01762114537444934
118 0.4237462574850299 0.45028319697923225 0.012163173652694611 0.01825047199496539
211 0.5814932634730539 0.49653870358716173 0.005426646706586827 0.01825047199496539
211 0.358813622754491 0.32709251101321585 0.00654940119760479 0.017935808684707365
13 0.12649700598802396 0.39679043423536814 0.010479041916167664 0.01825047199496539
149 0.2093001497005988 0.2775330396475771 0.01403443113772455 0.0144745122718691
118 0.719311377245509 0.3882945248584015 0.01122754491017964 0.016991818753933293
118 0.17964071856287425 0.3985210824417873 0.011976047904191617 0.020453115166771556
211 0.6980726047904192 0.3491189427312775 0.008046407185628742 0.022970421648835747
44 0.6218188622754491 0.3727186910006293 0.01721556886227545 0.021082441787287604
200 0.3336452095808383 0.486941472624292 0.0093562874251497 0.019823788546255508
224 0.7847118263473054 0.42825676526117057 0.008420658682634731 0.015733165512901194
211 0.5596931137724551 0.5369729389553178 0.005239520958083832 0.017306482064191317
224 0.3180202095808383 0.5682819383259912 0.009169161676646706 0.01762114537444934
200 0.4415232035928144 0.5498741346758967 0.008046407185628742 0.020453115166771556
7 0.09927020958083832 0.5191944619257395 0.009917664670658683 0.01762114537444934
22 0.16757110778443113 0.5811831340465702 0.007297904191616767 0.016362492133417242
22 0.6903068862275449 0.6331025802391441 0.008233532934131737 0.020138451856513532
22 0.2255800898203593 0.46255506607929514 0.007672155688622754 0.012586532410320957
118 0.8258794910179641 0.6080868470736313 0.011788922155688622 0.02171176840780365
22 0.3633046407185629 0.4303020767778477 0.009543413173652695 0.020453115166771556
119 0.7311938622754491 0.6334172435494021 0.009169161676646706 0.018879798615481436
200 0.750935628742515 0.49024543738200127 0.008607784431137725 0.015103838892385148
22 0.2523390718562874 0.565449968533669 0.007297904191616767 0.015103838892385148
119 0.28826721556886226 0.48709880427942104 0.009169161676646706 0.01825047199496539
22 0.1445546407185629 0.3580868470736312 0.008794910179640719 0.01825047199496539
22 0.20508982035928144 0.40040906230333545 0.006362275449101796 0.021082441787287604
185 0.33916541916167664 0.3041220893643801 0.009917664670658683 0.021082441787287604
13 0.5665232035928144 0.29310887350534925 0.011040419161676647 0.021082441787287604
44 0.6272455089820359 0.5950283196979232 0.013847305389221557 0.016991818753933293
99 0.1745883233532934 0.6036815607300189 0.008233532934131737 0.01919446192573946
32 0.28040793413173654 0.44524858401510387 0.009543413173652695 0.020138451856513532
44 0.22324101796407186 0.44257394587791066 0.01309880239520958 0.01919446192573946
211 0.6040419161676647 0.3536815607300189 0.0048652694610778445 0.019509125235997484
224 0.8955838323353293 0.38294524858401513 0.007859281437125748 0.01825047199496539
118 0.6761788922155688 0.41000629326620514 0.011788922155688622 0.018879798615481436
211 0.8095059880239521 0.6485210824417873 0.0048652694610778445 0.016362492133417242
7 0.390625 0.36925739458779105 0.009169161676646706 0.020453115166771556
22 0.1471744011976048 0.5409062303335431 0.009543413173652695 0.018879798615481436
200 0.32288547904191617 0.6485210824417873 0.009169161676646706 0.020138451856513532
119 0.11845059880239521 0.4406859660163625 0.007110778443113772 0.014789175582127124
224 0.5978667664670658 0.4955947136563877 0.008607784431137725 0.018879798615481436
200 0.5519273952095808 0.5591567023285084 0.009169161676646706 0.016991818753933293
211 0.2876122754491018 0.4671176840780365 0.007110778443113772 0.02171176840780365
22 0.6229416167664671 0.4315607300188798 0.008233532934131737 0.017935808684707365
118 0.15858907185628743 0.539332913782253 0.01066616766467066 0.019509125235997484
110 0.7842440119760479 0.30884203901825047 0.006362275449101796 0.018565135305223412
118 0.39960703592814373 0.4104782882315922 0.011040419161676647 0.02171176840780365
224 0.7990269461077845 0.5500314663310258 0.008233532934131737 0.015733165512901194
200 0.5421032934131736 0.6584329767149151 0.010479041916167664 0.017935808684707365
118 0.11059131736526946 0.500157331655129 0.01122754491017964 0.02171176840780365
119 0.10217065868263472 0.46082441787287604 0.011976047904191617 0.022970421648835747
224 0.21089071856287425 0.565449968533669 0.0074850299401197605 0.018879798615481436
224 0.3477732035928144 0.5073945877910636 0.008794910179640719 0.018565135305223412
106 0.3380426646706587 0.5888923851478918 0.012537425149700599 0.021082441787287604
149 0.27694610778443113 0.5871617369414727 0.010104790419161677 0.015103838892385148
118 0.1379116766467066 0.46082441787287604 0.010853293413173653 0.014159848961611076
76 0.3167103293413174 0.4880427942101951 0.011040419161676647 0.03524229074889868
149 0.5469685628742516 0.4554751415984896 0.010104790419161677 0.017935808684707365
185 0.5789670658682635 0.4748269351793581 0.008607784431137725 0.015733165512901194
185 0.5602544910179641 0.6548143486469478 0.011976047904191617 0.016991818753933293
200 0.5583832335329342 0.5188797986154814 0.010853293413173653 0.015733165512901194
224 0.5533308383233533 0.6360918816865954 0.0093562874251497 0.015418502202643172
160 0.37228667664670656 0.5700125865324103 0.008420658682634731 0.02171176840780365
99 0.8647080838323353 0.5641913152926369 0.005988023952095809 0.018879798615481436
200 0.6343562874251497 0.6337319068596602 0.010853293413173653 0.016362492133417242
185 0.8019273952095808 0.6489930774071743 0.011040419161676647 0.018565135305223412
200 0.09608907185628743 0.6191000629326621 0.008046407185628742 0.012901195720578981
160 0.4085890718562874 0.48977344241661425 0.01066616766467066 0.019823788546255508
118 0.6849738023952096 0.5719005663939585 0.012163173652694611 0.017935808684707365
211 0.5576347305389222 0.2945248584015104 0.006736526946107785 0.022655758338577723
118 0.6575598802395209 0.37146003775959724 0.01122754491017964 0.014159848961611076
211 0.7592627245508982 0.551762114537445 0.005052395209580838 0.01919446192573946
7 0.7404565868263473 0.6505663939584645 0.010104790419161677 0.01919446192573946
44 0.6671968562874252 0.4715229704216488 0.013285928143712575 0.012271869100062933
13 0.6686938622754491 0.37051604782882314 0.009917664670658683 0.017935808684707365
99 0.7465381736526946 0.6320012586532411 0.00654940119760479 0.019823788546255508
58 0.7145396706586826 0.5722152297042165 0.013285928143712575 0.019823788546255508
200 0.32335329341317365 0.5484581497797357 0.0074850299401197605 0.012586532410320957
58 0.8051085329341318 0.5685966016362493 0.013285928143712575 0.01825047199496539
58 0.6927395209580839 0.6519823788546255 0.014595808383233533 0.015733165512901194
118 0.6693488023952096 0.3525802391441158 0.01122754491017964 0.02171176840780365
13 0.359375 0.4095342983008181 0.011040419161676647 0.019823788546255508
224 0.7681511976047904 0.4675896790434235 0.008233532934131737 0.01762114537444934
149 0.8867889221556886 0.381057268722467 0.01122754491017964 0.019509125235997484
6 0.19479790419161677 0.644430459408433 0.010853293413173653 0.022655758338577723
13 0.30127245508982037 0.40748898678414097 0.011601796407185628 0.019509125235997484
58 0.29593937125748504 0.5067652611705475 0.013660179640718563 0.023599748269351795
149 0.2994011976047904 0.5685966016362493 0.010853293413173653 0.01825047199496539
224 0.6295845808383234 0.5355569540591567 0.008420658682634731 0.015733165512901194
118 0.8191429640718563 0.6485210824417873 0.011414670658682635 0.022026431718061675
99 0.5920658682634731 0.31403398363750784 0.006362275449101796 0.018879798615481436
22 0.1338884730538922 0.420862177470107 0.008046407185628742 0.013530522341095029
7 0.26627994011976047 0.5039332913782253 0.010853293413173653 0.019823788546255508
224 0.29238398203592814 0.40701699181875395 0.008794910179640719 0.0223410950283197
200 0.2596369760479042 0.526117054751416 0.008794910179640719 0.01762114537444934
118 0.2285741017964072 0.3431403398363751 0.011040419161676647 0.017935808684707365
149 0.6636414670658682 0.45154185022026433 0.01029191616766467 0.013845185651353053
7 0.6891841317365269 0.6128067967275016 0.008982035928143712 0.01919446192573946
13 0.8777133233532934 0.3832599118942731 0.009169161676646706 0.021397105097545627
118 0.2563622754491018 0.4041850220264317 0.012350299401197605 0.021082441787287604
200 0.7745134730538922 0.591252359974827 0.008233532934131737 0.015733165512901194
7 0.1778630239520958 0.5212397734424166 0.009917664670658683 0.01667715544367527
99 0.6675711077844312 0.6331025802391441 0.007672155688622754 0.021397105097545627
7 0.7540232035928144 0.6519823788546255 0.008794910179640719 0.022655758338577723
22 0.1902133233532934 0.3980490874764003 0.009543413173652695 0.02076777847702958
118 0.7074288922155688 0.4911894273127753 0.012911676646706586 0.018879798615481436
22 0.5985217065868264 0.57803650094399 0.009169161676646706 0.021397105097545627
44 0.27226796407185627 0.6069855254877281 0.01347305389221557 0.015733165512901194
211 0.1281811377245509 0.5201384518565135 0.0048652694610778445 0.01825047199496539
13 0.30566991017964074 0.5881057268722467 0.008420658682634731 0.019509125235997484
149 0.8294348802395209 0.6466331025802391 0.009169161676646706 0.020138451856513532
58 0.6169535928143712 0.49417872876022656 0.013847305389221557 0.013530522341095029
119 0.7851796407185628 0.5692259282567652 0.01122754491017964 0.020138451856513532
106 0.7914483532934131 0.4671176840780365 0.012537425149700599 0.018565135305223412
44 0.3314932634730539 0.3881371932032725 0.013660179640718563 0.020453115166771556
44 0.6069423652694611 0.4528005034612964 0.013660179640718563 0.012586532410320957
211 0.7129491017964071 0.368313404657017 0.007110778443113772 0.020453115166771556
200 0.7026571856287425 0.5725298930144745 0.010479041916167664 0.01667715544367527
211 0.5498690119760479 0.6159534298300818 0.004303892215568862 0.014159848961611076
22 0.26702844311377244 0.40339836375078664 0.008233532934131737 0.016991818753933293
6 0.2158495508982036 0.46397105097545627 0.009543413173652695 0.021082441787287604
22 0.6306137724550899 0.6535556954059156 0.0093562874251497 0.016362492133417242
224 0.6454902694610778 0.5745752045311516 0.008046407185628742 0.0144745122718691
6 0.17234281437125748 0.4831655129011957 0.007859281437125748 0.02171176840780365
211 0.1813248502994012 0.4845814977973568 0.008233532934131737 0.020138451856513532
22 0.2375561377245509 0.42400881057268724 0.009917664670658683 0.021082441787287604
99 0.32148203592814373 0.44918187539332916 0.004491017964071856 0.012901195720578981
211 0.14305763473053892 0.5202957835116425 0.005800898203592814 0.018565135305223412
149 0.3984842814371258 0.28539962240402766 0.01590568862275449 0.020138451856513532
7 0.29762350299401197 0.44745122718691 0.01029191616766467 0.01762114537444934
200 0.7645958083832335 0.631214600377596 0.010479041916167664 0.020138451856513532
22 0.18890344311377247 0.2182190056639396 0.009917664670658683 0.01919446192573946
44 0.1030127245508982 0.6406544996853367 0.01590568862275449 0.019509125235997484
32 0.2433570359281437 0.6441157960981749 0.011040419161676647 0.02076777847702958
224 0.2439184131736527 0.566079295154185 0.009917664670658683 0.018879798615481436
200 0.13837949101796407 0.619257394587791 0.009169161676646706 0.016362492133417242
224 0.8188622754491018 0.4889867841409692 0.008233532934131737 0.016991818753933293
22 0.5679266467065869 0.6345185651353052 0.0093562874251497 0.01667715544367527
224 0.6890905688622755 0.45075519194461927 0.009543413173652695 0.01919446192573946
7 0.7267028443113772 0.4512271869100063 0.009543413173652695 0.01825047199496539
13 0.31315494011976047 0.6282252989301448 0.011040419161676647 0.01919446192573946
106 0.6570920658682635 0.6334172435494021 0.01403443113772455 0.018879798615481436
16 0.3186751497005988 0.38845185651353054 0.01347305389221557 0.021082441787287604
224 0.5688622754491018 0.47451227186910006 0.0093562874251497 0.019509125235997484
7 0.7100486526946108 0.5325676526117055 0.009917664670658683 0.016047828823159218
7 0.7039670658682635 0.46884833228445566 0.0093562874251497 0.01825047199496539
224 0.390063622754491 0.45075519194461927 0.009543413173652695 0.02171176840780365
76 0.6546594311377245 0.5566393958464443 0.01029191616766467 0.04153555695405916
118 0.38370134730538924 0.30742605412208934 0.01029191616766467 0.019509125235997484
7 0.5824288922155688 0.5355569540591567 0.008794910179640719 0.015733165512901194
118 0.6950785928143712 0.3302391441157961 0.009917664670658683 0.01919446192573946
22 0.6762724550898204 0.3706733794839522 0.008233532934131737 0.0144745122718691
13 0.14127994011976047 0.5824417872876023 0.010479041916167664 0.020138451856513532
143 0.8154004491017964 0.407803650094399 0.01066616766467066 0.018879798615481436
7 0.1717814371257485 0.21884833228445563 0.011601796407185628 0.017935808684707365
22 0.7266092814371258 0.4908747640025173 0.007859281437125748 0.013845185651353053
200 0.5700785928143712 0.6554436752674638 0.007672155688622754 0.013215859030837005
160 0.24635104790419163 0.4243234738829452 0.008420658682634731 0.020453115166771556
200 0.5430389221556886 0.6371932032724984 0.010104790419161677 0.015733165512901194
200 0.39960703592814373 0.4907174323473883 0.008794910179640719 0.017935808684707365
13 0.7330651197604791 0.36910006293266207 0.01066616766467066 0.0144745122718691
13 0.5433196107784432 0.4752989301447451 0.01066616766467066 0.017935808684707365
160 0.7585142215568862 0.42825676526117057 0.01029191616766467 0.01762114537444934
176 0.13416916167664672 0.6017935808684708 0.01122754491017964 0.022970421648835747
200 0.0968375748502994 0.5980176211453745 0.009169161676646706 0.019823788546255508
22 0.7312874251497006 0.5327249842668345 0.008607784431137725 0.01825047199496539
32 0.1875935628742515 0.6028949024543738 0.01066616766467066 0.018879798615481436
200 0.20162799401197604 0.5637193203272498 0.008420658682634731 0.017306482064191317
160 0.328686377245509 0.6285399622404028 0.008794910179640719 0.019823788546255508
160 0.733626497005988 0.48867212083071115 0.008794910179640719 0.01825047199496539
211 0.5947791916167665 0.4131529263687854 0.00467814371257485 0.016991818753933293
7 0.8319610778443114 0.44713656387665196 0.008982035928143712 0.01825047199496539
22 0.858439371257485 0.566079295154185 0.007297904191616767 0.01762114537444934
58 0.33561002994011974 0.43014474512271866 0.012911676646706586 0.013215859030837005
7 0.6619573353293413 0.5338263058527376 0.009543413173652695 0.016047828823159218
149 0.7063061377245509 0.6135934550031467 0.009543413173652695 0.016362492133417242
118 0.7833083832335329 0.6090308370044053 0.011601796407185628 0.020453115166771556
160 0.5603480538922155 0.5574260541220893 0.01066616766467066 0.017935808684707365
13 0.5572604790419161 0.6165827564505979 0.010479041916167664 0.01667715544367527
13 0.6806699101796407 0.6128067967275016 0.01066616766467066 0.021082441787287604
7 0.7150074850299402 0.3305538074260541 0.011601796407185628 0.01667715544367527
224 0.8170845808383234 0.5286343612334802 0.008420658682634731 0.020138451856513532
119 0.4065306886227545 0.5102265575833858 0.009169161676646706 0.021082441787287604
7 0.23091317365269462 0.5451541850220264 0.011976047904191617 0.02171176840780365
22 0.14923278443113772 0.3777533039647577 0.009543413173652695 0.021082441787287604
200 0.2969685628742515 0.487413467589679 0.0093562874251497 0.016362492133417242
22 0.14530314371257486 0.5610446821900567 0.008794910179640719 0.015733165512901194
22 0.7548652694610778 0.28744493392070486 0.0074850299401197605 0.01919446192573946
185 0.11171407185628743 0.5980176211453745 0.01122754491017964 0.021082441787287604
149 0.6089071856287425 0.6551290119572057 0.010104790419161677 0.016362492133417242
176 0.1749625748502994 0.6224040276903713 0.010104790419161677 0.016991818753933293
7 0.5712949101796407 0.4543738200125865 0.010104790419161677 0.01762114537444934
118 0.8548839820359282 0.526274386406545 0.01066616766467066 0.017935808684707365
7 0.2100486526946108 0.5451541850220264 0.007672155688622754 0.015418502202643172
176 0.16336077844311378 0.4812775330396476 0.011601796407185628 0.020453115166771556
211 0.5787799401197605 0.5752045311516677 0.005988023952095809 0.013845185651353053
211 0.20424775449101795 0.5443675267463813 0.005426646706586827 0.021397105097545627
211 0.8066055389221557 0.5497168030207678 0.005800898203592814 0.02076777847702958
44 0.3749064371257485 0.5888923851478918 0.012911676646706586 0.019823788546255508
13 0.7365269461077845 0.40827564505978603 0.010104790419161677 0.01667715544367527
7 0.7516841317365269 0.5498741346758967 0.010853293413173653 0.018565135305223412
13 0.1809505988023952 0.21806167400881057 0.008233532934131737 0.01762114537444934
7 0.7847118263473054 0.4891441157960982 0.008046407185628742 0.017306482064191317
200 0.8058570359281437 0.5102265575833858 0.007672155688622754 0.01667715544367527
200 0.7772267964071856 0.5696979232221523 0.008794910179640719 0.01919446192573946
22 0.24569610778443113 0.40324103209565765 0.0074850299401197605 0.014159848961611076
58 0.13866017964071856 0.4408432976714915 0.01309880239520958 0.022655758338577723
149 0.3561002994011976 0.368313404657017 0.010479041916167664 0.015418502202643172
160 0.655688622754491 0.4721522970421649 0.010104790419161677 0.017935808684707365
200 0.6243450598802395 0.4528005034612964 0.006923652694610778 0.010698552548772814
32 0.7393338323353293 0.5102265575833858 0.009730538922155689 0.017306482064191317
32 0.36657934131736525 0.28650094398993076 0.010479041916167664 0.0223410950283197
22 0.7931324850299402 0.3472309628697294 0.01066616766467066 0.02171176840780365
200 0.6965755988023952 0.3698867212083071 0.01029191616766467 0.020453115166771556
13 0.6357597305389222 0.49307740717432347 0.01029191616766467 0.01762114537444934
22 0.10076721556886227 0.49685336689741977 0.008420658682634731 0.021397105097545627
118 0.5618450598802395 0.43486469477658907 0.009917664670658683 0.0144745122718691
200 0.19517215568862276 0.5423222152297043 0.010104790419161677 0.019823788546255508
149 0.8017402694610778 0.487413467589679 0.009543413173652695 0.015733165512901194
149 0.20059880239520958 0.5240717432347388 0.01122754491017964 0.017306482064191317
58 0.16102170658682635 0.2182190056639396 0.012163173652694611 0.01919446192573946
13 0.7005988023952096 0.5316236626809314 0.009730538922155689 0.017306482064191317
6 0.8127806886227545 0.5882630585273757 0.007672155688622754 0.01667715544367527
211 0.8859468562874252 0.564820641913153 0.004303892215568862 0.013845185651353053
32 0.7048091317365269 0.631686595342983 0.009543413173652695 0.01919446192573946
22 0.12621631736526945 0.47954688483322844 0.008794910179640719 0.01825047199496539
200 0.14305763473053892 0.6010069225928257 0.009917664670658683 0.021397105097545627
149 0.28892215568862273 0.5250157331655129 0.012350299401197605 0.021082441787287604
22 0.1219124251497006 0.5195091252359975 0.008420658682634731 0.01825047199496539
200 0.25271332335329344 0.5865324103209566 0.007672155688622754 0.012586532410320957
13 0.7630988023952096 0.407331655129012 0.01122754491017964 0.017935808684707365
58 0.5774700598802395 0.6162680931403398 0.011976047904191617 0.014159848961611076
119 0.6315494011976048 0.47278162366268095 0.01122754491017964 0.019823788546255508
22 0.20574476047904192 0.5028319697923223 0.008046407185628742 0.0144745122718691
22 0.3634917664670659 0.6502517306482064 0.009169161676646706 0.0223410950283197
118 0.7632859281437125 0.5305223410950283 0.01122754491017964 0.01762114537444934
99 0.6271519461077845 0.6139081183134046 0.00654940119760479 0.02076777847702958
200 0.5475299401197605 0.37539332913782253 0.008607784431137725 0.01195720578980491
