7 0.5136601796407185 0.5065954773869347 0.009730538922155689 0.016959798994974875
32 0.5406062874251497 0.2806218592964824 0.011601796407185628 0.01664572864321608
58 0.7272642215568862 0.6739949748743719 0.01029191616766467 0.017587939698492462
160 0.11620508982035928 0.4425251256281407 0.008607784431137725 0.01507537688442211
44 0.8299962574850299 0.45461683417085424 0.01403443113772455 0.01978643216080402
7 0.1187312874251497 0.6463567839195979 0.008420658682634731 0.015703517587939697
76 0.7647829341317365 0.5532349246231156 0.012724550898203593 0.02669597989949749
119 0.17674026946107785 0.45791457286432163 0.008420658682634731 0.01507537688442211
22 0.2468188622754491 0.5329773869346733 0.007859281437125748 0.016331658291457288
99 0.8565681137724551 0.5540201005025126 0.00654940119760479 0.017587939698492462
211 0.8208270958083832 0.6750942211055276 0.004303892215568862 0.016017587939698492
99 0.18946482035928144 0.6611180904522613 0.006923652694610778 0.017587939698492462
22 0.733626497005988 0.6345791457286433 0.006923652694610778 0.017902010050251257
76 0.7397080838323353 0.6772927135678392 0.010853293413173653 0.03548994974874372
200 0.8481474550898204 0.5350188442211056 0.008794910179640719 0.017902010050251257
32 0.7681511976047904 0.5931218592964824 0.009730538922155689 0.01664572864321608
118 0.2190306886227545 0.6369346733668342 0.009543413173652695 0.0207286432160804
22 0.4995321856287425 0.6279836683417085 0.009169161676646706 0.016017587939698492
118 0.16130239520958084 0.5394158291457286 0.01122754491017964 0.018530150753768845
200 0.26992889221556887 0.49183417085427134 0.006923652694610778 0.010678391959798994
118 0.11349176646706587 0.6253140703517588 0.011414670658682635 0.016331658291457288
224 0.4811938622754491 0.5866834170854272 0.009169161676646706 0.017587939698492462
118 0.15961826347305388 0.37625628140703515 0.011601796407185628 0.0207286432160804
185 0.4065306886227545 0.6714824120603015 0.01029191616766467 0.016331658291457288
22 0.10862649700598802 0.4429962311557789 0.007672155688622754 0.015389447236180905
200 0.156437125748503 0.5012562814070352 0.008982035928143712 0.016959798994974875
200 0.15690494011976047 0.6234296482412061 0.009543413173652695 0.017587939698492462
211 0.500374251497006 0.566425879396985 0.0048652694610778445 0.019158291457286432
200 0.17337200598802396 0.5188442211055276 0.009169161676646706 0.013819095477386936
106 0.8252245508982036 0.4940326633165829 0.01309880239520958 0.01821608040201005
13 0.49560254491017963 0.44409547738693467 0.01029191616766467 0.016959798994974875
58 0.46051646706586824 0.5285804020100503 0.013847305389221557 0.016959798994974875
13 0.8658308383233533 0.6154208542713567 0.010853293413173653 0.017273869346733667
7 0.8024887724550899 0.4119032663316583 0.011414670658682635 0.01978643216080402
118 0.8338323353293413 0.6149497487437185 0.012350299401197605 0.016959798994974875
32 0.08214820359281437 0.6689698492462312 0.009730538922155689 0.017587939698492462
211 0.7688061377245509 0.613536432160804 0.005052395209580838 0.015389447236180905
118 0.2849925149700599 0.5127198492462312 0.012350299401197605 0.01978643216080402
118 0.6995696107784432 0.5342336683417085 0.01066616766467066 0.016331658291457288
176 0.42907934131736525 0.647927135678392 0.010853293413173653 0.016331658291457288
149 0.5276010479041916 0.6483982412060302 0.01029191616766467 0.017902010050251257
22 0.7771332335329342 0.5331344221105527 0.009730538922155689 0.016017587939698492
44 0.8944610778443114 0.6418027638190955 0.014595808383233533 0.016017587939698492
224 0.5189932634730539 0.38332286432160806 0.008046407185628742 0.014133165829145729
149 0.17973428143712575 0.6622173366834171 0.012537425149700599 0.016017587939698492
200 0.4808196107784431 0.6496545226130653 0.009917664670658683 0.017902010050251257
7 0.19161676646706588 0.6421168341708543 0.0074850299401197605 0.011620603015075377
22 0.8008982035928144 0.655464824120603 0.006736526946107785 0.01507537688442211
200 0.15681137724550898 0.4392273869346734 0.008982035928143712 0.014761306532663316
7 0.5187125748502994 0.4860238693467337 0.008982035928143712 0.018530150753768845
149 0.46107784431137727 0.4040515075376884 0.010479041916167664 0.017273869346733667
22 0.8438435628742516 0.35207286432160806 0.007672155688622754 0.02135678391959799
6 0.1721556886227545 0.5392587939698492 0.0093562874251497 0.017587939698492462
211 0.46594311377245506 0.6063128140703518 0.0048652694610778445 0.016017587939698492
16 0.8223241017964071 0.5135050251256281 0.008794910179640719 0.019472361809045227
200 0.14277694610778444 0.39871231155778897 0.011601796407185628 0.01978643216080402
58 0.09505988023952096 0.5047110552763819 0.014221556886227544 0.016959798994974875
224 0.2714258982035928 0.4279208542713568 0.00654940119760479 0.012248743718592964
118 0.13211077844311378 0.6659861809045227 0.013847305389221557 0.017273869346733667
118 0.1187312874251497 0.6655150753768844 0.011040419161676647 0.016331658291457288
7 0.7746070359281437 0.40970477386934673 0.01029191616766467 0.01664572864321608
118 0.09917664670658682 0.5455402010050251 0.010479041916167664 0.015703517587939697
118 0.2657185628742515 0.655464824120603 0.01122754491017964 0.018844221105527637
106 0.47352170658682635 0.6293969849246231 0.013660179640718563 0.017587939698492462
185 0.5133794910179641 0.586212311557789 0.01029191616766467 0.02041457286432161
176 0.4820359281437126 0.4235238693467337 0.008982035928143712 0.017902010050251257
22 0.16925523952095808 0.22220477386934673 0.01029191616766467 0.018530150753768845
8 0.8484281437125748 0.6551507537688442 0.008982035928143712 0.016331658291457288
44 0.10198353293413173 0.5855841708542714 0.012350299401197605 0.014133165829145729
106 0.07625374251497007 0.6086683417085427 0.012537425149700599 0.01821608040201005
8 0.4995321856287425 0.42305276381909546 0.007672155688622754 0.017587939698492462
118 0.842814371257485 0.5127198492462312 0.01122754491017964 0.02041457286432161
118 0.16036676646706588 0.559359296482412 0.01122754491017964 0.01821608040201005
7 0.266186377245509 0.6344221105527639 0.008794910179640719 0.018844221105527637
224 0.4655688622754491 0.46592336683417085 0.008982035928143712 0.018530150753768845
118 0.12902320359281438 0.4825690954773869 0.01066616766467066 0.016017587939698492
22 0.0746631736526946 0.6694409547738693 0.006736526946107785 0.012248743718592964
118 0.843188622754491 0.45540201005025127 0.011601796407185628 0.01821608040201005
7 0.750748502994012 0.6556218592964824 0.008982035928143712 0.017273869346733667
13 0.484562125748503 0.6074120603015075 0.009169161676646706 0.017587939698492462
7 0.1405314371257485 0.4412688442211055 0.008233532934131737 0.015703517587939697
118 0.8931511976047904 0.6821608040201005 0.008607784431137725 0.016959798994974875
200 0.45780314371257486 0.5087939698492462 0.007672155688622754 0.016331658291457288
22 0.42954715568862273 0.5277952261306532 0.009543413173652695 0.015389447236180905
22 0.5049588323353293 0.4453517587939699 0.008794910179640719 0.017587939698492462
224 0.8080089820359282 0.6149497487437185 0.008607784431137725 0.01507537688442211
118 0.24513473053892215 0.5529208542713567 0.0093562874251497 0.021042713567839197
211 0.4250561377245509 0.6286118090452262 0.00654940119760479 0.01664572864321608
160 0.5194610778443114 0.46388190954773867 0.008982035928143712 0.017587939698492462
224 0.8562874251497006 0.4332600502512563 0.012350299401197605 0.01978643216080402
176 0.8472118263473054 0.37170226130653267 0.009543413173652695 0.017902010050251257
160 0.8031437125748503 0.5934359296482412 0.008982035928143712 0.01664572864321608
224 0.4242140718562874 0.5695665829145728 0.008982035928143712 0.01664572864321608
58 0.1310815868263473 0.39949748743718594 0.014782934131736527 0.018844221105527637
200 0.48156811377245506 0.4045226130653266 0.008046407185628742 0.01507537688442211
200 0.5591317365269461 0.25753768844221103 0.010853293413173653 0.018844221105527637
58 0.7911676646706587 0.41111809045226133 0.013847305389221557 0.02135678391959799
149 0.43843562874251496 0.5072236180904522 0.010104790419161677 0.018844221105527637
118 0.5686751497005988 0.6620603015075377 0.009730538922155689 0.01821608040201005
224 0.7575785928143712 0.5332914572864321 0.009543413173652695 0.01507537688442211
22 0.24522829341317365 0.5744346733668342 0.007672155688622754 0.018844221105527637
224 0.8421594311377245 0.4948178391959799 0.008046407185628742 0.016017587939698492
224 0.8097866766467066 0.657035175879397 0.01029191616766467 0.013190954773869347
118 0.16803892215568864 0.663787688442211 0.01309880239520958 0.01664572864321608
160 0.4668787425149701 0.6695979899497487 0.010479041916167664 0.018844221105527637
44 0.4436751497005988 0.44629396984924624 0.009730538922155689 0.016959798994974875
44 0.13585329341317365 0.5025125628140703 0.01309880239520958 0.016331658291457288
200 0.10750374251497007 0.5054962311557789 0.007672155688622754 0.012876884422110553
118 0.11807634730538923 0.5635992462311558 0.011601796407185628 0.01664572864321608
211 0.5079528443113772 0.6488693467336684 0.006923652694610778 0.018844221105527637
211 0.8052020958083832 0.3910175879396985 0.0048652694610778445 0.018844221105527637
211 0.4905501497005988 0.6699120603015075 0.00467814371257485 0.019472361809045227
224 0.5212387724550899 0.6683417085427136 0.007297904191616767 0.016331658291457288
32 0.7628181137724551 0.5128768844221105 0.007672155688622754 0.016331658291457288
22 0.827189371257485 0.655464824120603 0.008794910179640719 0.016959798994974875
13 0.16027320359281438 0.6005025125628141 0.012163173652694611 0.016959798994974875
224 0.11442739520958084 0.6063128140703518 0.008420658682634731 0.01664572864321608
211 0.25888847305389223 0.6353643216080402 0.005800898203592814 0.01821608040201005
44 0.2632859281437126 0.4277638190954774 0.007859281437125748 0.01507537688442211
22 0.1652320359281437 0.39729899497487436 0.0093562874251497 0.0207286432160804
149 0.27095808383233533 0.4706344221105528 0.0093562874251497 0.01664572864321608
200 0.5000935628742516 0.46560929648241206 0.009169161676646706 0.017273869346733667
200 0.4153255988023952 0.6710113065326633 0.008794910179640719 0.016017587939698492
106 0.7675898203592815 0.5325062814070352 0.010853293413173653 0.01664572864321608
176 0.7671220059880239 0.6353643216080402 0.009169161676646706 0.016959798994974875
211 0.5360217065868264 0.2600502512562814 0.0061751497005988025 0.017587939698492462
211 0.7747941616766467 0.4940326633165829 0.0061751497005988025 0.016959798994974875
22 0.7936938622754491 0.6154208542713567 0.008420658682634731 0.017902010050251257
200 0.23933383233532934 0.6163630653266332 0.009730538922155689 0.017273869346733667
200 0.4726796407185629 0.5868404522613065 0.008607784431137725 0.01664572864321608
7 0.6985404191616766 0.4956030150753769 0.008982035928143712 0.01821608040201005
99 0.47595434131736525 0.6702261306532663 0.008794910179640719 0.019472361809045227
22 0.14605164670658682 0.20069095477386933 0.008420658682634731 0.018844221105527637
200 0.12434505988023951 0.5833856783919598 0.01029191616766467 0.017902010050251257
99 0.4922342814371258 0.6284547738693468 0.007297904191616767 0.016331658291457288
200 0.17833083832335328 0.5595163316582915 0.0093562874251497 0.017273869346733667
7 0.4844685628742515 0.6292399497487438 0.01122754491017964 0.017273869346733667
58 0.47586077844311375 0.5073806532663316 0.014970059880239521 0.018530150753768845
149 0.10507110778443114 0.6067839195979899 0.011040419161676647 0.017587939698492462
119 0.7849925149700598 0.6557788944723618 0.0093562874251497 0.016959798994974875
99 0.5227357784431138 0.6072550251256281 0.0061751497005988025 0.016017587939698492
7 0.4398390718562874 0.5890389447236181 0.009169161676646706 0.016017587939698492
58 0.8686377245508982 0.4941896984924623 0.013847305389221557 0.01664572864321608
118 0.4765157185628742 0.4879082914572864 0.01029191616766467 0.017273869346733667
224 0.7541167664670658 0.5535489949748744 0.008607784431137725 0.017273869346733667
118 0.4746444610778443 0.6085113065326633 0.012537425149700599 0.01978643216080402
211 0.8199850299401198 0.45430276381909546 0.005988023952095809 0.021670854271356784
211 0.8378555389221557 0.5734924623115578 0.00467814371257485 0.01507537688442211
211 0.19479790419161677 0.6000314070351759 0.0037425149700598802 0.02041457286432161
32 0.5173091317365269 0.6483982412060302 0.012163173652694611 0.021042713567839197
13 0.18263473053892215 0.47754396984924624 0.010479041916167664 0.017902010050251257
22 0.22913547904191617 0.6363065326633166 0.008046407185628742 0.016959798994974875
7 0.844498502994012 0.4323178391959799 0.0074850299401197605 0.02041457286432161
118 0.8638660179640718 0.5339195979899497 0.011040419161676647 0.016331658291457288
22 0.1504491017964072 0.5213567839195979 0.0093562874251497 0.014447236180904523
149 0.2562687125748503 0.5538630653266332 0.011414670658682635 0.019158291457286432
149 0.7407372754491018 0.6144786432160804 0.009917664670658683 0.01978643216080402
118 0.8033308383233533 0.5128768844221105 0.010853293413173653 0.017587939698492462
224 0.24522829341317365 0.5939070351758794 0.007672155688622754 0.017587939698492462
22 0.8490830838323353 0.554177135678392 0.008046407185628742 0.017273869346733667
224 0.0906624251497006 0.5653266331658291 0.01029191616766467 0.013190954773869347
160 0.7389595808383234 0.22298994974874373 0.010104790419161677 0.022613065326633167
224 0.44854041916167664 0.5061243718592965 0.008982035928143712 0.01664572864321608
118 0.4406811377245509 0.528109296482412 0.01309880239520958 0.01664572864321608
22 0.8534805389221557 0.41284547738693467 0.009730538922155689 0.012248743718592964
13 0.8241953592814372 0.41096105527638194 0.011040419161676647 0.019158291457286432
211 0.7835890718562875 0.6331658291457286 0.007672155688622754 0.01507537688442211
200 0.4336639221556886 0.6287688442211056 0.009543413173652695 0.016331658291457288
7 0.16092814371257486 0.20037688442211055 0.007859281437125748 0.01821608040201005
7 0.14895209580838323 0.37829773869346733 0.0093562874251497 0.018530150753768845
118 0.12340943113772455 0.5238693467336684 0.013285928143712575 0.016331658291457288
149 0.5509917664670658 0.2806218592964824 0.01029191616766467 0.021042713567839197
118 0.09346931137724551 0.4844535175879397 0.012163173652694611 0.014133165829145729
13 0.49494760479041916 0.40389447236180903 0.008233532934131737 0.017587939698492462
13 0.10404191616766467 0.48351130653266333 0.010853293413173653 0.014761306532663316
22 0.7930389221556886 0.6546796482412061 0.008233532934131737 0.015389447236180905
6 0.42112649700598803 0.6103957286432161 0.007672155688622754 0.016017587939698492
211 0.8244760479041916 0.5940640703517588 0.005988023952095809 0.015389447236180905
22 0.4959767964071856 0.48665201005025127 0.007672155688622754 0.01664572864321608
44 0.10815868263473054 0.4635678391959799 0.016092814371257484 0.014447236180904523
200 0.5048652694610778 0.5466394472361809 0.008233532934131737 0.014133165829145729
22 0.22005988023952097 0.6571922110552764 0.007859281437125748 0.01664572864321608
99 0.49195359281437123 0.4667085427135678 0.005988023952095809 0.016959798994974875
7 0.7615082335329342 0.6144786432160804 0.009169161676646706 0.016017587939698492
7 0.40718562874251496 0.6105527638190955 0.010479041916167664 0.018844221105527637
149 0.5197417664670658 0.42430904522613067 0.01029191616766467 0.019472361809045227
13 0.5496818862275449 0.25863693467336685 0.008794910179640719 0.019158291457286432
76 0.5322791916167665 0.5675251256281407 0.012911676646706586 0.03768844221105527
211 0.15250748502994013 0.540358040201005 0.0048652694610778445 0.01664572864321608
13 0.5331212574850299 0.6271984924623115 0.0093562874251497 0.015703517587939697
211 0.46163922155688625 0.5474246231155779 0.00561377245508982 0.018844221105527637
118 0.2753555389221557 0.634108040201005 0.008420658682634731 0.014447236180904523
99 0.45976796407185627 0.6075690954773869 0.005988023952095809 0.01664572864321608
32 0.08055763473053892 0.5879396984924623 0.01029191616766467 0.017587939698492462
7 0.5307821856287425 0.6713253768844221 0.007672155688622754 0.01978643216080402
118 0.812125748502994 0.5340766331658291 0.011601796407185628 0.018530150753768845
22 0.41083458083832336 0.6507537688442211 0.008420658682634731 0.015703517587939697
22 0.5282559880239521 0.2617776381909548 0.0093562874251497 0.01978643216080402
13 0.09964446107784432 0.5653266331658291 0.01029191616766467 0.014447236180904523
200 0.7764782934131736 0.6549937185929648 0.009169161676646706 0.017273869346733667
7 0.8131549401197605 0.6763505025125628 0.008420658682634731 0.01664572864321608
211 0.8654565868263473 0.678391959798995 0.007859281437125748 0.017587939698492462
7 0.16850673652694612 0.4585427135678392 0.007297904191616767 0.016331658291457288
211 0.5057073353293413 0.586212311557789 0.00467814371257485 0.018530150753768845
200 0.44601422155688625 0.42415201005025127 0.008794910179640719 0.016017587939698492
149 0.14305763473053892 0.6659861809045227 0.011788922155688622 0.017902010050251257
149 0.7578592814371258 0.5917085427135679 0.010853293413173653 0.016959798994974875
99 0.4747380239520958 0.4257223618090452 0.006362275449101796 0.018530150753768845
106 0.4780127245508982 0.5469535175879398 0.011040419161676647 0.018530150753768845
32 0.48933383233532934 0.3632223618090452 0.009730538922155689 0.017273869346733667
118 0.7458832335329342 0.5926507537688442 0.010479041916167664 0.017587939698492462
200 0.45424775449101795 0.5483668341708543 0.008046407185628742 0.013819095477386936
224 0.2370883233532934 0.5939070351758794 0.008607784431137725 0.0207286432160804
7 0.4839071856287425 0.6706972361809045 0.010479041916167664 0.01978643216080402
99 0.09636976047904192 0.6077261306532663 0.006362275449101796 0.016959798994974875
118 0.8550711077844312 0.6157349246231156 0.011040419161676647 0.017902010050251257
224 0.7954715568862275 0.6754082914572864 0.0093562874251497 0.014761306532663316
118 0.16738398203592814 0.6223304020100503 0.01029191616766467 0.018530150753768845
99 0.5370508982035929 0.5877826633165829 0.006362275449101796 0.018530150753768845
119 0.8294348802395209 0.573178391959799 0.01029191616766467 0.01821608040201005
119 0.5277881736526946 0.48712311557788945 0.009543413173652695 0.018844221105527637
7 0.09131736526946108 0.668498743718593 0.0093562874251497 0.016017587939698492
22 0.12238023952095808 0.6050565326633166 0.007110778443113772 0.014133165829145729
106 0.8547904191616766 0.6774497487437185 0.011601796407185628 0.020100502512562814
119 0.06848802395209581 0.6292399497487438 0.0093562874251497 0.015389447236180905
149 0.5878555389221557 0.6169912060301508 0.008420658682634731 0.015389447236180905
211 0.6109655688622755 0.6604899497487438 0.0048652694610778445 0.022613065326633167
6 0.7323166167664671 0.6556218592964824 0.007672155688622754 0.01350502512562814
32 0.8050149700598802 0.6754082914572864 0.0093562874251497 0.017273869346733667
13 0.26272455089820357 0.49120603015075376 0.01122754491017964 0.01821608040201005
200 0.4655688622754491 0.4882223618090452 0.008982035928143712 0.01664572864321608
99 0.8379491017964071 0.37217336683417085 0.0074850299401197605 0.016959798994974875
211 0.45799026946107785 0.4641959798994975 0.005052395209580838 0.01821608040201005
7 0.49335703592814373 0.5662688442211056 0.01029191616766467 0.01821608040201005
44 0.5248877245508982 0.5863693467336684 0.012724550898203593 0.013190954773869347
211 0.5277881736526946 0.5268530150753769 0.005800898203592814 0.019158291457286432
7 0.49831586826347307 0.3638505025125628 0.008607784431137725 0.01664572864321608
118 0.2698353293413174 0.534390703517588 0.010479041916167664 0.019158291457286432
7 0.47408308383233533 0.5675251256281407 0.009543413173652695 0.016331658291457288
7 0.7888285928143712 0.5535489949748744 0.009169161676646706 0.019158291457286432
22 0.49120508982035926 0.4235238693467337 0.008982035928143712 0.017273869346733667
160 0.1719685628742515 0.3965138190954774 0.009730538922155689 0.021042713567839197
211 0.8343937125748503 0.4945037688442211 0.005239520958083832 0.015389447236180905
185 0.4979416167664671 0.6678706030150754 0.010479041916167664 0.017902010050251257
118 0.2689932634730539 0.5728643216080402 0.008794910179640719 0.013819095477386936
22 0.7318488023952096 0.24387562814070352 0.01122754491017964 0.02292713567839196
7 0.530501497005988 0.28203517587939697 0.011976047904191617 0.01821608040201005
58 0.8442178143712575 0.39211683417085424 0.013285928143712575 0.017902010050251257
99 0.24494760479041916 0.6355213567839196 0.005988023952095809 0.018530150753768845
119 0.7854603293413174 0.614321608040201 0.01029191616766467 0.017587939698492462
44 0.1158308383233533 0.4822550251256281 0.014970059880239521 0.014761306532663316
106 0.8110965568862275 0.4320037688442211 0.012911676646706586 0.019158291457286432
200 0.40915044910179643 0.5895100502512562 0.011788922155688622 0.017587939698492462
185 0.8670471556886228 0.6377198492462312 0.011040419161676647 0.017273869346733667
211 0.13604041916167664 0.46121231155778897 0.004116766467065869 0.01664572864321608
13 0.7761040419161677 0.5723932160804021 0.0061751497005988025 0.01978643216080402
7 0.17571107784431136 0.20147613065326633 0.0074850299401197605 0.01978643216080402
119 0.14867140718562874 0.4395414572864322 0.008046407185628742 0.014133165829145729
7 0.8212013473053892 0.4318467336683417 0.01066616766467066 0.019472361809045227
211 0.4725860778443114 0.4665515075376884 0.005052395209580838 0.021042713567839197
13 0.45387350299401197 0.6276695979899497 0.01029191616766467 0.017902010050251257
149 0.4651010479041916 0.42462311557788945 0.009543413173652695 0.014447236180904523
32 0.17823727544910178 0.6008165829145728 0.008420658682634731 0.018844221105527637
22 0.4395583832335329 0.5482097989949749 0.008233532934131737 0.017902010050251257
6 0.5101983532934131 0.46529522613065327 0.009917664670658683 0.014761306532663316
22 0.4552769461077844 0.5887248743718593 0.007859281437125748 0.01664572864321608
224 0.1686938622754491 0.20100502512562815 0.007672155688622754 0.018844221105527637
32 0.8066055389221557 0.3712311557788945 0.01066616766467066 0.0207286432160804
211 0.4877432634730539 0.40389447236180903 0.00654940119760479 0.01821608040201005
118 0.2617889221556886 0.592964824120603 0.008982035928143712 0.01256281407035176
185 0.07980913173652694 0.26821608040201006 0.009169161676646706 0.016959798994974875
149 0.48933383233532934 0.5070665829145728 0.008982035928143712 0.01350502512562814
119 0.11124625748502993 0.4221105527638191 0.008420658682634731 0.019472361809045227
7 0.8138098802395209 0.5124057788944724 0.008607784431137725 0.017902010050251257
7 0.5207709580838323 0.5271670854271356 0.008233532934131737 0.01664572864321608
22 0.17019086826347304 0.6006595477386935 0.007672155688622754 0.017902010050251257
58 0.5282559880239521 0.4645100502512563 0.01122754491017964 0.018844221105527637
58 0.8372941616766467 0.6559359296482412 0.012911676646706586 0.016017587939698492
200 0.08879116766467066 0.5467964824120602 0.01029191616766467 0.01821608040201005
32 0.4898016467065868 0.5880967336683417 0.009917664670658683 0.019158291457286432
22 0.16934880239520958 0.47942839195979897 0.0074850299401197605 0.014133165829145729
118 0.2524326347305389 0.4921482412060301 0.009730538922155689 0.016331658291457288
200 0.7971556886227545 0.37154522613065327 0.010104790419161677 0.01821608040201005
160 0.5857035928143712 0.659390703517588 0.008607784431137725 0.021670854271356784
22 0.08860404191616766 0.6078831658291457 0.009169161676646706 0.016017587939698492
118 0.4439558383233533 0.6292399497487438 0.011040419161676647 0.017273869346733667
200 0.19208458083832336 0.47613065326633164 0.007672155688622754 0.01507537688442211
22 0.8154004491017964 0.4941896984924623 0.008046407185628742 0.015389447236180905
224 0.48886601796407186 0.6483982412060302 0.008420658682634731 0.017902010050251257
44 0.8711639221556886 0.5127198492462312 0.009917664670658683 0.017902010050251257
211 0.7480351796407185 0.6766645728643216 0.005426646706586827 0.015389447236180905
7 0.5119760479041916 0.3632223618090452 0.008982035928143712 0.016017587939698492
200 0.7939745508982036 0.4937185929648241 0.008607784431137725 0.017587939698492462
13 0.07541167664670659 0.2283291457286432 0.009730538922155689 0.0207286432160804
22 0.7907934131736527 0.6352072864321608 0.008982035928143712 0.01664572864321608
7 0.4878368263473054 0.44503768844221103 0.008982035928143712 0.019472361809045227
185 0.8183008982035929 0.6548366834170855 0.007859281437125748 0.01507537688442211
185 0.8534805389221557 0.5128768844221105 0.011601796407185628 0.019472361809045227
99 0.18244760479041916 0.43640075376884424 0.006362275449101796 0.014761306532663316
7 0.8149326347305389 0.3710741206030151 0.009730538922155689 0.019158291457286432
32 0.7863023952095808 0.4315326633165829 0.009730538922155689 0.018844221105527637
106 0.1505426646706587 0.644001256281407 0.01403443113772455 0.017273869346733667
160 0.13220434131736528 0.4414258793969849 0.01066616766467066 0.014761306532663316
185 0.16822604790419163 0.5802449748743719 0.01122754491017964 0.017902010050251257
118 0.8490830838323353 0.4751884422110553 0.012163173652694611 0.014447236180904523
118 0.8050149700598802 0.4941896984924623 0.012350299401197605 0.018530150753768845
119 0.5126309880239521 0.4024811557788945 0.008794910179640719 0.017273869346733667
224 0.578873502994012 0.5987751256281407 0.008046407185628742 0.014761306532663316
200 0.5087013473053892 0.4235238693467337 0.009169161676646706 0.01978643216080402
7 0.8317739520958084 0.5133479899497487 0.01122754491017964 0.01978643216080402
32 0.5266654191616766 0.5469535175879398 0.008420658682634731 0.019158291457286432
119 0.4352544910179641 0.48932160804020103 0.010853293413173653 0.016959798994974875
224 0.5968375748502994 0.6165201005025126 0.009169161676646706 0.017587939698492462
211 0.7824663173652695 0.45445979899497485 0.006923652694610778 0.020100502512562814
119 0.8252245508982036 0.3297738693467337 0.010479041916167664 0.018844221105527637
7 0.4666916167664671 0.44582286432160806 0.010479041916167664 0.01978643216080402
99 0.8624625748502994 0.5135050251256281 0.0074850299401197605 0.02135678391959799
211 0.7476609281437125 0.5736494974874372 0.005052395209580838 0.01664572864321608
211 0.07325973053892215 0.5876256281407035 0.007672155688622754 0.019472361809045227
149 0.187312874251497 0.5788316582914573 0.010479041916167664 0.017587939698492462
118 0.4160741017964072 0.6293969849246231 0.01029191616766467 0.017587939698492462
118 0.12930389221556887 0.645571608040201 0.011601796407185628 0.017273869346733667
211 0.5381736526946108 0.4847675879396985 0.008982035928143712 0.018530150753768845
160 0.08860404191616766 0.5255967336683417 0.011040419161676647 0.018530150753768845
211 0.8008046407185628 0.6144786432160804 0.0061751497005988025 0.016017587939698492
13 0.12415793413173652 0.6251570351758794 0.01029191616766467 0.012248743718592964
211 0.39782934131736525 0.6713253768844221 0.006362275449101796 0.018530150753768845
224 0.15157185628742514 0.46011306532663315 0.008982035928143712 0.015703517587939697
149 0.17945359281437126 0.621859296482412 0.008982035928143712 0.01507537688442211
200 0.5021519461077845 0.5270100502512562 0.008794910179640719 0.016959798994974875
99 0.7590755988023952 0.6352072864321608 0.008046407185628742 0.014761306532663316
99 0.12406437125748503 0.44221105527638194 0.006736526946107785 0.014447236180904523
224 0.45574476047904194 0.42525125628140703 0.009543413173652695 0.016959798994974875
119 0.797810628742515 0.5537060301507538 0.009917664670658683 0.020100502512562814
22 0.7844311377245509 0.5730213567839196 0.010479041916167664 0.016017587939698492
211 0.7310067365269461 0.6129082914572864 0.006923652694610778 0.01978643216080402
176 0.7766654191616766 0.6769786432160804 0.01029191616766467 0.018530150753768845
149 0.07775074850299402 0.2030464824120603 0.012911676646706586 0.01978643216080402
44 0.25748502994011974 0.5339195979899497 0.01309880239520958 0.020100502512562814
13 0.7250187125748503 0.28203517587939697 0.011040419161676647 0.0207286432160804
118 0.24157934131736528 0.6565640703517588 0.011976047904191617 0.017902010050251257
6 0.1346369760479042 0.5827575376884422 0.01029191616766467 0.019158291457286432
224 0.1962949101796407 0.5778894472361809 0.008233532934131737 0.01821608040201005
58 0.7582335329341318 0.6766645728643216 0.012350299401197605 0.017273869346733667
13 0.18235404191616766 0.6416457286432161 0.011040419161676647 0.019472361809045227
6 0.3969872754491018 0.6309673366834171 0.009543413173652695 0.01507537688442211
44 0.25449101796407186 0.6556218592964824 0.011601796407185628 0.016017587939698492
185 0.18983907185628743 0.6207600502512562 0.011788922155688622 0.014761306532663316
22 0.10797155688622755 0.5646984924623115 0.008982035928143712 0.016959798994974875
7 0.17112649700598803 0.4181846733668342 0.009917664670658683 0.017273869346733667
22 0.2601983532934132 0.5727072864321608 0.007672155688622754 0.019158291457286432
13 0.25870134730538924 0.6152638190954773 0.008420658682634731 0.019472361809045227
7 0.7773203592814372 0.5917085427135679 0.008607784431137725 0.016959798994974875
58 0.23063248502994013 0.6568781407035176 0.011414670658682635 0.018530150753768845
149 0.07840568862275449 0.6286118090452262 0.01122754491017964 0.018530150753768845
118 0.4982223053892216 0.647927135678392 0.01029191616766467 0.019472361809045227
7 0.27956586826347307 0.5353329145728644 0.008607784431137725 0.017273869346733667
118 0.11386601796407185 0.5843278894472361 0.01029191616766467 0.018530150753768845
32 0.48343937125748504 0.566425879396985 0.009917664670658683 0.018530150753768845
211 0.8317739520958084 0.4106469849246231 0.005988023952095809 0.01978643216080402
160 0.5135666167664671 0.3418655778894472 0.009543413173652695 0.017273869346733667
7 0.5361152694610778 0.5262248743718593 0.009730538922155689 0.018530150753768845
200 0.4720247005988024 0.5282663316582915 0.009543413173652695 0.017587939698492462
118 0.47034056886227543 0.648712311557789 0.011414670658682635 0.017273869346733667
22 0.8342065868263473 0.39180276381909546 0.005988023952095809 0.017902010050251257
7 0.8061377245508982 0.6345791457286433 0.0093562874251497 0.015389447236180905
224 0.06979790419161677 0.229428391959799 0.008607784431137725 0.019158291457286432
200 0.7857410179640718 0.6758793969849246 0.008982035928143712 0.01507537688442211
22 0.1187312874251497 0.5436557788944724 0.009543413173652695 0.01507537688442211
7 0.5079528443113772 0.5654836683417085 0.008794910179640719 0.018530150753768845
118 0.1504491017964072 0.602858040201005 0.01122754491017964 0.019158291457286432
200 0.4593937125748503 0.6688128140703518 0.008607784431137725 0.012876884422110553
7 0.7933196107784432 0.4315326633165829 0.009917664670658683 0.018844221105527637
118 0.2499064371257485 0.6152638190954773 0.011414670658682635 0.019472361809045227
160 0.08982035928143713 0.584641959798995 0.0093562874251497 0.01664572864321608
106 0.7634730538922155 0.4525753768844221 0.011601796407185628 0.018844221105527637
211 0.12836826347305388 0.3790829145728643 0.008233532934131737 0.02198492462311558
118 0.09964446107784432 0.6477701005025126 0.012163173652694611 0.01664572864321608
7 0.6034805389221557 0.6608040201005025 0.007859281437125748 0.016331658291457288
7 0.8404752994011976 0.5548052763819096 0.011414670658682635 0.017273869346733667
99 0.8055763473053892 0.4533605527638191 0.005988023952095809 0.021670854271356784
7 0.18497380239520958 0.49733040201005024 0.009543413173652695 0.017273869346733667
118 0.2676833832335329 0.5529208542713567 0.011788922155688622 0.017902010050251257
211 0.8417851796407185 0.5354899497487438 0.005800898203592814 0.017587939698492462
22 0.7722679640718563 0.5135050251256281 0.008982035928143712 0.017587939698492462
224 0.2869573353293413 0.4068781407035176 0.007297904191616767 0.014133165829145729
13 0.109375 0.5439698492462312 0.009169161676646706 0.017587939698492462
200 0.266186377245509 0.6149497487437185 0.007297904191616767 0.01256281407035176
22 0.25271332335329344 0.636463567839196 0.006923652694610778 0.01350502512562814
7 0.8015531437125748 0.5336055276381909 0.009917664670658683 0.016959798994974875
211 0.7571107784431138 0.6538944723618091 0.004491017964071856 0.016331658291457288
106 0.16046032934131738 0.41928391959798994 0.012537425149700599 0.015703517587939697
160 0.2523390718562874 0.5722361809045227 0.007672155688622754 0.01821608040201005
200 0.46875 0.5483668341708543 0.008607784431137725 0.017587939698492462
22 0.12921032934131738 0.5637562814070352 0.008420658682634731 0.01507537688442211
200 0.7541167664670658 0.5722361809045227 0.008607784431137725 0.014447236180904523
106 0.7669348802395209 0.4728329145728643 0.01029191616766467 0.018530150753768845
32 0.5125374251497006 0.5262248743718593 0.010479041916167664 0.019158291457286432
119 0.4186002994011976 0.5466394472361809 0.008233532934131737 0.017273869346733667
119 0.8447791916167665 0.6766645728643216 0.005800898203592814 0.01664572864321608
22 0.2519648203592814 0.5138190954773869 0.009169161676646706 0.017587939698492462
200 0.6977919161676647 0.5760050251256281 0.011976047904191617 0.016331658291457288
7 0.8534805389221557 0.5742776381909548 0.0093562874251497 0.01664572864321608
200 0.14979416167664672 0.559359296482412 0.008794910179640719 0.01507537688442211
200 0.844124251497006 0.5946922110552764 0.0093562874251497 0.016017587939698492
6 0.2600112275449102 0.5138190954773869 0.009169161676646706 0.018844221105527637
7 0.8573166167664671 0.6564070351758794 0.009543413173652695 0.017587939698492462
160 0.7461639221556886 0.5521356783919598 0.008046407185628742 0.016959798994974875
7 0.5852357784431138 0.5962625628140703 0.007672155688622754 0.016017587939698492
185 0.8451534431137725 0.5745917085427136 0.011040419161676647 0.017273869346733667
160 0.5237649700598802 0.6275125628140703 0.008982035928143712 0.017587939698492462
211 0.7834019461077845 0.5923366834170855 0.004303892215568862 0.016959798994974875
185 0.13950224550898205 0.48194095477386933 0.011040419161676647 0.01664572864321608
211 0.8012724550898204 0.4320037688442211 0.0048652694610778445 0.019158291457286432
118 0.765250748502994 0.5734924623115578 0.012163173652694611 0.016959798994974875
58 0.5064558383233533 0.48712311557788945 0.014782934131736527 0.017587939698492462
22 0.18300898203592814 0.39729899497487436 0.01122754491017964 0.0207286432160804
118 0.16654191616766467 0.4982726130653266 0.011976047904191617 0.016017587939698492
7 0.7924775449101796 0.5133479899497487 0.011976047904191617 0.019158291457286432
118 0.594124251497006 0.5332914572864321 0.009730538922155689 0.014447236180904523
149 0.10226422155688623 0.6260992462311558 0.01066616766467066 0.01664572864321608
99 0.7857410179640718 0.5334484924623115 0.007110778443113772 0.018530150753768845
106 0.8324288922155688 0.5350188442211056 0.013285928143712575 0.017902010050251257
99 0.1775823353293413 0.5796168341708543 0.008233532934131737 0.016017587939698492
211 0.8326160179640718 0.5537060301507538 0.00467814371257485 0.017587939698492462
13 0.16036676646706588 0.4593278894472362 0.010479041916167664 0.01664572864321608
211 0.8154004491017964 0.6147927135678392 0.005800898203592814 0.017902010050251257
118 0.4375935628742515 0.4667085427135678 0.012163173652694611 0.020100502512562814
110 0.8637724550898204 0.5535489949748744 0.007110778443113772 0.019158291457286432
22 0.8220434131736527 0.5345477386934674 0.008982035928143712 0.016331658291457288
160 0.8157747005988024 0.3299309045226131 0.011414670658682635 0.021670854271356784
7 0.1497005988023952 0.4200690954773869 0.010104790419161677 0.019158291457286432
13 0.49260853293413176 0.5276381909547738 0.01029191616766467 0.0207286432160804
7 0.8036115269461078 0.5741206030150754 0.008794910179640719 0.0207286432160804
200 0.08869760479041916 0.6491834170854272 0.009730538922155689 0.013819095477386936
149 0.5329341317365269 0.6078831658291457 0.010104790419161677 0.017273869346733667
110 0.1158308383233533 0.5040829145728644 0.008607784431137725 0.017587939698492462
99 0.8124064371257484 0.594535175879397 0.005800898203592814 0.016959798994974875
22 0.4059693113772455 0.6300251256281407 0.009543413173652695 0.015703517587939697
99 0.15409805389221556 0.20069095477386933 0.005800898203592814 0.0207286432160804
160 0.12883607784431136 0.4610552763819096 0.009543413173652695 0.015703517587939697
32 0.7520583832335329 0.6132223618090452 0.009730538922155689 0.017273869346733667
110 0.16111526946107785 0.4789572864321608 0.008982035928143712 0.015703517587939697
185 0.7208083832335329 0.2443467336683417 0.012724550898203593 0.02198492462311558
211 0.8654565868263473 0.6576633165829145 0.006362275449101796 0.019472361809045227
22 0.22922904191616766 0.5934359296482412 0.007110778443113772 0.019158291457286432
22 0.8139034431137725 0.45414572864321606 0.008794910179640719 0.018844221105527637
7 0.7675898203592815 0.49309045226130654 0.007110778443113772 0.017587939698492462
119 0.5039296407185628 0.34280778894472363 0.008982035928143712 0.01664572864321608
200 0.7763847305389222 0.6347361809045227 0.0093562874251497 0.015703517587939697
200 0.15101047904191617 0.22204773869346733 0.008233532934131737 0.01821608040201005
99 0.8300898203592815 0.4331030150753769 0.008233532934131737 0.020100502512562814
211 0.8729416167664671 0.573178391959799 0.008233532934131737 0.01821608040201005
176 0.1649513473053892 0.5201005025125628 0.01029191616766467 0.015703517587939697
185 0.2601047904191617 0.47157663316582915 0.011601796407185628 0.017273869346733667
224 0.8259730538922155 0.5538630653266332 0.008607784431137725 0.019158291457286432
185 0.828312125748503 0.6352072864321608 0.01029191616766467 0.017902010050251257
32 0.7962200598802395 0.4533605527638191 0.008982035928143712 0.02041457286432161
13 0.17617889221556887 0.49670226130653267 0.009917664670658683 0.01664572864321608
32 0.7885479041916168 0.38929020100502515 0.009730538922155689 0.017902010050251257
13 0.16972305389221556 0.5584170854271356 0.010104790419161677 0.017587939698492462
99 0.19592065868263472 0.5566896984924623 0.0074850299401197605 0.017273869346733667
22 0.13257859281437126 0.6245288944723618 0.008046407185628742 0.017902010050251257
149 0.4498502994011976 0.4668655778894472 0.009730538922155689 0.01350502512562814
99 0.26833832335329344 0.5130339195979899 0.0074850299401197605 0.021042713567839197
22 0.49260853293413176 0.38316582914572866 0.008794910179640719 0.016331658291457288
7 0.7753555389221557 0.6140075376884422 0.008420658682634731 0.017587939698492462
13 0.09814745508982035 0.667713567839196 0.009543413173652695 0.017587939698492462
58 0.4535928143712575 0.48743718592964824 0.015718562874251496 0.020100502512562814
22 0.8003368263473054 0.4742462311557789 0.007859281437125748 0.017587939698492462
149 0.43469311377245506 0.5687814070351759 0.011976047904191617 0.01821608040201005
211 0.8235404191616766 0.37154522613065327 0.005239520958083832 0.0207286432160804
119 0.07952844311377245 0.6493404522613065 0.008607784431137725 0.01664572864321608
99 0.5121631736526946 0.4453517587939699 0.005988023952095809 0.018844221105527637
200 0.2758233532934132 0.5150753768844221 0.0074850299401197605 0.013190954773869347
22 0.8620883233532934 0.5948492462311558 0.0093562874251497 0.014447236180904523
118 0.4550898203592814 0.4451947236180904 0.010104790419161677 0.01350502512562814
200 0.4881175149700599 0.5471105527638191 0.007672155688622754 0.016331658291457288
58 0.13819236526946108 0.5621859296482412 0.013285928143712575 0.017587939698492462
76 0.42917290419161674 0.5485238693467337 0.011788922155688622 0.032977386934673364
7 0.8578779940119761 0.4945037688442211 0.009169161676646706 0.017273869346733667
99 0.15110404191616766 0.581501256281407 0.007297904191616767 0.017273869346733667
149 0.8621818862275449 0.4744032663316583 0.011788922155688622 0.017273869346733667
118 0.1813248502994012 0.4163002512562814 0.01347305389221557 0.017273869346733667
200 0.6980726047904192 0.5946922110552764 0.009917664670658683 0.011620603015075377
118 0.45424775449101795 0.5668969849246231 0.009543413173652695 0.013190954773869347
58 0.7924775449101796 0.5939070351758794 0.013847305389221557 0.017587939698492462
6 0.5149700598802395 0.6074120603015075 0.008607784431137725 0.016331658291457288
118 0.514876497005988 0.5471105527638191 0.009917664670658683 0.01507537688442211
106 0.4820359281437126 0.4667085427135678 0.013847305389221557 0.01821608040201005
22 0.44433008982035926 0.5684673366834171 0.009917664670658683 0.01821608040201005
58 0.172062125748503 0.37641331658291455 0.01627994011976048 0.02041457286432161
7 0.8361714071856288 0.6769786432160804 0.007297904191616767 0.017273869346733667
7 0.187687125748503 0.6003454773869347 0.008982035928143712 0.02041457286432161
185 0.4868076347305389 0.4882223618090452 0.011040419161676647 0.018530150753768845
7 0.7278255988023952 0.22204773869346733 0.012537425149700599 0.02512562814070352
22 0.7923839820359282 0.4740891959798995 0.008794910179640719 0.014133165829145729
211 0.15709206586826346 0.5207286432160804 0.005800898203592814 0.015703517587939697
106 0.48605913173652693 0.3442211055276382 0.013285928143712575 0.015703517587939697
149 0.8196107784431138 0.5736494974874372 0.01122754491017964 0.017273869346733667
200 0.5219872754491018 0.40279522613065327 0.01029191616766467 0.017273869346733667
185 0.8181137724550899 0.4750314070351759 0.010853293413173653 0.017902010050251257
7 0.8562874251497006 0.635678391959799 0.010104790419161677 0.015703517587939697
200 0.12069610778443114 0.4225816582914573 0.010479041916167664 0.017902010050251257
211 0.12939745508982037 0.6050565326633166 0.005800898203592814 0.017273869346733667
58 0.4497567365269461 0.6494974874371859 0.01403443113772455 0.017587939698492462
22 0.8381362275449101 0.6363065326633166 0.008607784431137725 0.018844221105527637
211 0.1758046407185629 0.47707286432160806 0.003929640718562874 0.017587939698492462
6 0.780501497005988 0.5529208542713567 0.008982035928143712 0.017273869346733667
7 0.16102170658682635 0.6435301507537688 0.009917664670658683 0.017587939698492462
224 0.41654191616766467 0.5695665829145728 0.008233532934131737 0.016017587939698492
211 0.422062125748503 0.6699120603015075 0.0061751497005988025 0.016331658291457288
118 0.18413173652694612 0.5183731155778895 0.01122754491017964 0.016017587939698492
22 0.46042290419161674 0.6502826633165829 0.008420658682634731 0.016017587939698492
6 0.827563622754491 0.6761934673366834 0.009169161676646706 0.016331658291457288
200 0.47174401197604793 0.38410804020100503 0.010479041916167664 0.016331658291457288
13 0.11049775449101797 0.6458856783919598 0.011414670658682635 0.016017587939698492
7 0.7926646706586826 0.5347047738693468 0.008982035928143712 0.018530150753768845
7 0.4628555389221557 0.6292399497487438 0.009169161676646706 0.017902010050251257
119 0.23643338323353294 0.573178391959799 0.007672155688622754 0.016331658291457288
118 0.813622754491018 0.40970477386934673 0.012350299401197605 0.02292713567839196
224 0.07007859281437126 0.26711683417085424 0.009169161676646706 0.01978643216080402
200 0.18188622754491018 0.5378454773869347 0.008982035928143712 0.019158291457286432
7 0.8234468562874252 0.35222989949748745 0.008794910179640719 0.014761306532663316
106 0.47754491017964074 0.44503768844221103 0.012350299401197605 0.01821608040201005
32 0.45041167664670656 0.6705402010050251 0.010853293413173653 0.020100502512562814
118 0.781998502994012 0.5130339195979899 0.010479041916167664 0.017902010050251257
32 0.7954715568862275 0.5741206030150754 0.011976047904191617 0.01821608040201005
118 0.8418787425149701 0.41096105527638194 0.012350299401197605 0.017902010050251257
149 0.11115269461077844 0.5244974874371859 0.011601796407185628 0.016331658291457288
32 0.12752619760479042 0.5420854271356784 0.009917664670658683 0.016959798994974875
22 0.42982784431137727 0.6702261306532663 0.0074850299401197605 0.019472361809045227
118 0.1933008982035928 0.5362751256281407 0.010853293413173653 0.019158291457286432
200 0.5125374251497006 0.6691268844221105 0.008982035928143712 0.017902010050251257
224 0.14184131736526945 0.5215138190954773 0.009730538922155689 0.014133165829145729
22 0.8452470059880239 0.6160489949748744 0.0093562874251497 0.01664572864321608
211 0.13884730538922155 0.6237437185929648 0.004116766467065869 0.019472361809045227
118 0.42683383233532934 0.5069095477386935 0.01122754491017964 0.016959798994974875
99 0.4037238023952096 0.6507537688442211 0.008420658682634731 0.018844221105527637
118 0.8241017964071856 0.39180276381909546 0.012724550898203593 0.019158291457286432
224 0.8180202095808383 0.5946922110552764 0.007297904191616767 0.016017587939698492
200 0.5100112275449101 0.38316582914572866 0.009169161676646706 0.016331658291457288
200 0.7413922155688623 0.6567211055276382 0.009730538922155689 0.018844221105527637
118 0.4399326347305389 0.6692839195979899 0.011601796407185628 0.01821608040201005
118 0.8329902694610778 0.5935929648241206 0.011788922155688622 0.016959798994974875
7 0.6985404191616766 0.5168027638190955 0.010104790419161677 0.014761306532663316
118 0.5820546407185628 0.5745917085427136 0.009543413173652695 0.01350502512562814
211 0.44835329341317365 0.5896670854271356 0.005239520958083832 0.019158291457286432
224 0.8523577844311377 0.59375 0.0093562874251497 0.015389447236180905
6 0.5208645209580839 0.44409547738693467 0.009917664670658683 0.016959798994974875
58 0.5021519461077845 0.5059673366834171 0.015157185628742515 0.016959798994974875
160 0.23680763473053892 0.6361494974874372 0.009169161676646706 0.01978643216080402
185 0.0747567365269461 0.24811557788944724 0.012163173652694611 0.02198492462311558
99 0.4652881736526946 0.5061243718592965 0.006923652694610778 0.01664572864321608
99 0.4962574850299401 0.5467964824120602 0.00561377245508982 0.013819095477386936
7 0.49869011976047906 0.5877826633165829 0.0093562874251497 0.01664572864321608
160 0.5045845808383234 0.4024811557788945 0.009543413173652695 0.017273869346733667
99 0.14567739520958084 0.5405150753768844 0.006923652694610778 0.016959798994974875
118 0.8367327844311377 0.4747173366834171 0.01066616766467066 0.017902010050251257
224 0.12041541916167664 0.4632537688442211 0.009543413173652695 0.014447236180904523
211 0.5705464071856288 0.6173052763819096 0.0048652694610778445 0.016017587939698492
118 0.13800523952095808 0.3792399497487437 0.012537425149700599 0.017273869346733667
118 0.7841504491017964 0.4937185929648241 0.011788922155688622 0.018844221105527637
32 0.13940868263473055 0.4202261306532663 0.010853293413173653 0.018844221105527637
32 0.4312312874251497 0.5887248743718593 0.01029191616766467 0.019158291457286432
149 0.813061377245509 0.3905464824120603 0.010479041916167664 0.018530150753768845
22 0.8270958083832335 0.4748743718592965 0.008982035928143712 0.01507537688442211
7 0.8528255988023952 0.4552449748743719 0.009169161676646706 0.021042713567839197
200 0.1379116766467066 0.5414572864321608 0.0093562874251497 0.01507537688442211
200 0.4936377245508982 0.6086683417085427 0.008233532934131737 0.017587939698492462
200 0.8229790419161677 0.6157349246231156 0.008982035928143712 0.014761306532663316
7 0.07110778443113773 0.6485552763819096 0.008607784431137725 0.017587939698492462
200 0.8572230538922155 0.39164572864321606 0.010104790419161677 0.018844221105527637
149 0.15110404191616766 0.47958542713567837 0.011414670658682635 0.015703517587939697
22 0.19479790419161677 0.5177449748743719 0.010853293413173653 0.017902010050251257
211 0.5047717065868264 0.363536432160804 0.00467814371257485 0.016017587939698492
211 0.4472305389221557 0.5472675879396985 0.00561377245508982 0.01664572864321608
7 0.08280314371257486 0.5670540201005025 0.009917664670658683 0.018530150753768845
224 0.7413922155688623 0.5728643216080402 0.006736526946107785 0.014447236180904523
7 0.13997005988023953 0.6452575376884422 0.010479041916167664 0.017902010050251257
224 0.7882672155688623 0.45430276381909546 0.006923652694610778 0.018530150753768845
118 0.0906624251497006 0.6273555276381909 0.012537425149700599 0.019158291457286432
58 0.19489146706586827 0.49764447236180903 0.011414670658682635 0.016017587939698492
106 0.7668413173652695 0.6557788944723618 0.010104790419161677 0.017587939698492462
200 0.2781624251497006 0.4064070351758794 0.008046407185628742 0.01256281407035176
200 0.2220247005988024 0.5935929648241206 0.005800898203592814 0.019472361809045227
13 0.8493637724550899 0.4935615577889447 0.008607784431137725 0.014761306532663316
118 0.171687874251497 0.6432160804020101 0.011414670658682635 0.017587939698492462
185 0.5784056886227545 0.6179334170854272 0.0093562874251497 0.017902010050251257
58 0.2281998502994012 0.6160489949748744 0.01403443113772455 0.02041457286432161
224 0.5412612275449101 0.25910804020100503 0.01029191616766467 0.019472361809045227
7 0.13351422155688622 0.5224560301507538 0.008420658682634731 0.015389447236180905
7 0.8721931137724551 0.5544912060301508 0.010479041916167664 0.017902010050251257
32 0.09927020958083832 0.5241834170854272 0.01029191616766467 0.018844221105527637
211 0.41420284431137727 0.6099246231155779 0.009543413173652695 0.017587939698492462
22 0.12125748502994012 0.4007537688442211 0.012724550898203593 0.02135678391959799
7 0.25290044910179643 0.5943781407035176 0.008046407185628742 0.019158291457286432
118 0.8339258982035929 0.35065954773869346 0.01029191616766467 0.018530150753768845
224 0.1656062874251497 0.43828517587939697 0.007859281437125748 0.014761306532663316
185 0.8632110778443114 0.573963567839196 0.01122754491017964 0.017273869346733667
7 0.1875935628742515 0.5582600502512562 0.009917664670658683 0.017273869346733667
224 0.7987462574850299 0.635678391959799 0.009543413173652695 0.01821608040201005
13 0.5211452095808383 0.5047110552763819 0.010853293413173653 0.017587939698492462
160 0.5194610778443114 0.3633793969849246 0.009730538922155689 0.016331658291457288
119 0.7841504491017964 0.47361809045226133 0.009917664670658683 0.016959798994974875
176 0.46210703592814373 0.3842650753768844 0.008794910179640719 0.01664572864321608
22 0.4511601796407186 0.528109296482412 0.0093562874251497 0.01664572864321608
160 0.41888098802395207 0.6491834170854272 0.01029191616766467 0.016331658291457288
7 0.14277694610778444 0.582286432160804 0.008982035928143712 0.01507537688442211
13 0.5399513473053892 0.5062814070351759 0.012163173652694611 0.019472361809045227
118 0.9176646706586826 0.5149183417085427 0.010104790419161677 0.01978643216080402
118 0.1535366766467066 0.39808417085427134 0.012911676646706586 0.021042713567839197
7 0.530314371257485 0.5064384422110553 0.008607784431137725 0.017273869346733667
7 0.750187125748503 0.6348932160804021 0.0093562874251497 0.015389447236180905
118 0.9266467065868264 0.49654522613065327 0.011976047904191617 0.01821608040201005
22 0.44217814371257486 0.488536432160804 0.0074850299401197605 0.016017587939698492
13 0.17383982035928144 0.4371859296482412 0.010479041916167664 0.01507537688442211
119 0.5018712574850299 0.38395100502512564 0.010104790419161677 0.017273869346733667
118 0.5044910179640718 0.6069409547738693 0.01122754491017964 0.017273869346733667
7 0.7744199101796407 0.4549309045226131 0.007672155688622754 0.019158291457286432
224 0.27984655688622756 0.470320351758794 0.008420658682634731 0.01350502512562814
211 0.5059880239520959 0.6694409547738693 0.00561377245508982 0.019158291457286432
160 0.45209580838323354 0.6088253768844221 0.009730538922155689 0.017902010050251257
58 0.4412425149700599 0.6092964824120602 0.013847305389221557 0.01821608040201005
118 0.4195359281437126 0.5893530150753769 0.011976047904191617 0.018530150753768845
176 0.1468001497005988 0.6243718592964824 0.011040419161676647 0.01821608040201005
200 0.10797155688622755 0.6673994974874372 0.008982035928143712 0.017587939698492462
211 0.5920658682634731 0.5950062814070352 0.007859281437125748 0.01664572864321608
224 0.28798652694610777 0.5334484924623115 0.008607784431137725 0.01978643216080402
211 0.8105351796407185 0.5727072864321608 0.005800898203592814 0.021042713567839197
118 0.813622754491018 0.35175879396984927 0.013847305389221557 0.0207286432160804
110 0.15971182634730538 0.22189070351758794 0.008046407185628742 0.017273869346733667
185 0.4707148203592814 0.4056218592964824 0.01066616766467066 0.017902010050251257
7 0.43001497005988026 0.6092964824120602 0.009730538922155689 0.016331658291457288
7 0.1589633233532934 0.5813442211055276 0.01066616766467066 0.017587939698492462
149 0.13875374251497005 0.6039572864321608 0.011040419161676647 0.017587939698492462
7 0.5360217065868264 0.5456972361809045 0.009917664670658683 0.015389447236180905
200 0.7747941616766467 0.4744032663316583 0.008794910179640719 0.014133165829145729
118 0.7731100299401198 0.42933417085427134 0.011788922155688622 0.0207286432160804
7 0.18506736526946108 0.4568153266331658 0.010104790419161677 0.014761306532663316
32 0.14839071856287425 0.5006281407035176 0.007859281437125748 0.014447236180904523
13 0.46425898203592814 0.5665829145728644 0.010479041916167664 0.019472361809045227
99 0.8380426646706587 0.4329459798994975 0.0061751497005988025 0.021042713567839197
200 0.4379678143712575 0.6493404522613065 0.009169161676646706 0.016017587939698492
110 0.8650823353293413 0.4533605527638191 0.013847305389221557 0.02229899497487437
118 0.48269086826347307 0.38379396984924624 0.011788922155688622 0.016959798994974875
118 0.4825037425149701 0.5268530150753769 0.011788922155688622 0.017273869346733667
224 0.8167103293413174 0.553391959798995 0.009917664670658683 0.018844221105527637
211 0.8557260479041916 0.5353329145728644 0.006362275449101796 0.016017587939698492
200 0.8307447604790419 0.3729585427135678 0.008046407185628742 0.017902010050251257
160 0.5078592814371258 0.6273555276381909 0.008982035928143712 0.016017587939698492
44 0.15522080838323354 0.6639447236180904 0.01440868263473054 0.017587939698492462
119 0.4631362275449102 0.5879396984924623 0.010104790419161677 0.01821608040201005
224 0.8095059880239521 0.4748743718592965 0.007859281437125748 0.017587939698492462
7 0.577937874251497 0.6612751256281407 0.008794910179640719 0.018530150753768845
211 0.7734842814371258 0.5524497487437185 0.005426646706586827 0.016331658291457288
224 0.7420471556886228 0.6350502512562815 0.009543413173652695 0.016331658291457288
118 0.8175523952095808 0.6336369346733668 0.011601796407185628 0.015389447236180905
13 0.594498502994012 0.6606469849246231 0.01122754491017964 0.019158291457286432
7 0.8070733532934131 0.5526067839195979 0.0093562874251497 0.017273869346733667
200 0.4962574850299401 0.3442211055276382 0.008607784431137725 0.016331658291457288
7 0.7686190119760479 0.6761934673366834 0.008794910179640719 0.017587939698492462
185 0.12369011976047904 0.5025125628140703 0.010853293413173653 0.014447236180904523
200 0.4806324850299401 0.365106783919598 0.009917664670658683 0.01664572864321608
44 0.08504865269461077 0.2283291457286432 0.009543413173652695 0.016959798994974875
7 0.797436377245509 0.3907035175879397 0.009543413173652695 0.016959798994974875
58 0.5189932634730539 0.565640703517588 0.011788922155688622 0.01821608040201005
200 0.14296407185628743 0.46042713567839194 0.007859281437125748 0.016331658291457288
224 0.13005239520958084 0.4217964824120603 0.0093562874251497 0.016331658291457288
211 0.7831212574850299 0.4103329145728643 0.005988023952095809 0.018530150753768845
32 0.8473989520958084 0.635678391959799 0.009543413173652695 0.015703517587939697
99 0.5153443113772455 0.6270414572864321 0.006736526946107785 0.01664572864321608
