22 0.15769644779332614 0.25704336815447926 0.07857911733046287 0.03165558721114277
211 0.16469321851453175 0.39332067109844887 0.05166846071044134 0.03133903133903134
224 0.34230355220667386 0.581829692940804 0.0861141011840689 0.029756251978474202
200 0.13993541442411195 0.5126622348844571 0.05382131324004306 0.028173472617917063
118 0.7206673842841765 0.09116809116809117 0.1216361679224973 0.026590693257359924
211 0.43756727664155004 0.06141183918961697 0.04628632938643703 0.02849002849002849
22 0.48493003229278797 0.5800886356441912 0.06781485468245425 0.028173472617917063
160 0.2319698600645856 0.2630579297245964 0.08503767491926803 0.04178537511870845
118 0.7481162540365985 0.3176638176638177 0.14208826695371368 0.029439696106362774
7 0.19268030139935413 0.22206394428616652 0.07319698600645856 0.02564102564102564
224 0.3234660925726588 0.2565685343463121 0.08288482238966631 0.02690724912947135
200 0.4488697524219591 0.1282051282051282 0.060279870828848225 0.021525799303577082
118 0.3519913885898816 0.5474833808167141 0.116254036598493 0.037037037037037035
224 0.6388589881593111 0.5759734093067427 0.07857911733046287 0.02690724912947135
58 0.5446716899892358 0.3217790440012662 0.11840688912809473 0.027540360873694207
7 0.3293864370290635 0.6429249762583096 0.10118406889128095 0.03735359290914846
176 0.26318622174381057 0.22238050015827793 0.08503767491926803 0.02880658436213992
149 0.31969860064585576 0.4843304843304843 0.12271259418729817 0.035454257676479896
6 0.3589881593110872 0.32098765432098764 0.08073196986006459 0.027856916745805635
118 0.24058127018299247 0.030231085786641344 0.07427341227125941 0.01361190250079139
7 0.2728740581270183 0.32114593225704335 0.1108719052744887 0.02564102564102564
149 0.5414424111948332 0.12741373852484963 0.12055974165769645 0.02564102564102564
99 0.6517761033369214 0.2904400126622349 0.0721205597416577 0.037037037037037035
200 0.6205597416576965 0.0937005381449826 0.0721205597416577 0.02722380500158278
13 0.24811625403659848 0.3928458372902817 0.11733046286329386 0.03102247546691991
13 0.7997847147470398 0.1888255777144666 0.09903121636167922 0.0319721430832542
200 0.5914962325080731 0.2850585628363406 0.06996770721205597 0.02690724912947135
160 0.2664155005382131 0.5853118075340298 0.10656620021528525 0.039886039886039885
44 0.19429494079655543 0.456315289648623 0.09580193756727665 0.023741690408357077
13 0.19590958019375673 0.32288698955365625 0.0581270182992465 0.027856916745805635
106 0.5 0.19072491294713517 0.12378902045209902 0.029439696106362774
76 0.19590958019375673 0.18930041152263374 0.0861141011840689 0.0411522633744856
99 0.5457481162540366 0.09765748654637543 0.06673842841765339 0.03513770180436847
7 0.19052744886975242 0.15495409939854385 0.0688912809472551 0.025007913896802784
22 0.4386437029063509 0.5172522950300729 0.10226049515608181 0.024691358024691357
211 0.24596340150699678 0.05982905982905983 0.03552206673842842 0.026590693257359924
149 0.35252960172228204 0.15637860082304528 0.13240043057050593 0.026590693257359924
7 0.3234660925726588 0.030864197530864196 0.08934337997847147 0.014245014245014245
149 0.3939720129171152 0.2880658436213992 0.11410118406889128 0.029123140234251346
200 0.3277717976318622 0.38920544476100033 0.07427341227125941 0.03007280785058563
185 0.1991388589881593 0.12456473567584679 0.06673842841765339 0.02564102564102564
160 0.4284176533907427 0.32446976891421336 0.08826695371367062 0.03735359290914846
211 0.2755651237890204 0.1910414688192466 0.060279870828848225 0.029439696106362774
7 0.37029063509149623 0.09480848369737259 0.0968783638320775 0.028173472617917063
22 0.5839612486544672 0.5471668249446027 0.08288482238966631 0.03513770180436847
22 0.2728740581270183 0.12503956948401393 0.08073196986006459 0.026590693257359924
99 0.302475780409042 0.06362773029439696 0.06458557588805167 0.032288698955365625
200 0.6022604951560818 0.1900918012029123 0.08719052744886975 0.028173472617917063
200 0.6469321851453176 0.3224121557454891 0.09041980624327234 0.030705919594808485
200 0.18406889128094725 0.2926559037670149 0.09257265877287406 0.028173472617917063
7 0.3595263724434876 0.21905666350110795 0.09041980624327234 0.027856916745805635
6 0.21959095801937567 0.48464704020259575 0.08396124865446716 0.0240582462804685
118 0.1916038751345533 0.5527065527065527 0.10333692142088267 0.029756251978474202
32 0.465016146393972 0.09417537195314973 0.0968783638320775 0.03007280785058563
13 0.3379978471474704 0.5159860715416271 0.10333692142088267 0.02722380500158278
32 0.5026910656620022 0.6415004748338081 0.09041980624327234 0.035770813548591324
118 0.28094725511302476 0.2924976258309592 0.116254036598493 0.026590693257359924
211 0.2691065662002153 0.5509654954099399 0.04736275565123789 0.0319721430832542
13 0.47255113024757806 0.5477999366888255 0.14208826695371368 0.03513770180436847
119 0.41388589881593113 0.6418170307059196 0.08719052744886975 0.03260525482747705
211 0.43218514531754576 0.22333016777461223 0.05059203444564048 0.03133903133903134
44 0.5920344456404736 0.6408673630895854 0.09257265877287406 0.03450459006014561
200 0.3767491926803014 0.06109528331750554 0.060279870828848225 0.019626464070908515
118 0.4510226049515608 0.48464704020259575 0.1356297093649085 0.03798670465337132
22 0.4052744886975242 0.18930041152263374 0.06350914962325081 0.02849002849002849
200 0.4860064585575888 0.22333016777461223 0.06566200215285253 0.02880658436213992
211 0.55005382131324 0.22364672364672364 0.05166846071044134 0.03007280785058563
211 0.35145317545748117 0.6764798987021209 0.059203444564047365 0.03102247546691991
58 0.2572658772874058 0.09433364988920545 0.12701829924650163 0.027856916745805635
224 0.6555435952637244 0.12646407090851536 0.0688912809472551 0.026274137385248496
118 0.23304628632938643 0.5163026274137386 0.10226049515608181 0.029756251978474202
13 0.5048439181916039 0.2893320671098449 0.12271259418729817 0.032288698955365625
160 0.5683530678148547 0.5862614751503641 0.10118406889128095 0.04621715732826844
118 0.7055974165769645 0.18787591009813231 0.1108719052744887 0.02690724912947135
13 0.2900968783638321 0.6771130104463438 0.08288482238966631 0.03102247546691991
7 0.22120559741657697 0.05998733776511554 0.08288482238966631 0.029439696106362774
224 0.4171151776103337 0.5800886356441912 0.07857911733046287 0.027540360873694207
22 0.7427341227125942 0.12345679012345678 0.10979547900968784 0.025957581513137068
211 0.24219590958019377 0.15859449192782527 0.060279870828848225 0.021525799303577082
7 0.1533907427341227 0.48163975941753717 0.05059203444564048 0.02184235517568851
118 0.36706135629709363 0.12614751503640392 0.10979547900968784 0.025007913896802784
