32 0.38375165125495375 0.6068082448469706 0.11228533685601057 0.06808244846970643
200 0.16842800528401586 0.759525296689569 0.13606340819022458 0.0637101811367895
119 0.5052840158520475 0.4478450968144909 0.12285336856010567 0.06495940037476577
99 0.631439894319683 0.6786383510306059 0.10039630118890357 0.07183010618363522
7 0.12747688243064728 0.6892567145534041 0.130779392338177 0.07058088694565896
211 0.5759577278731837 0.594316052467208 0.05812417437252312 0.05808869456589631
8 0.7311756935270806 0.5068707058088695 0.1096433289299868 0.07557776389756403
44 0.6479524438573315 0.20737039350405997 0.16512549537648613 0.04497189256714553
118 0.4464993394980185 0.8313554028732042 0.11624834874504623 0.05746408494690818
7 0.8381770145310435 0.5103060587133041 0.1096433289299868 0.06870705808869457
200 0.35402906208718626 0.8263585259212992 0.07397622192866579 0.0462211118051218
76 0.5402906208718626 0.5209244222361025 0.13738441215323646 0.08119925046845722
224 0.8659180977542933 0.28232354778263585 0.08058124174372523 0.0637101811367895
22 0.5660501981505944 0.8210493441599 0.10435931307793923 0.05683947532792005
6 0.8408190224570674 0.5893191755153029 0.12813738441215325 0.06433479075577764
22 0.6472919418758256 0.5915053091817614 0.095112285336856 0.05371642723297939
211 0.6439894319682959 0.5099937539038101 0.07793923381770146 0.06433479075577764
118 0.2430647291941876 0.6833229231730169 0.12417437252311757 0.05871330418488445
185 0.3989431968295905 0.3707058088694566 0.11360634081902246 0.055590256089943786
44 0.6651254953764861 0.7423485321673954 0.14398943196829592 0.05059337913803873
13 0.6571994715984147 0.0702685821361649 0.12285336856010567 0.05683947532792005
200 0.8243064729194187 0.6705184259837601 0.10039630118890357 0.06183635227982511
118 0.8011889035667107 0.7410993129294191 0.14134742404227213 0.0655840099937539
224 0.5191545574636723 0.13429106808244848 0.095112285336856 0.04122423485321674
106 0.38969616908850724 0.683947532792005 0.16116248348745046 0.061211742660836975
118 0.7945838837516512 0.20487195502810743 0.14398943196829592 0.061211742660836975
7 0.27873183619550856 0.5393504059962524 0.0977542932628798 0.05808869456589631
22 0.5277410832232496 0.6752029981261711 0.1202113606340819 0.061211742660836975
160 0.2846763540290621 0.3675827607745159 0.11756935270805813 0.04934415990006246
224 0.7311756935270806 0.5843222985633979 0.10435931307793923 0.05434103685196752
106 0.261558784676354 0.8266708307307933 0.11624834874504623 0.04934415990006246
44 0.630779392338177 0.13148032479700186 0.16512549537648613 0.04184884447220487
224 0.5812417437252312 0.27857589006870703 0.10303830911492734 0.06246096189881324
200 0.6624834874504624 0.8219862585883823 0.10700132100396301 0.05871330418488445
7 0.2985468956406869 0.21361648969394129 0.11360634081902246 0.05496564647095565
22 0.27344782034346105 0.6080574640849469 0.11360634081902246 0.05683947532792005
22 0.7344782034346103 0.6680199875078077 0.10303830911492734 0.0655840099937539
224 0.5488771466314399 0.06620861961274203 0.10171730515191546 0.04871955028107433
99 0.4332892998678996 0.29262960649594005 0.07661822985468957 0.07557776389756403
22 0.49273447820343463 0.7467207995003123 0.10303830911492734 0.06308557151780138
22 0.6202113606340819 0.44316052467207995 0.10700132100396301 0.0655840099937539
211 0.5640686922060766 0.749531542785759 0.06340819022457067 0.059962523422860715
13 0.14795244385733158 0.6052467207995003 0.1083223249669749 0.06870705808869457
118 0.7846763540290621 0.127420362273579 0.12681638044914134 0.0462211118051218
200 0.5171730515191546 0.20830730793254215 0.08586525759577279 0.05059337913803873
8 0.665785997357992 0.28544659587757654 0.095112285336856 0.0637101811367895
58 0.39762219286657857 0.5296689569019363 0.14795244385733158 0.059962523422860715
224 0.28797886393659183 0.7539038101186758 0.11096433289299867 0.06246096189881324
118 0.4035667107001321 0.20955652717051843 0.1334214002642008 0.060587133041848845
16 0.22985468956406868 0.29700187382885695 0.11096433289299867 0.06683322923173017
76 0.37912813738441214 0.749531542785759 0.1215323645970938 0.10368519675202999
200 0.4986789960369881 0.282948157401624 0.07793923381770146 0.056214865708931916
7 0.7668428005284016 0.2801374141161774 0.12549537648612946 0.05309181761399125
99 0.5997357992073976 0.3653966271080575 0.06869220607661823 0.05746408494690818
22 0.3963011889035667 0.45783885071830105 0.11360634081902246 0.06745783885071831
106 0.3394980184940555 0.28981886321049344 0.12945838837516513 0.05871330418488445
76 0.2820343461030383 0.46595877576514677 0.1096433289299868 0.08369768894440974
7 0.5112285336856011 0.36664584634603375 0.10303830911492734 0.059962523422860715
7 0.4907529722589168 0.5993129294191131 0.11228533685601057 0.05309181761399125
22 0.6809775429326288 0.3603997501561524 0.09379128137384413 0.05496564647095565
