176 0.8635204081632653 0.18305304010349288 0.02040816326530612 0.02457956015523933
119 0.6585884353741497 0.18909012505390255 0.022108843537414966 0.02371711944803795
76 0.06462585034013606 0.1539456662354463 0.0195578231292517 0.031910306166451054
119 0.8197278911564626 0.10758947822337214 0.0195578231292517 0.02026735661923243
200 0.7038690476190477 0.21690383786114706 0.018282312925170068 0.02328589909443726
22 0.8815901360544217 0.34044846916774474 0.018282312925170068 0.03406640793445451
224 0.5597363945578231 0.11168607158257869 0.017431972789115645 0.02414833980163864
7 0.10246598639455783 0.30314790858128504 0.022108843537414966 0.02069857697283312
99 0.7457482993197279 0.29301423027166884 0.017857142857142856 0.018542475204829666
58 0.0780187074829932 0.0752479517033204 0.025935374149659865 0.019404915912031046
76 0.09289965986394558 0.2794307891332471 0.022534013605442178 0.031047865459249677
22 0.05335884353741496 0.35360068995256577 0.017431972789115645 0.018111254851228976
110 0.8983843537414966 0.16127641224665804 0.017857142857142856 0.02242345838723588
7 0.8363095238095238 0.08322552824493316 0.0195578231292517 0.02242345838723588
22 0.7999574829931972 0.1841310909874946 0.016581632653061226 0.02414833980163864
118 0.639030612244898 0.16364812419146182 0.023809523809523808 0.02544200086244071
200 0.8979591836734694 0.13605002156101767 0.022108843537414966 0.02285467874083657
211 0.6592261904761905 0.2416990081931867 0.01403061224489796 0.02544200086244071
118 0.07610544217687075 0.02910737386804657 0.022108843537414966 0.02112979732643381
22 0.6964285714285714 0.2652005174644243 0.01870748299319728 0.0215610176800345
211 0.547406462585034 0.2147477360931436 0.013180272108843538 0.0258732212160414
99 0.08312074829931973 0.15653298835705046 0.016581632653061226 0.019836136265631736
224 0.7485119047619048 0.08689090125053903 0.019982993197278913 0.02112979732643381
22 0.1286139455782313 0.10586459680896938 0.016581632653061226 0.019404915912031046
7 0.6741071428571429 0.16192324277705908 0.019982993197278913 0.02371711944803795
8 0.0546343537414966 0.3027166882276843 0.020833333333333332 0.018111254851228976
118 0.6868622448979592 0.13432514014661492 0.019982993197278913 0.017680034497628287
160 0.6198979591836735 0.16278568348426045 0.02295918367346939 0.027166882276843468
118 0.10331632653061225 0.07654161276412247 0.027210884353741496 0.017680034497628287
200 0.3711734693877551 0.10888313928417422 0.015306122448979591 0.02199223803363519
7 0.8835034013605442 0.2858990944372574 0.02040816326530612 0.02414833980163864
44 0.8539540816326531 0.15782664941785252 0.02848639455782313 0.02501078050884002
44 0.11968537414965986 0.27770590771884435 0.025935374149659865 0.02501078050884002
99 0.5729166666666666 0.2410521776627857 0.015731292517006803 0.0258732212160414
99 0.7206632653061225 0.26994394135403194 0.016156462585034014 0.02501078050884002
99 0.3958333333333333 0.2882708063820612 0.01445578231292517 0.02112979732643381
176 0.5444302721088435 0.2910737386804657 0.025085034013605442 0.02414833980163864
118 0.1171343537414966 0.1563173781802501 0.0233843537414966 0.019404915912031046
224 0.7174744897959183 0.16084519189305735 0.017431972789115645 0.02328589909443726
76 0.13796768707482993 0.1328158689090125 0.025935374149659865 0.031910306166451054
7 0.6035289115646258 0.2429926692539888 0.016581632653061226 0.027166882276843468
13 0.7697704081632653 0.08236308753773178 0.022534013605442178 0.0215610176800345
149 0.5369897959183674 0.11168607158257869 0.025510204081632654 0.019836136265631736
200 0.15752551020408162 0.18132815868909014 0.01913265306122449 0.019404915912031046
211 0.07568027210884354 0.278137128072445 0.017857142857142856 0.019836136265631736
149 0.16751700680272108 0.23134971970677015 0.026360544217687076 0.02026735661923243
200 0.7687074829931972 0.1571798188874515 0.02295918367346939 0.02457956015523933
118 0.358843537414966 0.15545493747304873 0.0195578231292517 0.02457956015523933
200 0.5682397959183674 0.16386373436826218 0.022534013605442178 0.02328589909443726
44 0.5644132653061225 0.26735661923242776 0.03018707482993197 0.018973695558430356
211 0.7079081632653061 0.2410521776627857 0.011904761904761904 0.02328589909443726
7 0.14136904761904762 0.37753341957740405 0.025085034013605442 0.02199223803363519
106 0.6651785714285714 0.2123760241483398 0.025935374149659865 0.02112979732643381
149 0.07886904761904762 0.3040103492884864 0.02423469387755102 0.018973695558430356
200 0.13732993197278912 0.3307460112117292 0.017006802721088437 0.015523932729624839
22 0.048681972789115645 0.17852522639068563 0.00977891156462585 0.019836136265631736
22 0.07525510204081633 0.25442000862440706 0.0195578231292517 0.019836136265631736
211 0.7470238095238095 0.3169469598965071 0.00935374149659864 0.02242345838723588
22 0.6458333333333334 0.2923673997412678 0.015306122448979591 0.02501078050884002
44 0.3990221088435374 0.1841310909874946 0.026785714285714284 0.015523932729624839
58 0.34204931972789115 0.08171625700733075 0.02848639455782313 0.018542475204829666
7 0.7085459183673469 0.08602846054333764 0.018282312925170068 0.02026735661923243
224 0.6456207482993197 0.26714100905562743 0.016581632653061226 0.02112979732643381
224 0.9045493197278912 0.1865028029322984 0.019982993197278913 0.02026735661923243
32 0.10012755102040816 0.12979732643380767 0.022534013605442178 0.018973695558430356
99 0.5941751700680272 0.18714963346269944 0.01488095238095238 0.02328589909443726
22 0.8280187074829932 0.21388529538594223 0.021683673469387755 0.02501078050884002
22 0.10331632653061225 0.3766709788702027 0.017857142857142856 0.02199223803363519
211 0.7852891156462585 0.1563173781802501 0.012755102040816327 0.027166882276843468
119 0.8178146258503401 0.15696420871065114 0.021683673469387755 0.027598102630444158
110 0.782312925170068 0.18240620957309184 0.02295918367346939 0.0258732212160414
13 0.7495748299319728 0.1614920224234584 0.022108843537414966 0.02457956015523933
118 0.09289965986394558 0.32902112979732645 0.02423469387755102 0.02069857697283312
7 0.8992346938775511 0.2641224665804226 0.02295918367346939 0.02544200086244071
44 0.7368197278911565 0.1877964639931005 0.02806122448979592 0.02371711944803795
211 0.1953656462585034 0.1614920224234584 0.011479591836734694 0.02112979732643381
185 0.6736819727891157 0.2401897369555843 0.018282312925170068 0.02414833980163864
119 0.1090561224489796 0.22984044846916774 0.019982993197278913 0.02242345838723588
224 0.6943027210884354 0.08667529107373868 0.0195578231292517 0.0215610176800345
13 0.6870748299319728 0.21647261750754634 0.022108843537414966 0.02328589909443726
224 0.8979591836734694 0.08559724018973695 0.01870748299319728 0.02112979732643381
118 0.86203231292517 0.1073738680465718 0.015731292517006803 0.02414833980163864
118 0.39965986394557823 0.2604570935748167 0.023809523809523808 0.018973695558430356
22 0.6035289115646258 0.13648124191461836 0.016581632653061226 0.02457956015523933
106 0.7536139455782312 0.13648124191461836 0.03188775510204082 0.02457956015523933
13 0.8941326530612245 0.3357050452781371 0.017857142857142856 0.019404915912031046
200 0.5269982993197279 0.18952134540750323 0.027636054421768707 0.02199223803363519
224 0.03422619047619048 0.35316946959896506 0.01913265306122449 0.017248814144027597
211 0.7300170068027211 0.24342388960758948 0.00935374149659864 0.02544200086244071
99 0.054209183673469385 0.25204829667960327 0.018282312925170068 0.02026735661923243
118 0.5875850340136054 0.23954290642518328 0.0195578231292517 0.02199223803363519
200 0.34162414965986393 0.15135834411384216 0.012329931972789115 0.019836136265631736
200 0.38010204081632654 0.28676153514445885 0.017857142857142856 0.018111254851228976
119 0.6906887755102041 0.11492022423458387 0.01913265306122449 0.02112979732643381
160 0.11883503401360544 0.17938766709788703 0.020833333333333332 0.02328589909443726
110 0.5659013605442177 0.19016817593790428 0.017006802721088437 0.02501078050884002
22 0.1609268707482993 0.13260025873221215 0.016581632653061226 0.02026735661923243
22 0.7886904761904762 0.08042259594652867 0.015306122448979591 0.02026735661923243
13 0.8369472789115646 0.23997412677878396 0.015731292517006803 0.02199223803363519
211 0.7174744897959183 0.1888745148771022 0.013180272108843538 0.02328589909443726
22 0.32589285714285715 0.10823630875377317 0.015731292517006803 0.02242345838723588
99 0.3586309523809524 0.1093143596377749 0.01488095238095238 0.02112979732643381
176 0.6806972789115646 0.26865028029322985 0.02465986394557823 0.02414833980163864
22 0.8786139455782312 0.16041397153945666 0.017431972789115645 0.026735661923242778
22 0.09268707482993198 0.22833117723156532 0.01870748299319728 0.02026735661923243
224 0.38371598639455784 0.08042259594652867 0.019982993197278913 0.02199223803363519
200 0.6203231292517006 0.13799051315222077 0.02040816326530612 0.02501078050884002
118 0.060799319727891155 0.37408365674859856 0.022108843537414966 0.02026735661923243
119 0.12032312925170068 0.3777490297542044 0.02040816326530612 0.0215610176800345
22 0.7663690476190477 0.10845191893057353 0.018282312925170068 0.02199223803363519
224 0.6515731292517006 0.11384217335058215 0.016581632653061226 0.02328589909443726
7 0.07355442176870748 0.3292367399741268 0.02040816326530612 0.02285467874083657
200 0.7087585034013606 0.13561880120741698 0.015306122448979591 0.02457956015523933
99 0.5544217687074829 0.1384217335058215 0.017006802721088437 0.0258732212160414
160 0.8773384353741497 0.21517895644674429 0.0233843537414966 0.029322984044846918
200 0.1247874149659864 0.2052608883139284 0.015731292517006803 0.016386373436826217
224 0.055697278911564625 0.22876239758516603 0.017857142857142856 0.018542475204829666
185 0.061224489795918366 0.1261319534282018 0.023809523809523808 0.02630444156964209
13 0.8877551020408163 0.30853816300129366 0.017006802721088437 0.02371711944803795
6 0.09141156462585034 0.05390254420008624 0.017857142857142856 0.019836136265631736
13 0.19579081632653061 0.13346269943941355 0.01403061224489796 0.02026735661923243
6 0.8020833333333334 0.10780508840017249 0.01913265306122449 0.02069857697283312
106 0.5975765306122449 0.21496334626994393 0.029336734693877552 0.02285467874083657
200 0.36033163265306123 0.2095730918499353 0.017431972789115645 0.02069857697283312
13 0.3637329931972789 0.28676153514445885 0.019982993197278913 0.018973695558430356
32 0.04102891156462585 0.27619663648124193 0.01913265306122449 0.016817593790426907
176 0.8979591836734694 0.10974557999137559 0.022108843537414966 0.02544200086244071
99 0.7217261904761905 0.08559724018973695 0.01403061224489796 0.02112979732643381
149 0.8786139455782312 0.0838723587753342 0.017431972789115645 0.02026735661923243
211 0.5493197278911565 0.16451056489866323 0.013605442176870748 0.02285467874083657
211 0.1247874149659864 0.22940922811556705 0.00977891156462585 0.018973695558430356
22 0.08843537414965986 0.20353600689952567 0.017857142857142856 0.019836136265631736
119 0.57546768707483 0.31716257007330745 0.020833333333333332 0.02371711944803795
211 0.7582908163265306 0.24040534713238465 0.01488095238095238 0.02199223803363519
22 0.036989795918367346 0.32902112979732645 0.016156462585034014 0.02069857697283312
6 0.11670918367346939 0.33009918068132815 0.022534013605442178 0.018542475204829666
22 0.6288265306122449 0.2934454506252695 0.01445578231292517 0.02285467874083657
106 0.8061224489795918 0.21388529538594223 0.026360544217687076 0.02414833980163864
99 0.4190051020408163 0.18714963346269944 0.016581632653061226 0.018973695558430356
13 0.5809948979591837 0.2925830099180681 0.021683673469387755 0.02285467874083657
224 0.7831632653061225 0.10629581716257007 0.017006802721088437 0.02371711944803795
200 0.5340136054421769 0.16515739542906424 0.021258503401360544 0.02242345838723588
160 0.6605017006802721 0.2688658904700302 0.022534013605442178 0.02544200086244071
22 0.6190476190476191 0.21517895644674429 0.015306122448979591 0.016386373436826217
32 0.16113945578231292 0.1586890901250539 0.021258503401360544 0.02242345838723588
211 0.4502551020408163 0.26196636481241914 0.011904761904761904 0.019404915912031046
6 0.1377551020408163 0.18175937904269082 0.02040816326530612 0.02371711944803795
160 0.6779336734693877 0.18671841310909876 0.019982993197278913 0.02501078050884002
110 0.06058673469387755 0.04894351013367831 0.017431972789115645 0.015955153083225527
32 0.6994047619047619 0.18822768434670117 0.02465986394557823 0.02457956015523933
7 0.05229591836734694 0.20310478654592498 0.015306122448979591 0.019836136265631736
22 0.7106717687074829 0.11276412246658042 0.01913265306122449 0.02112979732643381
22 0.08142006802721088 0.1265631737818025 0.015731292517006803 0.02285467874083657
224 0.5856717687074829 0.16321690383786114 0.017431972789115645 0.02457956015523933
7 0.8516156462585034 0.23846485554118155 0.02295918367346939 0.02328589909443726
22 0.11543367346938775 0.3542475204829668 0.01913265306122449 0.02112979732643381
7 0.5699404761904762 0.13626563173781803 0.018282312925170068 0.02501078050884002
211 0.7321428571428571 0.16192324277705908 0.012755102040816327 0.02371711944803795
149 0.6940901360544217 0.24277705907718844 0.025085034013605442 0.02501078050884002
13 0.6103316326530612 0.1888745148771022 0.022534013605442178 0.0215610176800345
22 0.5314625850340136 0.21517895644674429 0.02040816326530612 0.029322984044846918
224 0.06335034013605442 0.1783096162138853 0.017857142857142856 0.017680034497628287
211 0.1284013605442177 0.351875808538163 0.016156462585034014 0.0258732212160414
7 0.03975340136054422 0.37365243639499784 0.020833333333333332 0.018542475204829666
118 0.8715986394557823 0.24126778783958602 0.021258503401360544 0.02112979732643381
76 0.5314625850340136 0.1375592927986201 0.03231292517006803 0.0474342388960759
200 0.8375850340136054 0.10823630875377317 0.01870748299319728 0.02328589909443726
106 0.6632653061224489 0.29322984044846917 0.025510204081632654 0.02328589909443726
22 0.7838010204081632 0.21021992238033635 0.016581632653061226 0.02544200086244071
7 0.07525510204081633 0.0513152220784821 0.015306122448979591 0.019836136265631736
118 0.7604166666666666 0.1845623113410953 0.021683673469387755 0.026735661923242778
200 0.6698554421768708 0.062095730918499355 0.017431972789115645 0.014661492022423459
224 0.15369897959183673 0.33053040103492887 0.015731292517006803 0.019404915912031046
211 0.6415816326530612 0.08732212160413971 0.015306122448979591 0.02285467874083657
118 0.30505952380952384 0.10564898663216904 0.02423469387755102 0.02414833980163864
160 0.16305272108843538 0.10866752910737387 0.020833333333333332 0.0215610176800345
118 0.38924319727891155 0.10909874946097456 0.020833333333333332 0.0215610176800345
224 0.7465986394557823 0.11319534282018111 0.02040816326530612 0.02544200086244071
7 0.4372874149659864 0.26196636481241914 0.01913265306122449 0.02112979732643381
143 0.5871598639455783 0.13734368262181976 0.023809523809523808 0.02285467874083657
160 0.6653911564625851 0.13863734368262182 0.023809523809523808 0.028029322984044848
22 0.7049319727891157 0.3193186718413109 0.02040816326530612 0.02112979732643381
200 0.7196003401360545 0.2425614489003881 0.01488095238095238 0.02026735661923243
32 0.6135204081632653 0.26821905993962913 0.026360544217687076 0.0215610176800345
13 0.37797619047619047 0.18499353169469598 0.0195578231292517 0.018973695558430356
224 0.7138605442176871 0.29279862009486846 0.016156462585034014 0.026735661923242778
185 0.6585884353741497 0.08559724018973695 0.02295918367346939 0.02544200086244071
200 0.7344812925170068 0.31867184131090986 0.01913265306122449 0.02328589909443726
200 0.8596938775510204 0.2166882276843467 0.015306122448979591 0.02285467874083657
58 0.7940051020408163 0.2378180250107805 0.025085034013605442 0.02112979732643381
7 0.18239795918367346 0.1582578697714532 0.01870748299319728 0.02414833980163864
22 0.6320153061224489 0.26865028029322985 0.017431972789115645 0.02242345838723588
32 0.8284438775510204 0.13367830961621388 0.025935374149659865 0.0258732212160414
224 0.5875850340136054 0.2688658904700302 0.0195578231292517 0.02544200086244071
160 0.5954506802721088 0.11190168175937905 0.022534013605442178 0.02112979732643381
22 0.16156462585034015 0.2065545493747305 0.01870748299319728 0.0215610176800345
211 0.1753826530612245 0.2065545493747305 0.00977891156462585 0.019836136265631736
200 0.7283163265306123 0.11254851228978008 0.021258503401360544 0.02242345838723588
224 0.5618622448979592 0.21517895644674429 0.015731292517006803 0.02501078050884002
119 0.5997023809523809 0.2949547218628719 0.021683673469387755 0.02328589909443726
200 0.7385204081632653 0.2705907718844329 0.021258503401360544 0.02544200086244071
224 0.6415816326530612 0.19059939629150496 0.017857142857142856 0.02242345838723588
224 0.7442602040816326 0.24342388960758948 0.016581632653061226 0.02112979732643381
200 0.10863095238095238 0.05282449331608452 0.01913265306122449 0.019404915912031046
211 0.7200255102040817 0.32147477360931437 0.008078231292517007 0.02371711944803795
224 0.7657312925170068 0.2128072445019405 0.016156462585034014 0.02630444156964209
211 0.57546768707483 0.21561017680034497 0.011479591836734694 0.0258732212160414
58 0.5331632653061225 0.23954290642518328 0.03316326530612245 0.028891763691246228
211 0.7344812925170068 0.08796895213454076 0.00977891156462585 0.019836136265631736
44 0.08630952380952381 0.10392410521776628 0.02976190476190476 0.018111254851228976
7 0.06058673469387755 0.2779215178956447 0.016581632653061226 0.02026735661923243
44 0.03762755102040816 0.22746873652436395 0.0233843537414966 0.016817593790426907
13 0.10735544217687075 0.2056921086675291 0.021683673469387755 0.02069857697283312
7 0.841624149659864 0.18326865028029324 0.018282312925170068 0.02242345838723588
149 0.12585034013605442 0.07567917205692108 0.012755102040816327 0.016817593790426907
32 0.3424744897959184 0.10823630875377317 0.018282312925170068 0.02069857697283312
32 0.3620323129251701 0.18499353169469598 0.01913265306122449 0.0215610176800345
22 0.8503401360544217 0.13389391979301424 0.022108843537414966 0.027166882276843468
149 0.08227040816326531 0.17895644674428632 0.020833333333333332 0.017248814144027597
106 0.038052721088435375 0.07416990081931867 0.020833333333333332 0.0215610176800345
32 0.14944727891156462 0.35597240189736956 0.02423469387755102 0.02371711944803795
44 0.373937074829932 0.2604570935748167 0.02848639455782313 0.018973695558430356
22 0.6815476190476191 0.2938766709788702 0.015306122448979591 0.02199223803363519
119 0.7181122448979592 0.21561017680034497 0.02040816326530612 0.0258732212160414
7 0.5729166666666666 0.1140577835273825 0.020833333333333332 0.02026735661923243
58 0.8099489795918368 0.08085381630012936 0.02806122448979592 0.02026735661923243
7 0.5803571428571429 0.18822768434670117 0.015306122448979591 0.02457956015523933
22 0.035076530612244895 0.3037947391116861 0.019982993197278913 0.019404915912031046
106 0.07589285714285714 0.35403191030616643 0.03018707482993197 0.0215610176800345
185 0.891156462585034 0.24148339801638638 0.021258503401360544 0.02501078050884002
149 0.2070578231292517 0.18714963346269944 0.023809523809523808 0.02069857697283312
224 0.36267006802721086 0.24083656748598534 0.016156462585034014 0.01250539025442001
118 0.6428571428571429 0.1384217335058215 0.025510204081632654 0.0215610176800345
211 0.7761479591836735 0.23803363518758086 0.00977891156462585 0.019836136265631736
32 0.9011479591836735 0.21388529538594223 0.017431972789115645 0.0215610176800345
106 0.6364795918367347 0.06640793445450625 0.021258503401360544 0.019836136265631736
118 0.17814625850340135 0.18175937904269082 0.023809523809523808 0.02026735661923243
224 0.5276360544217688 0.289995687796464 0.021258503401360544 0.02199223803363519
58 0.8199404761904762 0.18283742992669255 0.02848639455782313 0.027598102630444158
22 0.8190901360544217 0.2401897369555843 0.0233843537414966 0.02328589909443726
13 0.41985544217687076 0.26067270375161705 0.019982993197278913 0.02026735661923243
13 0.08227040816326531 0.37473048727899955 0.021683673469387755 0.0215610176800345
211 0.6154336734693877 0.29452350150927126 0.01488095238095238 0.02414833980163864
200 0.6760204081632653 0.0858128503665373 0.021258503401360544 0.02328589909443726
119 0.14264455782312926 0.20396722725312635 0.019982993197278913 0.02328589909443726
7 0.5576105442176871 0.24126778783958602 0.018282312925170068 0.02544200086244071
44 0.7799744897959183 0.13109098749460973 0.0233843537414966 0.018973695558430356
200 0.15093537414965985 0.3040103492884864 0.017006802721088437 0.018973695558430356
7 0.7272534013605442 0.2923673997412678 0.021683673469387755 0.02328589909443726
119 0.6590136054421769 0.16364812419146182 0.02040816326530612 0.02457956015523933
211 0.7051445578231292 0.16278568348426045 0.00977891156462585 0.02285467874083657
119 0.1016156462585034 0.17809400603708495 0.0195578231292517 0.0215610176800345
44 0.627125850340136 0.11254851228978008 0.027210884353741496 0.02242345838723588
32 0.6721938775510204 0.1140577835273825 0.025510204081632654 0.02371711944803795
211 0.057610544217687076 0.07589478223372143 0.008928571428571428 0.014661492022423459
224 0.6175595238095238 0.240620957309185 0.017431972789115645 0.02414833980163864
7 0.3039965986394558 0.08106942647692972 0.015306122448979591 0.02328589909443726
7 0.13924319727891157 0.15696420871065114 0.0233843537414966 0.02069857697283312
13 0.07355442176870748 0.22789995687796463 0.022108843537414966 0.019404915912031046
211 0.039965986394557826 0.09767141009055627 0.015306122448979591 0.02285467874083657
99 0.14583333333333334 0.1034928848641656 0.012755102040816327 0.02069857697283312
106 0.8726615646258503 0.13497197067701597 0.027636054421768707 0.029322984044846918
106 0.7272534013605442 0.13648124191461836 0.026785714285714284 0.02544200086244071
99 0.6054421768707483 0.08602846054333764 0.017006802721088437 0.02457956015523933
211 0.8010204081632653 0.15782664941785252 0.015306122448979591 0.028460543337645538
16 0.05399659863945578 0.3281586890901251 0.02040816326530612 0.02242345838723588
224 0.6028911564625851 0.16321690383786114 0.01870748299319728 0.02112979732643381
99 0.17835884353741496 0.13346269943941355 0.01403061224489796 0.02026735661923243
22 0.022108843537414966 0.09853385079775766 0.01870748299319728 0.02371711944803795
7 0.10884353741496598 0.2516170763260026 0.015306122448979591 0.019404915912031046
176 0.036989795918367346 0.20418283742992668 0.012755102040816327 0.016817593790426907
211 0.7089710884353742 0.2688658904700302 0.011479591836734694 0.02199223803363519
211 0.8343962585034014 0.1576110392410522 0.013180272108843538 0.02544200086244071
106 0.059098639455782316 0.10176800344976283 0.025510204081632654 0.016386373436826217
22 0.8801020408163265 0.11147046140577835 0.015306122448979591 0.02457956015523933
211 0.84375 0.21410090556274256 0.008928571428571428 0.015955153083225527
160 0.18622448979591838 0.22833117723156532 0.00935374149659864 0.02371711944803795
143 0.06951530612244898 0.2033203967227253 0.01913265306122449 0.018542475204829666
224 0.8784013605442177 0.2641224665804226 0.017006802721088437 0.02285467874083657
224 0.1434948979591837 0.23134971970677015 0.017431972789115645 0.02199223803363519
149 0.8830782312925171 0.18671841310909876 0.021258503401360544 0.02414833980163864
22 0.5644132653061225 0.29021129797326434 0.01913265306122449 0.02501078050884002
200 0.6911139455782312 0.1610608020698577 0.01488095238095238 0.015955153083225527
22 0.6258503401360545 0.08710651142733937 0.02040816326530612 0.0258732212160414
118 0.37903911564625853 0.2089262613195343 0.0233843537414966 0.019404915912031046
106 0.12712585034013604 0.30444156964208713 0.027210884353741496 0.02069857697283312
224 0.1798469387755102 0.1073738680465718 0.016156462585034014 0.018111254851228976
6 0.6326530612244898 0.2401897369555843 0.016156462585034014 0.026735661923242778
211 0.6262755102040817 0.18930573523070288 0.012755102040816327 0.02242345838723588
211 0.6471088435374149 0.2147477360931436 0.01020408163265306 0.02414833980163864
7 0.6464710884353742 0.24126778783958602 0.016581632653061226 0.02457956015523933
22 0.09863945578231292 0.15653298835705046 0.013605442176870748 0.019836136265631736
99 0.6362670068027211 0.2147477360931436 0.01488095238095238 0.026735661923242778
200 0.7497874149659864 0.21733505821474774 0.018282312925170068 0.0258732212160414
99 0.3197278911564626 0.08106942647692972 0.015306122448979591 0.02328589909443726
224 0.09268707482993198 0.2535575679172057 0.017006802721088437 0.018973695558430356
211 0.6940901360544217 0.2943078913324709 0.011479591836734694 0.02544200086244071
7 0.8607568027210885 0.2652005174644243 0.025085034013605442 0.02501078050884002
7 0.28380102040816324 0.10608020698576973 0.018282312925170068 0.02328589909443726
22 0.11883503401360544 0.13195342820181113 0.017431972789115645 0.02069857697283312
32 0.2113095238095238 0.1614920224234584 0.01870748299319728 0.02544200086244071
224 0.10990646258503402 0.10478654592496765 0.019982993197278913 0.0215610176800345
106 0.5310374149659864 0.2675722294092281 0.03486394557823129 0.02199223803363519
224 0.8063350340136054 0.1328158689090125 0.017431972789115645 0.018111254851228976
160 0.5469812925170068 0.18822768434670117 0.02423469387755102 0.02457956015523933
22 0.5335884353741497 0.08365674859853385 0.0195578231292517 0.019836136265631736
