58 0.22187406744255447 0.5177980132450332 0.03849597135183527 0.03394039735099338
7 0.3361683079677708 0.5171771523178808 0.02297821545807222 0.04263245033112583
7 0.26738287078484035 0.45716059602649006 0.031035511787526112 0.04346026490066225
224 0.24709042076991944 0.7241307947019867 0.04237541032527604 0.05173841059602649
200 0.10176066845717696 0.1628725165562914 0.021486123545210387 0.026903973509933773
13 0.3161742763354223 0.6268625827814569 0.03491495076096687 0.0418046357615894
160 0.07803640704267382 0.10471854304635761 0.02178454192778275 0.030629139072847682
22 0.1183228886899433 0.21295529801324503 0.02357505222321695 0.03849337748344371
7 0.241868099074903 0.566432119205298 0.028946583109519548 0.04014900662251655
58 0.2251566696508505 0.6736341059602649 0.03968964488212474 0.03352649006622516
118 0.4610564010743062 0.30980960264900664 0.029245001492091912 0.03187086092715232
7 0.172635034318114 0.2586920529801324 0.028349746344374812 0.041390728476821195
118 0.12220232766338407 0.16100993377483444 0.028946583109519548 0.03559602649006623
211 0.7767830498358699 0.5055877483443708 0.017905102954341987 0.04759933774834437
160 0.06057893166219039 0.2189569536423841 0.026260817666368248 0.037251655629139076
44 0.4582214264398687 0.419908940397351 0.024768725753506415 0.03187086092715232
118 0.28886899433005075 0.6725993377483444 0.03222918531781558 0.037251655629139076
200 0.43718293046851686 0.31539735099337746 0.02088928678006565 0.027317880794701987
7 0.6299612056102656 0.5134519867549668 0.027454491196657715 0.04014900662251655
106 0.11996418979409132 0.06291390728476821 0.031035511787526112 0.03228476821192053
13 0.42927484333034915 0.4190811258278146 0.034318113995822144 0.03435430463576159
99 0.5555058191584602 0.4163907284768212 0.020590868397493287 0.042218543046357616
22 0.2394807520143241 0.36961920529801323 0.024171888988361683 0.03559602649006623
224 0.6080274544911967 0.46336920529801323 0.02357505222321695 0.03435430463576159
6 0.21277230677409728 0.36920529801324503 0.02685765443151298 0.0380794701986755
211 0.6160847508206505 0.31374172185430466 0.01342882721575649 0.039735099337748346
149 0.6131005669949269 0.5666390728476821 0.03372127723067741 0.043874172185430466
211 0.16592062071023575 0.42094370860927155 0.019098776484631454 0.03890728476821192
58 0.509847806624888 0.35927152317880795 0.03193076693524321 0.037251655629139076
7 0.19068934646374217 0.15914735099337748 0.026260817666368248 0.0418046357615894
7 0.4850790808713817 0.3621688741721854 0.024171888988361683 0.039735099337748346
224 0.2409728439271859 0.42115066225165565 0.024768725753506415 0.03849337748344371
106 0.18889883616830797 0.10947847682119205 0.04118173679498657 0.028559602649006623
44 0.26469710534168905 0.36817052980132453 0.027454491196657715 0.031043046357615893
22 0.21814383766039988 0.46357615894039733 0.02685765443151298 0.04470198675496689
44 0.6515965383467621 0.46212748344370863 0.022381378692927483 0.036009933774834434
149 0.11056401074306177 0.26614238410596025 0.02775290957923008 0.03642384105960265
200 0.43196060877350045 0.367135761589404 0.018203521336914354 0.027317880794701987
224 0.345270068636228 0.6786009933774835 0.019695613249776187 0.03932119205298013
118 0.286630856460758 0.5188327814569537 0.03193076693524321 0.03766556291390728
118 0.7626081766636825 0.5674668874172185 0.03968964488212474 0.042218543046357616
211 0.6308564607579827 0.40852649006622516 0.019098776484631454 0.04470198675496689
58 0.6041480155177559 0.5134519867549668 0.032527603700387944 0.030215231788079472
106 0.5650552074007759 0.46254139072847683 0.032527603700387944 0.027731788079470198
118 0.5629662787227693 0.3650662251655629 0.028946583109519548 0.03890728476821192
6 0.7394807520143241 0.507864238410596 0.028051327961802448 0.041390728476821195
7 0.08922709638913758 0.06105132450331126 0.02864816472694718 0.03187086092715232
58 0.5929573261712922 0.316432119205298 0.033422858848105044 0.03435430463576159
224 0.6308564607579827 0.4602649006622517 0.02208296031035512 0.039735099337748346
7 0.2951357803640704 0.5651903973509934 0.028051327961802448 0.04097682119205298
22 0.5647567890182035 0.31415562913907286 0.027156072814085348 0.0380794701986755
224 0.3282602208296031 0.41866721854304634 0.025663980901223515 0.03766556291390728
22 0.3143837660399881 0.5146937086092715 0.024768725753506415 0.03932119205298013
119 0.26812891674127126 0.5680877483443708 0.02954341987466428 0.03932119205298013
211 0.5981796478663086 0.2682119205298013 0.012831990450611758 0.042218543046357616
211 0.6042972247090421 0.3658940397350993 0.011339898537749925 0.0380794701986755
211 0.39033124440465533 0.36941225165562913 0.01432408236347359 0.03683774834437086
99 0.08251268278125932 0.17115066225165562 0.020590868397493287 0.03683774834437086
22 0.09086839749328558 0.320364238410596 0.026559236048940615 0.0347682119205298
13 0.6562220232766338 0.3218129139072848 0.03819755296926291 0.04097682119205298
6 0.3707848403461653 0.6773592715231788 0.027156072814085348 0.04097682119205298
200 0.21859146523425843 0.111341059602649 0.01939719486720382 0.033112582781456956
160 0.669352432109818 0.5709850993377483 0.03043867502238138 0.04594370860927152
110 0.41166815875857954 0.36837748344370863 0.024768725753506415 0.03145695364238411
119 0.170993733213966 0.06105132450331126 0.01850193971948672 0.03187086092715232
211 0.13354222620113398 0.21957781456953643 0.012831990450611758 0.03683774834437086
58 0.3245299910474485 0.46647350993377484 0.03491495076096687 0.033112582781456956
224 0.6296627872276932 0.3160182119205298 0.02208296031035512 0.03849337748344371
110 0.3586988958519845 0.7334437086092715 0.02208296031035512 0.04304635761589404
160 0.06236944195762459 0.17611754966887416 0.019098776484631454 0.0418046357615894
224 0.7053118472097881 0.40459437086092714 0.028946583109519548 0.04594370860927152
224 0.3207997612652939 0.5720198675496688 0.02685765443151298 0.04718543046357616
118 0.057147120262608174 0.2642798013245033 0.025962399283795883 0.04428807947019867
224 0.7127723067740973 0.5088990066225165 0.024171888988361683 0.03352649006622516
200 0.12085944494180842 0.10782284768211921 0.02208296031035512 0.026076158940397352
7 0.548045359594151 0.26593543046357615 0.03193076693524321 0.03518211920529801
8 0.3569083855565503 0.41804635761589404 0.029245001492091912 0.04304635761589404
7 0.20188003581020592 0.3131208609271523 0.024768725753506415 0.03849337748344371
224 0.21038495971351837 0.20902317880794702 0.025663980901223515 0.03145695364238411
13 0.1984482244106237 0.6264486754966887 0.03760071620411817 0.029387417218543047
7 0.2332139659803044 0.20985099337748345 0.024768725753506415 0.037251655629139076
118 0.18934646374216652 0.42177152317880795 0.02954341987466428 0.03559602649006623
200 0.6138466129513578 0.41225165562913907 0.01850193971948672 0.028973509933774833
32 0.26753207997612655 0.6212748344370861 0.03312444046553268 0.041390728476821195
118 0.38824231572664875 0.46668046357615894 0.02864816472694718 0.036009933774834434
185 0.5777379886601015 0.2634519867549669 0.031632348552670844 0.03766556291390728
185 0.1529394210683378 0.20985099337748345 0.028946583109519548 0.033112582781456956
118 0.4573261712921516 0.36299668874172186 0.03551178752611161 0.039735099337748346
7 0.14995523724261414 0.06436258278145696 0.018203521336914354 0.03849337748344371
176 0.6521933751119069 0.5128311258278145 0.024171888988361683 0.03642384105960265
32 0.05640107430617726 0.10865066225165564 0.02208296031035512 0.030215231788079472
106 0.0702775290957923 0.3708609271523179 0.03312444046553268 0.04304635761589404
119 0.3515368546702477 0.36320364238410596 0.02685765443151298 0.03849337748344371
22 0.588779468815279 0.361341059602649 0.02447030737093405 0.0347682119205298
13 0.052372426141450316 0.3259519867549669 0.024171888988361683 0.031043046357615893
6 0.1414503133393017 0.26531456953642385 0.03401969561324977 0.04056291390728477
44 0.1504028648164727 0.10492549668874172 0.03700387943897344 0.027731788079470198
58 0.21486123545210384 0.5666390728476821 0.03461653237839451 0.039735099337748346
149 0.18293046851686065 0.21109271523178808 0.029841838257236644 0.033112582781456956
99 0.37764846314532974 0.42611754966887416 0.02118770516263802 0.04428807947019867
200 0.21650253655625187 0.4203228476821192 0.02297821545807222 0.029387417218543047
22 0.6753207997612652 0.617135761589404 0.03461653237839451 0.03642384105960265
200 0.7294837361981498 0.570364238410596 0.036108624291256344 0.03228476821192053
58 0.2943897344076395 0.46730132450331124 0.03312444046553268 0.033112582781456956
7 0.2900626678603402 0.6158940397350994 0.02685765443151298 0.04056291390728477
58 0.29125634139062967 0.7239238410596026 0.04416592062071024 0.06374172185430464
22 0.3340793792897642 0.730546357615894 0.026559236048940615 0.04056291390728477
22 0.3210981796478663 0.6746688741721855 0.03222918531781558 0.03394039735099338
211 0.2197851387645479 0.3168460264900662 0.011638316920322292 0.04677152317880795
185 0.08385556550283498 0.26531456953642385 0.02685765443151298 0.0380794701986755
119 0.6444344971650253 0.5656043046357616 0.02954341987466428 0.0451158940397351
106 0.4874664279319606 0.3122930463576159 0.02954341987466428 0.036009933774834434
7 0.3807818561623396 0.7272350993377483 0.021486123545210387 0.042218543046357616
200 0.39823933154282304 0.4207367549668874 0.02297821545807222 0.03435430463576159
211 0.5743061772605192 0.41121688741721857 0.015816174276335422 0.03849337748344371
200 0.3734706057893166 0.3673427152317881 0.019994031632348554 0.03269867549668874
7 0.7596239928379588 0.5057947019867549 0.02297821545807222 0.0380794701986755
13 0.18830199940316322 0.46688741721854304 0.031632348552670844 0.03642384105960265
22 0.41539838854073413 0.31477649006622516 0.025067144136078783 0.031043046357615893
13 0.1565204416592062 0.16618377483443708 0.04207699194270367 0.04263245033112583
22 0.25663980901223515 0.6734271523178808 0.025067144136078783 0.03642384105960265
160 0.19979110713219933 0.2680049668874172 0.02775290957923008 0.03849337748344371
118 0.1789018203521337 0.3118791390728477 0.025962399283795883 0.036009933774834434
13 0.6797970754998508 0.6763245033112583 0.03700387943897344 0.03145695364238411
32 0.6521933751119069 0.40500827814569534 0.02357505222321695 0.03849337748344371
211 0.5874365860937034 0.46233443708609273 0.015816174276335422 0.043874172185430466
58 0.2294837361981498 0.2644867549668874 0.03760071620411817 0.030629139072847682
32 0.4565801253357207 0.26593543046357615 0.04237541032527604 0.04263245033112583
200 0.6163831692032229 0.26655629139072845 0.022381378692927483 0.0380794701986755
176 0.705162638018502 0.6239652317880795 0.03282602208296031 0.04346026490066225
185 0.5362578334825425 0.40914735099337746 0.025663980901223515 0.036009933774834434
224 0.3304983586988959 0.3615480132450331 0.01939719486720382 0.031043046357615893
99 0.09967173977917039 0.11299668874172185 0.02088928678006565 0.041390728476821195
58 0.11578633243807819 0.31912251655629137 0.02208296031035512 0.03228476821192053
22 0.18472097881229485 0.3646523178807947 0.029245001492091912 0.037251655629139076
13 0.6974037600716204 0.5751241721854304 0.03461653237839451 0.04014900662251655
185 0.09131602506714413 0.21585264900662252 0.03282602208296031 0.031043046357615893
160 0.5364070426738287 0.36403145695364236 0.025962399283795883 0.04263245033112583
149 0.2964786630856461 0.41866721854304634 0.028349746344374812 0.0418046357615894
118 0.639212175470009 0.26531456953642385 0.02267979707549985 0.042218543046357616
22 0.23455684870188004 0.6208609271523179 0.03461653237839451 0.03890728476821192
22 0.5950462548492987 0.40790562913907286 0.023276633840644583 0.03518211920529801
32 0.24589674723962995 0.31767384105960267 0.029841838257236644 0.03435430463576159
119 0.5377499253954043 0.3158112582781457 0.031035511787526112 0.03559602649006623
22 0.25544613548194567 0.5171771523178808 0.029245001492091912 0.03932119205298013
22 0.7085944494180841 0.6744619205298014 0.02775290957923008 0.04428807947019867
211 0.21128021486123547 0.16100993377483444 0.025067144136078783 0.05132450331125828
