200 0.470446735395189 0.412677304964539 0.032989690721649485 0.040780141843971635
22 0.3984536082474227 0.41134751773049644 0.03951890034364261 0.04343971631205674
99 0.4505154639175258 0.24756205673758866 0.026804123711340205 0.057180851063829786
7 0.3865979381443299 0.46852836879432624 0.041237113402061855 0.051418439716312055
118 0.2140893470790378 0.5396719858156028 0.036426116838487975 0.050975177304964536
13 0.3819587628865979 0.36148049645390073 0.04982817869415808 0.043882978723404256
7 0.14415807560137456 0.48692375886524825 0.03333333333333333 0.053634751773049646
7 0.6147766323024055 0.34397163120567376 0.026804123711340205 0.0549645390070922
7 0.42216494845360825 0.23204787234042554 0.03745704467353952 0.043882978723404256
118 0.08109965635738832 0.6595744680851063 0.041237113402061855 0.03102836879432624
211 0.17130584192439863 0.48359929078014185 0.026460481099656357 0.05585106382978723
149 0.13814432989690723 0.5500886524822695 0.056357388316151204 0.040780141843971635
224 0.7139175257731959 0.21675531914893617 0.03333333333333333 0.04964539007092199
44 0.8592783505154639 0.6050531914893617 0.04845360824742268 0.04875886524822695
7 0.5604810996563574 0.3448581560283688 0.029553264604810996 0.04698581560283688
44 0.756872852233677 0.3346631205673759 0.050515463917525774 0.0425531914893617
119 0.7790378006872852 0.6074911347517731 0.03367697594501718 0.07136524822695035
211 0.4881443298969072 0.17154255319148937 0.021649484536082474 0.04875886524822695
76 0.2948453608247423 0.3065159574468085 0.027491408934707903 0.06604609929078015
118 0.4438144329896907 0.3512854609929078 0.03745704467353952 0.04565602836879433
160 0.684020618556701 0.3459663120567376 0.03402061855670103 0.05274822695035461
149 0.3223367697594502 0.24578900709219859 0.03436426116838488 0.03856382978723404
224 0.3584192439862543 0.24379432624113476 0.0288659793814433 0.0425531914893617
22 0.2831615120274914 0.5325797872340425 0.037800687285223365 0.03856382978723404
7 0.050515463917525774 0.5547429078014184 0.04879725085910653 0.04210992907801418
200 0.3199312714776632 0.4729609929078014 0.03573883161512027 0.04698581560283688
99 0.21443298969072164 0.5986258865248227 0.027491408934707903 0.043882978723404256
7 0.4754295532646048 0.29144503546099293 0.0443298969072165 0.043882978723404256
32 0.8199312714776632 0.6023936170212766 0.03505154639175258 0.05673758865248227
22 0.11134020618556702 0.6068262411347518 0.036426116838487975 0.0398936170212766
149 0.4061855670103093 0.300531914893617 0.041237113402061855 0.041666666666666664
32 0.2639175257731959 0.4137854609929078 0.03436426116838488 0.04476950354609929
99 0.3324742268041237 0.1879432624113475 0.031958762886597936 0.0549645390070922
22 0.3472508591065292 0.362145390070922 0.03676975945017182 0.0425531914893617
160 0.3627147766323024 0.1870567375886525 0.03127147766323024 0.04964539007092199
106 0.09948453608247422 0.49157801418439717 0.05120274914089347 0.05230496453900709
32 0.590893470790378 0.3390957446808511 0.035395189003436425 0.047872340425531915
224 0.5403780068728522 0.24046985815602837 0.025085910652920963 0.03856382978723404
13 0.29896907216494845 0.41511524822695034 0.04673539518900344 0.04565602836879433
13 0.7168384879725086 0.33865248226950356 0.03161512027491409 0.03900709219858156
211 0.6369415807560137 0.34352836879432624 0.014776632302405498 0.04964539007092199
16 0.5036082474226804 0.41312056737588654 0.03333333333333333 0.047872340425531915
160 0.6202749140893471 0.22318262411347517 0.03505154639175258 0.060726950354609927
76 0.3917525773195876 0.18528368794326242 0.03917525773195876 0.07801418439716312
160 0.05274914089347079 0.5004432624113475 0.0415807560137457 0.03900709219858156
118 0.1493127147766323 0.600177304964539 0.04501718213058419 0.044326241134751775
118 0.5831615120274914 0.2327127659574468 0.03848797250859107 0.04875886524822695
22 0.5139175257731958 0.23714539007092197 0.03127147766323024 0.04964539007092199
7 0.6548109965635739 0.34197695035460995 0.027147766323024056 0.050975177304964536
76 0.50893470790378 0.3517287234042553 0.0288659793814433 0.06515957446808511
149 0.2443298969072165 0.5961879432624113 0.03436426116838488 0.05053191489361702
7 0.3319587628865979 0.29809397163120566 0.02611683848797251 0.05274822695035461
224 0.08075601374570447 0.6103723404255319 0.0288659793814433 0.044326241134751775
224 0.4699312714776632 0.17597517730496454 0.027147766323024056 0.03546099290780142
6 0.3647766323024055 0.41068262411347517 0.03333333333333333 0.04831560283687943
99 0.5400343642611684 0.3617021276595745 0.023711340206185566 0.05585106382978723
211 0.5572164948453608 0.23448581560283688 0.02027491408934708 0.04698581560283688
119 0.43969072164948453 0.2974290780141844 0.030584192439862542 0.041666666666666664
32 0.12560137457044673 0.657136524822695 0.0443298969072165 0.03235815602836879
149 0.04793814432989691 0.6183510638297872 0.03814432989690722 0.03900709219858156
44 0.7489690721649485 0.3854166666666667 0.05257731958762887 0.03856382978723404
58 0.3649484536082474 0.3016400709219858 0.04742268041237113 0.03590425531914894
13 0.08883161512027492 0.5531914893617021 0.04501718213058419 0.03900709219858156
149 0.42972508591065295 0.17841312056737588 0.03127147766323024 0.057180851063829786
7 0.18900343642611683 0.5939716312056738 0.03505154639175258 0.04875886524822695
200 0.4137457044673539 0.3594858156028369 0.0288659793814433 0.041666666666666664
185 0.35051546391752575 0.46742021276595747 0.03573883161512027 0.05186170212765957
211 0.27714776632302407 0.35638297872340424 0.035395189003436425 0.054078014184397165
7 0.2833333333333333 0.46697695035460995 0.042268041237113405 0.050975177304964536
118 0.43402061855670104 0.40935283687943264 0.04192439862542955 0.047429078014184396
211 0.2766323024054983 0.59552304964539 0.028178694158075602 0.05806737588652482
13 0.3936426116838488 0.24335106382978725 0.0429553264604811 0.03546099290780142
211 0.29089347079037803 0.2557624113475177 0.01752577319587629 0.044326241134751775
7 0.33230240549828177 0.40935283687943264 0.03436426116838488 0.047429078014184396
211 0.31529209621993126 0.306072695035461 0.015463917525773196 0.04654255319148936
76 0.48350515463917526 0.23692375886524822 0.041237113402061855 0.07579787234042554
200 0.4845360824742268 0.3484042553191489 0.030240549828178694 0.04343971631205674
143 0.3106529209621993 0.3636968085106383 0.036426116838487975 0.037677304964539006
