13 0.6634948096885813 0.2013274336283186 0.14359861591695502 0.1504424778761062
76 0.20674740484429066 0.7522123893805309 0.1643598615916955 0.3274336283185841
106 0.16176470588235295 0.49004424778761063 0.16089965397923875 0.1261061946902655
224 0.08737024221453288 0.7643805309734514 0.10207612456747404 0.1747787610619469
22 0.6461937716262975 0.4170353982300885 0.16782006920415224 0.16592920353982302
211 0.3416955017301038 0.461283185840708 0.06747404844290658 0.19247787610619468
22 0.43771626297577854 0.19911504424778761 0.11418685121107267 0.13274336283185842
149 0.36505190311418684 0.7245575221238938 0.16262975778546712 0.18805309734513273
58 0.4671280276816609 0.4491150442477876 0.2041522491349481 0.1415929203539823
200 0.2759515570934256 0.4889380530973451 0.09515570934256055 0.1415929203539823
119 0.5155709342560554 0.7245575221238938 0.15916955017301038 0.21902654867256638
99 0.8814878892733564 0.20575221238938052 0.10207612456747404 0.17699115044247787
118 0.773356401384083 0.4004424778761062 0.16262975778546712 0.168141592920354
200 0.7802768166089965 0.2013274336283186 0.10726643598615918 0.1504424778761062
224 0.5415224913494809 0.19469026548672566 0.11418685121107267 0.1504424778761062
