118 0.8701521845851743 0.4489300683873814 0.04958271968581247 0.022060445621001543
22 0.6732940598919981 0.385726891683212 0.043691703485517916 0.024045885726891682
13 0.6416298478154149 0.5368409441870726 0.07265586647029947 0.024487094639311716
106 0.8652430044182622 0.22810500772115597 0.05940108001963672 0.020295609971321422
149 0.8097692685321551 0.3868299139642621 0.05154639175257732 0.024928303551731746
224 0.8748159057437408 0.19777189499227885 0.04025527736867943 0.02316346790205162
22 0.5989199803632793 0.7075887932936246 0.057928325969563085 0.0213986322523715
44 0.6602847324496809 0.31921464813589234 0.07265586647029947 0.020295609971321422
224 0.7832596956308296 0.29230090447827045 0.041728031418753066 0.02514890800794176
44 0.7032400589101621 0.5661813368630046 0.05940108001963672 0.01786896095301125
211 0.7096219931271478 0.3871608206485771 0.030927835051546393 0.021619236708581513
7 0.663966617574865 0.4740789763953232 0.06136475208640157 0.0242664901831017
7 0.5019636720667648 0.28623428193249506 0.047619047619047616 0.027134348113831898
211 0.7056946489936181 0.16412971542025148 0.027000490918016692 0.02470769909552173
200 0.538046146293569 0.5338627840282374 0.03436426116838488 0.021619236708581513
22 0.47839960726558667 0.8727112287668211 0.050564555719194895 0.022060445621001543
211 0.6627393225331369 0.29086697551290536 0.03240058910162003 0.024045885726891682
13 0.49803632793323516 0.38109419810280165 0.07511045655375552 0.020957423339951466
76 0.8424153166421208 0.6034634899624972 0.06087383406971036 0.04257666004853298
8 0.47569955817378495 0.7634017207147584 0.044182621502209134 0.027134348113831898
149 0.6556210112911144 0.22479594087800572 0.05154639175257732 0.02470769909552173
119 0.48379970544919 0.7975954114273108 0.062346588119784 0.02316346790205162
211 0.5972017673048601 0.19523494374586367 0.031909671084928815 0.022942863445841608
13 0.4877270495827197 0.5039708802117803 0.06431026018654884 0.025369512464151776
118 0.6595483554246441 0.44363556143834104 0.06136475208640157 0.0242664901831017
58 0.6060382916053019 0.16368850650783145 0.06725576828669612 0.022501654533421574
200 0.5571919489445263 0.25799691153761306 0.037309769268532154 0.018751378777851314
22 0.8247422680412371 0.5048532980366204 0.054000981836033385 0.019192587690271344
185 0.6674030436917034 0.3504301786896095 0.050564555719194895 0.024487094639311716
168 0.5989199803632793 0.50132362673726 0.059891998036327936 0.03242885506287227
22 0.5039273441335297 0.22369291859695567 0.047619047619047616 0.021178027796161483
118 0.6084928816887579 0.3510919920582396 0.06823760432007854 0.02316346790205162
7 0.8087874324987727 0.2585484226781381 0.042709867452135494 0.0242664901831017
224 0.7218949435444281 0.22755349658063093 0.05154639175257732 0.024487094639311716
224 0.5569464899361807 0.6470328700639753 0.048600883652430045 0.019413192146481358
185 0.7695139911634757 0.5057357158614604 0.054491899852724596 0.020516214427531435
13 0.5807560137457045 0.8260533862784029 0.050073637702503684 0.019633796602691374
106 0.8296514482081493 0.47926318111625854 0.08640157093765341 0.024045885726891682
7 0.5930289641629848 0.442642841385396 0.051055473735886106 0.024045885726891682
200 0.803632793323515 0.19755129053606882 0.041237113402061855 0.020075005515111405
6 0.6013745704467354 0.2244650341936907 0.054000981836033385 0.0213986322523715
200 0.498772704958272 0.16379880873593647 0.051055473735886106 0.018751378777851314
7 0.48723613156602846 0.442863445841606 0.062346588119784 0.025810721376571807
44 0.5837015218458518 0.5913302448709464 0.061855670103092786 0.018751378777851314
7 0.48306332842415317 0.8225237149790425 0.045164457535591555 0.026693139201411867
13 0.47766323024054985 0.5875799691153761 0.07069219440353461 0.01698654312817119
6 0.5454099165439371 0.44319435252592104 0.047128129602356406 0.021178027796161483
224 0.5294550810014728 0.5633134789322745 0.05154639175257732 0.020516214427531435
224 0.8097692685321551 0.1301566291639091 0.035837015218458515 0.03176704169424222
200 0.5603829160530192 0.1957864548863887 0.037800687285223365 0.020957423339951466
110 0.8286696121747669 0.4179351422898743 0.041237113402061855 0.020957423339951466
58 0.8485517918507609 0.1657842488418266 0.06725576828669612 0.02316346790205162
224 0.7211585665193913 0.32241341275093754 0.044182621502209134 0.020957423339951466
58 0.8075601374570447 0.5368409441870726 0.06480117820324006 0.019192587690271344
211 0.5471281296023565 0.31888374145157733 0.029945999018163968 0.029340392675932053
149 0.4803632793323515 0.7070372821530995 0.058419243986254296 0.023384072358261638
13 0.5044182621502209 0.1957864548863887 0.0662739322533137 0.02316346790205162
119 0.5461462935689739 0.22358261636885066 0.043691703485517916 0.02272225898963159
224 0.6283750613647521 0.19523494374586367 0.035346097201767304 0.022060445621001543
119 0.569219440353461 0.1257445400397088 0.044673539518900345 0.028237370394881976
185 0.540500736377025 0.7069269799249945 0.061855670103092786 0.02183984116479153
211 0.6325478645066274 0.6789102139863226 0.029945999018163968 0.024487094639311716
185 0.6180657830142366 0.386057798367527 0.057928325969563085 0.023384072358261638
22 0.7022582228767795 0.6238694021619237 0.045655375552282766 0.02470769909552173
160 0.5419734904270986 0.16390911096404148 0.047128129602356406 0.026031325832781824
185 0.6450662739322534 0.6215530553717185 0.053019145802650956 0.024928303551731746
22 0.7680412371134021 0.22678138098389589 0.042709867452135494 0.021178027796161483
106 0.5849288168875798 0.5636443856165895 0.05940108001963672 0.020736818883741452
22 0.6718213058419243 0.16291639091109641 0.044673539518900345 0.02360467681447165
119 0.6195385370643103 0.1301566291639091 0.05891016200294551 0.026472534745201854
110 0.5893470790378007 0.2898742554599603 0.045655375552282766 0.022060445621001543
7 0.49410898379970547 0.471983234061328 0.06332842415316642 0.024487094639311716
32 0.7803141875306824 0.3252812706816678 0.048600883652430045 0.025810721376571807
119 0.7560137457044673 0.19589675711449372 0.055964653902798235 0.022942863445841608
211 0.7741777123220422 0.1315905581292742 0.031418753068237604 0.030222810500772114
143 0.5883652430044183 0.7981469225678358 0.052528227785959745 0.022501654533421574
149 0.4808541973490427 0.8492168541804545 0.050564555719194895 0.02183984116479153
99 0.5434462444771723 0.29053606882859034 0.03436426116838488 0.026031325832781824
13 0.49116347569955815 0.5341936907125524 0.06332842415316642 0.0213986322523715
13 0.7307314678448699 0.1331347893227443 0.0662739322533137 0.027134348113831898
176 0.47496318114874814 0.6770350761085374 0.06529209621993128 0.02470769909552173
13 0.501227295041728 0.35230531656739467 0.08247422680412371 0.020295609971321422
200 0.48134511536573393 0.5625413633355394 0.048600883652430045 0.018530774321641297
22 0.6273932253313697 0.28943304654754026 0.04221894943544428 0.020736818883741452
58 0.5385370643102602 0.7370394881976616 0.07069219440353461 0.021178027796161483
106 0.6678939617083947 0.6789102139863226 0.052528227785959745 0.02228105007721156
32 0.7668139420716741 0.25656298257224797 0.055964653902798235 0.01985440105890139
118 0.6440844378988709 0.2586587249062431 0.054000981836033385 0.02360467681447165
149 0.5770741286205203 0.4116479152878888 0.043691703485517916 0.023384072358261638
58 0.7771232204221895 0.3540701522170748 0.06381934216985763 0.018971983234061327
200 0.5527736867943054 0.3532980366203397 0.039273441335297005 0.02183984116479153
7 0.5385370643102602 0.7990293403926759 0.048109965635738834 0.022942863445841608
224 0.7908689248895434 0.16523273770130156 0.046146293568973984 0.022060445621001543
13 0.7677957781050565 0.4479373483344364 0.051055473735886106 0.020075005515111405
224 0.7410407461953854 0.4184866534303993 0.039764359351988215 0.01985440105890139
110 0.7140402552773687 0.47672622986984337 0.038782523318605794 0.017207147584381206
160 0.5949926362297496 0.257114493712773 0.044182621502209134 0.026693139201411867
118 0.4786450662739323 0.6173615707037282 0.061855670103092786 0.024045885726891682
7 0.5162002945508101 0.12221486874034855 0.056455571919489446 0.032208250606662256
99 0.5999018163966617 0.6797926318111626 0.035346097201767304 0.024045885726891682
118 0.592292587137948 0.31910434590778736 0.050564555719194895 0.024045885726891682
119 0.7061855670103093 0.19534524597396868 0.045655375552282766 0.02360467681447165
76 0.615365733922435 0.6511140525038606 0.05940108001963672 0.03507610853739246
160 0.7395679921453118 0.29075667328480037 0.045655375552282766 0.022942863445841608
7 0.6681394207167403 0.6485771012574454 0.04221894943544428 0.02559011692036179
149 0.7140402552773687 0.3544010589013898 0.047619047619047616 0.026251930288991837
44 0.4894452626411389 0.6494595190822855 0.07265586647029947 0.017648356496801236
160 0.53240058910162 0.827928524156188 0.047619047619047616 0.027354952570041915
119 0.604074619538537 0.4740789763953232 0.06332842415316642 0.02382528127068167
211 0.8384879725085911 0.1983234061328039 0.03240058910162003 0.02514890800794176
160 0.5819833087874325 0.5351864107654974 0.052528227785959745 0.022942863445841608
118 0.8610702012763869 0.25777630708140303 0.053019145802650956 0.02228105007721156
6 0.5930289641629848 0.7653871608206486 0.047128129602356406 0.026693139201411867
211 0.5532646048109966 0.7637326273990734 0.031418753068237604 0.026031325832781824
224 0.6379479626902307 0.5928744760644165 0.041728031418753066 0.019633796602691374
110 0.5095729013254786 0.32164129715420253 0.054000981836033385 0.021178027796161483
7 0.8554246440844379 0.5380542686962276 0.039764359351988215 0.022942863445841608
22 0.6941580756013745 0.41506728435914403 0.050073637702503684 0.02228105007721156
22 0.5284732449680903 0.6774762850209575 0.045655375552282766 0.02514890800794176
58 0.5103092783505154 0.4108757996911538 0.07314678448699068 0.028457974851091992
22 0.6799214531173294 0.13092874476064417 0.06578301423662249 0.029340392675932053
99 0.520618556701031 0.7649459519082286 0.038782523318605794 0.024928303551731746
160 0.5527736867943054 0.5024266490183101 0.053019145802650956 0.020075005515111405
22 0.7042218949435445 0.2564526803441429 0.0662739322533137 0.02316346790205162
200 0.6978399607265586 0.29086697551290536 0.043691703485517916 0.01786896095301125
119 0.553019145802651 0.47231414074564304 0.060382916053019146 0.02514890800794176
224 0.8119783996072656 0.22689168321200087 0.041237113402061855 0.02316346790205162
22 0.832351497299951 0.29086697551290536 0.060382916053019146 0.02183984116479153
160 0.5326460481099656 0.6192367085815134 0.051055473735886106 0.02559011692036179
200 0.6512027491408935 0.5043017868960953 0.044673539518900345 0.01985440105890139
211 0.6195385370643103 0.8241782484006177 0.03043691703485518 0.028237370394881976
118 0.7093765341188022 0.5022060445621002 0.06283750613647521 0.03198764615045224
118 0.7486499754540992 0.5355173174498125 0.048109965635738834 0.020957423339951466
22 0.8480608738340697 0.1301566291639091 0.038782523318605794 0.02956099713214207
22 0.47619047619047616 0.7358261636885065 0.05694648993618066 0.020075005515111405
44 0.8178694158075601 0.44815795279064635 0.057928325969563085 0.02183984116479153
160 0.7815414825724104 0.41771453783366425 0.054000981836033385 0.02316346790205162
200 0.7025036818851251 0.5382748731524377 0.047128129602356406 0.020736818883741452
118 0.5859106529209622 0.6206706375468785 0.052528227785959745 0.024928303551731746
44 0.8902798232695139 0.13225237149790425 0.044673539518900345 0.027134348113831898
99 0.5351006381934217 0.5918817560114714 0.04025527736867943 0.0242664901831017
13 0.6170839469808542 0.41385395984998896 0.046146293568973984 0.01985440105890139
7 0.6691212567501227 0.1956761526582837 0.046146293568973984 0.02382528127068167
13 0.501227295041728 0.2578866093095081 0.07069219440353461 0.02382528127068167
7 0.741286205203731 0.16313699536730641 0.049091801669121256 0.026693139201411867
211 0.56480117820324 0.6782484006176924 0.031909671084928815 0.02228105007721156
185 0.7547864506627393 0.3871608206485771 0.06136475208640157 0.02382528127068167
58 0.7206676485027 0.6546437238032208 0.048109965635738834 0.026251930288991837
7 0.7164948453608248 0.44705493050959627 0.05154639175257732 0.024487094639311716
22 0.7653411880216003 0.4755129053606883 0.04025527736867943 0.01698654312817119
7 0.9035346097201767 0.16600485329803663 0.042709867452135494 0.024928303551731746
