149 0.6597408400357462 0.3484775253745771 0.039767649687220734 0.04833252779120348
211 0.8592493297587132 0.22812953117448043 0.02680965147453083 0.059932334461092314
211 0.10366398570151922 0.07515708071532141 0.040214477211796246 0.03528274528757854
200 0.4052725647899911 0.458434026099565 0.0420017873100983 0.0430159497341711
211 0.6324843610366399 0.34871918801353313 0.01742627345844504 0.049782503624939585
22 0.29267202859696156 0.13436442725954567 0.04289544235924933 0.04349927501208313
7 0.4434763181411975 0.402368293861769 0.02993744414655943 0.04398260028999516
224 0.34964253798033956 0.21290478492025133 0.050491510277033066 0.04398260028999516
110 0.6481233243967829 0.471725471242146 0.050491510277033066 0.04929917834702755
185 0.28865058087578194 0.2622039632672789 0.05719392314566577 0.055582406959884
7 0.8996872207327972 0.4207346544224263 0.0388739946380697 0.0652489125181247
118 0.5227882037533512 0.33977767037216045 0.04825737265415549 0.05026582890285162
224 0.08847184986595175 0.18728854519091348 0.050044682752457555 0.05461575640405993
58 0.409964253798034 0.4043015949734171 0.06657730116175156 0.04204929917834703
160 0.13605898123324398 0.2595456742387627 0.04781054512957998 0.053165780570323826
200 0.1032171581769437 0.45045915901401645 0.05183199285075961 0.059932334461092314
118 0.4765415549597855 0.33518608023199614 0.04781054512957998 0.045915901401643304
119 0.24396782841823056 0.13098115031416144 0.05093833780160858 0.04253262445625906
22 0.811662198391421 0.14765587240212663 0.05138516532618409 0.053649105848235866
149 0.5055853440571939 0.277670372160464 0.05317247542448615 0.049782503624939585
185 0.1836461126005362 0.25930401159980665 0.045576407506702415 0.05268245529241179
106 0.14030384271671134 0.12252295795070083 0.0679177837354781 0.039149347510874816
58 0.36193029490616624 0.458192363460609 0.05719392314566577 0.039632672788786856
160 0.6682305630026809 0.22257129047849203 0.03708668453976765 0.06041565973900435
224 0.8764521894548705 0.2986950217496375 0.03708668453976765 0.04156597390043499
185 0.34986595174262736 0.3958434026099565 0.05451295799821269 0.0666988883518608
200 0.5348525469168901 0.2249879168680522 0.040214477211796246 0.0430159497341711
106 0.13918677390527256 0.3221362977283712 0.06300268096514745 0.0430159497341711
200 0.7484361036639857 0.4221846302561624 0.03395889186773905 0.04688255195746738
7 0.1633154602323503 0.39391010149830835 0.058534405719392314 0.04349927501208313
211 0.18029490616621985 0.20227162880618657 0.023681858802502235 0.05751570807153214
58 0.5728328865058088 0.2820202996616723 0.06523681858802502 0.041082648622522956
7 0.2622877569258266 0.20468825519574674 0.03932082216264522 0.055582406959884
13 0.3033958891867739 0.3985016916384727 0.043789097408400354 0.05074915418076365
22 0.6291331546023236 0.4059932334461092 0.040214477211796246 0.04543257612373127
7 0.7926720285969616 0.47438376027066215 0.045576407506702415 0.049782503624939585
119 0.5402144772117963 0.4052682455292412 0.043789097408400354 0.045915901401643304
224 0.23257372654155495 0.4601256645722571 0.039767649687220734 0.04833252779120348
118 0.7908847184986595 0.416626389560174 0.045576407506702415 0.05896568390526825
211 0.47117962466487934 0.40212663122281295 0.027256478999106343 0.044465925567907204
22 0.6411974977658623 0.2791203479942001 0.04289544235924933 0.0430159497341711
22 0.8045129579982127 0.2890285161913968 0.034405719392314564 0.04349927501208313
200 0.38605898123324395 0.1404059932334461 0.041108132260947276 0.04881585306911552
118 0.7703306523681859 0.34799420009666504 0.05361930294906166 0.05123247945867569
7 0.5958445040214477 0.1597390043499275 0.036193029490616625 0.06234896085065249
176 0.6382931188561215 0.16046399226679556 0.04870420017873101 0.04833252779120348
211 0.7167113494191242 0.471967133881102 0.020554066130473638 0.04398260028999516
224 0.14901697944593387 0.45867568873852105 0.03798033958891868 0.04253262445625906
200 0.6228775692582663 0.22402126631222813 0.03842716711349419 0.047849202513291444
7 0.3022788203753351 0.20517158047365877 0.04870420017873101 0.053649105848235866
22 0.5714924039320822 0.33929434509424844 0.045576407506702415 0.04639922667955534
149 0.08646112600536193 0.12469792170130498 0.050491510277033066 0.03866602223296278
106 0.8255138516532619 0.23102948284195263 0.04602323503127793 0.061865635572740454
176 0.7055406613047364 0.42097631706138233 0.050044682752457555 0.05219913001449976
13 0.8424932975871313 0.48670855485741904 0.05674709562109026 0.04736587723537941
106 0.701295799821269 0.28878685355244077 0.0773011617515639 0.041082648622522956
13 0.8507596067917784 0.42677622039632673 0.06255585344057193 0.05123247945867569
22 0.3145665773011618 0.3223779603673272 0.044682752457551385 0.044465925567907204
224 0.546916890080429 0.4664088931851136 0.03663985701519214 0.04059932334461092
118 0.7468722073279714 0.4734171097148381 0.04602323503127793 0.05074915418076365
32 0.7144772117962467 0.2288545190913485 0.044682752457551385 0.05461575640405993
7 0.5037980339588919 0.4064765587240213 0.035299374441465595 0.04059932334461092
176 0.3972296693476318 0.2141130981150314 0.05093833780160858 0.04929917834702755
22 0.6668900804289544 0.4093765103914935 0.03798033958891868 0.044465925567907204
118 0.2079982126899017 0.3994683421942968 0.054066130473637175 0.0430159497341711
13 0.1389633601429848 0.20734654422426294 0.07059874888293119 0.04543257612373127
224 0.2256478999106345 0.32817786370227164 0.03842716711349419 0.04253262445625906
22 0.19057193923145666 0.45795070082165296 0.050491510277033066 0.045915901401643304
118 0.4407953529937444 0.27235379410343163 0.05227882037533512 0.05268245529241179
224 0.6085790884718498 0.34654422426292897 0.03306523681858802 0.053165780570323826
58 0.3914209115281501 0.2694538424359594 0.05630026809651475 0.051715804736587725
58 0.9168900804289544 0.49202513291445144 0.03485254691689008 0.053165780570323826
118 0.37980339588918677 0.3279362010633156 0.044682752457551385 0.05268245529241179
118 0.21894548704200179 0.20372160463992267 0.05719392314566577 0.045915901401643304
185 0.4700625558534406 0.45674238762687286 0.050044682752457555 0.04253262445625906
22 0.5927167113494192 0.46616723054615755 0.059428060768543345 0.04204929917834703
211 0.9005808757819481 0.29942000966650556 0.02546916890080429 0.058482358627356214
22 0.44235924932975873 0.2124214596423393 0.043789097408400354 0.051715804736587725
22 0.43386952636282394 0.33566940550990815 0.040214477211796246 0.05268245529241179
119 0.44727435210008937 0.07829869502174963 0.05719392314566577 0.05123247945867569
211 0.43498659517426275 0.4596423392943451 0.02546916890080429 0.04929917834702755
211 0.7287756925826631 0.34678588690188494 0.024128686327077747 0.04494925084581924
58 0.10366398570151922 0.3941517641372644 0.05719392314566577 0.05074915418076365
200 0.8876228775692583 0.4888835186080232 0.03708668453976765 0.04688255195746738
7 0.34137622877569257 0.2651039149347511 0.04825737265415549 0.051715804736587725
224 0.8407059874888293 0.2960367327211213 0.035299374441465595 0.04204929917834703
200 0.08757819481680071 0.2578540357660706 0.04647006255585344 0.053649105848235866
58 0.5498212689901698 0.1636056065732238 0.04781054512957998 0.05461575640405993
211 0.26720285969615726 0.46326727887868535 0.03038427167113494 0.05268245529241179
22 0.7703306523681859 0.22957950700821653 0.050044682752457555 0.053165780570323826
7 0.19012511170688115 0.3247945867568874 0.04334226988382484 0.04929917834702755
22 0.2613941018766756 0.39801836636056065 0.041108132260947276 0.04688255195746738
22 0.3185880250223414 0.45674238762687286 0.03932082216264522 0.04833252779120348
13 0.45777479892761397 0.14378927017883036 0.04781054512957998 0.051715804736587725
22 0.7625111706881144 0.2849202513291445 0.04781054512957998 0.04398260028999516
22 0.8958891867739053 0.2261962300628323 0.050044682752457555 0.05606573223779604
211 0.41823056300268097 0.1375060415659739 0.03127792672028597 0.06331561140647655
110 0.5848972296693477 0.4069598840019333 0.04825737265415549 0.04349927501208313
200 0.1923592493297587 0.1266312228129531 0.0451295799821269 0.04349927501208313
149 0.23369079535299375 0.2609956500724988 0.05272564789991063 0.05026582890285162
22 0.09316353887399464 0.318994683421943 0.04244861483467382 0.04253262445625906
22 0.6939231456657731 0.4712421459642339 0.045576407506702415 0.04349927501208313
176 0.2707774798927614 0.3284195263412276 0.05361930294906166 0.04881585306911552
118 0.5815460232350312 0.2237796036732721 0.050491510277033066 0.04929917834702755
