200 0.3296440972222222 0.46158213474640425 0.029947916666666668 0.032929598788796366
224 0.5993923611111112 0.514004542013626 0.03819444444444445 0.03860711582134747
118 0.3663194444444444 0.4112414837244512 0.04774305555555555 0.043527630582891746
44 0.3519965277777778 0.3143451930355791 0.0546875 0.032929598788796366
22 0.6104600694444444 0.5628311884935655 0.045572916666666664 0.0408781226343679
224 0.4498697916666667 0.4133232399697199 0.039496527777777776 0.03785011355034065
7 0.2593315972222222 0.21990915972747918 0.047309027777777776 0.036336109008327025
99 0.23763020833333334 0.12490537471612415 0.028211805555555556 0.04314912944738834
106 0.3661024305555556 0.07361847085541257 0.04123263888888889 0.03520060560181681
119 0.3530815972222222 0.3593868281604845 0.04383680555555555 0.03595760787282362
118 0.4333767361111111 0.35976532929598787 0.046440972222222224 0.03898561695685087
22 0.4539930555555556 0.46442089326267977 0.041666666666666664 0.0348221044663134
7 0.6351996527777778 0.5198713096139288 0.031684027777777776 0.043527630582891746
7 0.4099392361111111 0.41010598031794093 0.040364583333333336 0.03898561695685087
160 0.4774305555555556 0.5179788039364118 0.04079861111111111 0.04125662376987131
149 0.20616319444444445 0.17032551097653292 0.041666666666666664 0.03785011355034065
106 0.14952256944444445 0.12471612414837245 0.06032986111111111 0.029901589704769114
118 0.4954427083333333 0.4634746404239213 0.046440972222222224 0.032929598788796366
44 0.3196614583333333 0.4121877365632097 0.05251736111111111 0.0348221044663134
13 0.2947048611111111 0.46271763815291445 0.05295138888888889 0.03747161241483724
7 0.1812065972222222 0.22123391370174111 0.045572916666666664 0.03595760787282362
7 0.2482638888888889 0.3646858440575322 0.044270833333333336 0.04125662376987131
7 0.095703125 0.16748675246025738 0.03342013888888889 0.038228614685844056
13 0.1560329861111111 0.2717638152914459 0.05685763888888889 0.033308099924299776
13 0.13216145833333334 0.2261544284632854 0.06380208333333333 0.03898561695685087
7 0.3213975694444444 0.35957607872823616 0.039496527777777776 0.031037093111279335
106 0.2682291666666667 0.31699470098410293 0.06510416666666667 0.038228614685844056
119 0.130859375 0.16578349735049205 0.046440972222222224 0.036336109008327025
119 0.2165798611111111 0.21971990915972747 0.04513888888888889 0.03671461014383043
13 0.3973524305555556 0.3109386828160485 0.04383680555555555 0.03217259651778955
200 0.2901475694444444 0.17032551097653292 0.032552083333333336 0.0348221044663134
211 0.4251302083333333 0.5588569265707797 0.03689236111111111 0.043527630582891746
143 0.498046875 0.5651021953065859 0.04904513888888889 0.04012112036336109
7 0.2573784722222222 0.07399697199091597 0.044270833333333336 0.03595760787282362
44 0.3200954861111111 0.11903860711582134 0.053385416666666664 0.03217259651778955
118 0.3665364583333333 0.11771385314155942 0.04383680555555555 0.036336109008327025
224 0.3480902777777778 0.16824375473126418 0.035590277777777776 0.029901589704769114
200 0.3324652777777778 0.07380772142316427 0.03298611111111111 0.03179409538228615
7 0.22352430555555555 0.3128311884935655 0.042534722222222224 0.03595760787282362
160 0.5355902777777778 0.5683194549583649 0.04513888888888889 0.0404996214988645
211 0.3728298611111111 0.16900075700227102 0.019965277777777776 0.042013626040878126
200 0.2934027777777778 0.22199091597274792 0.034722222222222224 0.02838758516275549
22 0.1091579861111111 0.26381529144587434 0.03602430555555555 0.04239212717638153
118 0.3578559027777778 0.26514004542013625 0.04991319444444445 0.042013626040878126
7 0.3910590277777778 0.511544284632854 0.042534722222222224 0.0404996214988645
22 0.2738715277777778 0.12055261165783497 0.046875 0.034443603330809994
58 0.267578125 0.41635124905374715 0.05251736111111111 0.025738077214231644
118 0.2530381944444444 0.26949280847842544 0.052083333333333336 0.03860711582134747
13 0.43359375 0.5158970476911431 0.05642361111111111 0.03557910673732021
22 0.3111979166666667 0.26476154428463283 0.052083333333333336 0.038228614685844056
7 0.3943142361111111 0.3620363361090083 0.04383680555555555 0.03671461014383043
211 0.3205295138888889 0.5105980317940954 0.037760416666666664 0.04617713853141559
200 0.5729166666666666 0.5715367146101439 0.03125 0.03860711582134747
185 0.3524305555555556 0.5109765329295988 0.043402777777777776 0.04239212717638153
200 0.4568142361111111 0.5651021953065859 0.032552083333333336 0.03406510219530658
22 0.08658854166666667 0.2210446631339894 0.04470486111111111 0.03860711582134747
99 0.3116319444444444 0.32248296744890237 0.033854166666666664 0.04920514761544285
176 0.5067274305555556 0.5170325510976533 0.04123263888888889 0.03785011355034065
58 0.4079861111111111 0.463663890991673 0.057291666666666664 0.03406510219530658
211 0.3166232638888889 0.16616199848599547 0.029947916666666668 0.04314912944738834
106 0.4001736111111111 0.1216881150643452 0.03211805555555555 0.04277062831188493
118 0.6536458333333334 0.5660484481453444 0.04513888888888889 0.039742619227857684
224 0.09027777777777778 0.12358062074186223 0.035590277777777776 0.0404996214988645
13 0.2827690972222222 0.36241483724451173 0.048177083333333336 0.03595760787282362
22 0.20030381944444445 0.1216881150643452 0.038628472222222224 0.03217259651778955
118 0.3333333333333333 0.21763815291445873 0.04774305555555555 0.03255109765329296
119 0.166015625 0.16672975018925057 0.04210069444444445 0.03671461014383043
224 0.369140625 0.46233913701741103 0.03689236111111111 0.032929598788796366
99 0.0625 0.17884178652535956 0.036458333333333336 0.045041635124905374
149 0.2026909722222222 0.2685465556396669 0.041666666666666664 0.03595760787282362
22 0.3797743055555556 0.5630204390613172 0.042534722222222224 0.03595760787282362
7 0.375 0.21744890234670705 0.043402777777777776 0.03898561695685087
176 0.3342013888888889 0.5651021953065859 0.049479166666666664 0.03936411809235428
149 0.5540364583333334 0.5179788039364118 0.045572916666666664 0.04125662376987131
119 0.25 0.17183951551854657 0.044270833333333336 0.03860711582134747
13 0.2983940972222222 0.07323996971990916 0.04904513888888889 0.03368660105980318
