8 0.8610277569392348 0.5865250509601974 0.01687921980495124 0.01180130887243858
22 0.5161290322580645 0.11758395021993348 0.020630157539384845 0.01394700139470014
99 0.0944298574643661 0.4775775131423667 0.016316579144786198 0.012766870507456281
185 0.39234808702175544 0.5993992060937667 0.015003750937734433 0.009226477845724708
7 0.7419354838709677 0.5688230876515395 0.01687921980495124 0.010084754854629332
44 0.785165041260315 0.36433859028001286 0.020817704426106528 0.009870185602403176
211 0.04426106526631658 0.17197725565926403 0.008252063015753939 0.009870185602403176
118 0.5177231807951987 0.2515824482351679 0.01781695423855964 0.011157601115760111
99 0.10905851462865716 0.4770410900118013 0.014441110277569393 0.015127132281943997
8 0.8594336084021005 0.22588778028108572 0.02194298574643661 0.010406608732968566
106 0.777006751687922 0.6275614204484498 0.02663165791447862 0.01233773200300397
200 0.7484996249062266 0.24782748632121018 0.016129032258064516 0.009226477845724708
185 0.7577831957989497 0.5701105031648964 0.018192048012003 0.010728462611307799
200 0.7554388597149287 0.4622894539212531 0.015378844711177795 0.010084754854629332
32 0.5395723930982745 0.18629975324535994 0.019879969992498126 0.011479454994099346
119 0.7589084771192798 0.405053105889926 0.018192048012003 0.009548331724063941
58 0.8929107276819205 0.4832099560133033 0.0277569392348087 0.009226477845724708
13 0.815735183795949 0.6449415298787684 0.01744186046511628 0.012123162750777813
160 0.741185296324081 0.33708829524729106 0.015378844711177795 0.009441047097950864
118 0.7160540135033758 0.5561635017701964 0.019879969992498126 0.010943031863533955
7 0.48283945986496624 0.6683832206844759 0.012940735183795949 0.010513893359081643
149 0.04979369842460615 0.159532239030147 0.01781695423855964 0.010513893359081643
185 0.7299324831207802 0.3001823838643922 0.024381095273818456 0.010513893359081643
13 0.5121905476369092 0.614258126810428 0.0172543135783946 0.011479454994099346
200 0.8542760690172543 0.17176268640703787 0.015753938484621154 0.010084754854629332
58 0.1849212303075769 0.15014483424525266 0.023255813953488372 0.009548331724063941
200 0.878563390847712 0.22674605728999034 0.018192048012003 0.011479454994099346
211 0.2625656414103526 0.2041090011801309 0.012003000750187547 0.010835747237420878
185 0.8213615903975994 0.5167364016736402 0.020442610652663167 0.00911919321961163
13 0.3034508627156789 0.23302220791760542 0.014628657164291074 0.010513893359081643
7 0.7642535633908477 0.17862890247827487 0.016129032258064516 0.009441047097950864
160 0.8233308327081771 0.680828237313593 0.016129032258064516 0.009441047097950864
22 0.8211740435108777 0.2557129063405214 0.015941485371342837 0.012766870507456281
7 0.8289572393098275 0.19536530415191503 0.016504126031507877 0.012445016629117048
99 0.23143285821455364 0.2581268104280657 0.015378844711177795 0.012659585881343204
44 0.5585146286571643 0.6018667524943676 0.023630907726931733 0.012230447376890892
160 0.7220555138784697 0.5159317669777921 0.021005251312828207 0.012659585881343204
6 0.18182670667666917 0.23114472696062655 0.015191297824456114 0.011479454994099346
211 0.20789572393098274 0.23044737689089154 0.010315078769692423 0.010943031863533955
7 0.8887846961740435 0.4382040553588671 0.017629407351837958 0.010835747237420878
106 0.8551200300075019 0.5586310481707971 0.01744186046511628 0.012659585881343204
22 0.827456864216054 0.2902585559489325 0.024006001500375095 0.0116940242463255
22 0.22749437359339836 0.24391159746808283 0.015753938484621154 0.011908593498551657
160 0.3885971492873218 0.653363373028645 0.017629407351837958 0.011157601115760111
106 0.7056451612903226 0.5429674927582877 0.01744186046511628 0.011372170367986267
13 0.25872093023255816 0.16537925115330973 0.014441110277569393 0.008690054715159318
185 0.05907726931732933 0.4913635875978972 0.019879969992498126 0.00965561635017702
13 0.8677794448612153 0.5059006544362193 0.020630157539384845 0.009548331724063941
44 0.5157539384846211 0.23763544684046775 0.024006001500375095 0.011157601115760111
6 0.13025131282820704 0.16114150842184316 0.01744186046511628 0.00965561635017702
185 0.2667854463615904 0.12348460465615277 0.01894223555888972 0.009011908593498551
22 0.5421042760690172 0.460090119085935 0.017066766691672917 0.011908593498551657
22 0.8373968492123031 0.12922433215320245 0.015753938484621154 0.00911919321961163
224 0.7561890472618155 0.5836283660551443 0.01312828207051763 0.010084754854629332
200 0.31207801950487624 0.21864606801845296 0.01687921980495124 0.01180130887243858
13 0.8257689422355589 0.15588456174230234 0.016504126031507877 0.010728462611307799
118 0.7864778694673669 0.37876837249222184 0.018567141785446363 0.01126488574187319
119 0.313390847711928 0.09736079819761828 0.018754688672168042 0.010406608732968566
118 0.8710615153788447 0.17256732110288595 0.01781695423855964 0.009333762471837787
22 0.7434358589647412 0.3635339555841648 0.01350337584396099 0.01126488574187319
44 0.527006751687922 0.17326467117262095 0.023630907726931733 0.011586739620212423
58 0.8903788447111778 0.19858384293530737 0.02194298574643661 0.010299324106855488
160 0.7415603900975244 0.47607552837678363 0.015003750937734433 0.010621177985194722
118 0.7256189047261815 0.3635339555841648 0.020255063765941484 0.01126488574187319
44 0.60155663915979 0.11881772342023388 0.024568642160540135 0.012123162750777813
99 0.8101087771942985 0.6563137002467546 0.019692423105776444 0.010406608732968566
13 0.26397224306076517 0.25753674498444373 0.014066016504126031 0.008690054715159318
118 0.12987621905476368 0.17460572899903443 0.01894223555888972 0.010406608732968566
119 0.2285258814703676 0.2306619461431177 0.017066766691672917 0.010513893359081643
7 0.8721867966991748 0.2406930586846905 0.019317329332333082 0.010835747237420878
8 0.7620030007501876 0.516521832421414 0.0172543135783946 0.011050316489647034
106 0.17948237059264815 0.21714408325286985 0.024006001500375095 0.010084754854629332
7 0.3147974493623406 0.10975217251367879 0.01744186046511628 0.009226477845724708
99 0.7018004501125281 0.6407574294603583 0.016129032258064516 0.0116940242463255
6 0.5703300825206301 0.2803347280334728 0.015378844711177795 0.012445016629117048
106 0.8876594148537135 0.288112863426671 0.02250562640660165 0.011908593498551657
7 0.11271567891972993 0.15947859671709044 0.01687921980495124 0.00911919321961163
176 0.840960240060015 0.6560454886814719 0.016129032258064516 0.010299324106855488
185 0.11309077269317329 0.5180774595000537 0.019504876219054765 0.009870185602403176
106 0.8790322580645161 0.34615384615384615 0.020255063765941484 0.008690054715159318
224 0.29322955738934736 0.24648642849479668 0.024568642160540135 0.01341057826413475
200 0.2418417104276069 0.2313592962128527 0.01369092273068267 0.011479454994099346
32 0.7361215303825956 0.5015556270786397 0.024006001500375095 0.010728462611307799
7 0.8561515378844711 0.6298143975968243 0.021005251312828207 0.011050316489647034
211 0.8612153038259565 0.11683295783714194 0.007501875468867217 0.009870185602403176
119 0.8896286571642911 0.6028323141293852 0.01781695423855964 0.012015878124664736
118 0.22955738934733683 0.20362622036262204 0.024756189047261814 0.010728462611307799
7 0.7800075018754689 0.19177126917712692 0.016129032258064516 0.010406608732968566
7 0.8232370592648162 0.6291170475270894 0.01744186046511628 0.010943031863533955
44 0.5282258064516129 0.21215534813861173 0.02269317329332333 0.010406608732968566
7 0.06207801950487622 0.1845831992275507 0.016504126031507877 0.011050316489647034
99 0.8251125281320331 0.4667417659049458 0.01744186046511628 0.012123162750777813
185 0.05485746436609152 0.5180774595000537 0.01781695423855964 0.00750992382791546
7 0.5105026256564141 0.352108142903122 0.010502625656414103 0.010299324106855488
200 0.7798199549887472 0.4895397489539749 0.02213053263315829 0.012230447376890892
22 0.5518567141785446 0.10438794120802489 0.014816204051012753 0.013088724385795515
224 0.2583458364591148 0.13582233665915674 0.024568642160540135 0.010084754854629332
211 0.5535446361590397 0.5318098916425277 0.007689422355588897 0.012445016629117048
44 0.7739122280570142 0.11398991524514537 0.026069017254313577 0.009548331724063941
200 0.21774193548387097 0.23044737689089154 0.012003000750187547 0.00965561635017702
22 0.08786571642910727 0.13399849801523442 0.014441110277569393 0.00965561635017702
200 0.28507126781695424 0.11002038407896149 0.011627906976744186 0.008260916210707006
118 0.7680045011252813 0.6419912026606587 0.02288072018004501 0.00965561635017702
7 0.7876031507876969 0.6409719987125845 0.014816204051012753 0.01126488574187319
32 0.7168979744936234 0.6777706254693703 0.018192048012003 0.010835747237420878
118 0.7965116279069767 0.6666130243536101 0.01837959489872468 0.011908593498551657
44 0.8781882970742686 0.6847441261667203 0.02231807951987997 0.010621177985194722
13 0.7338709677419355 0.21794871794871795 0.02138034508627157 0.01126488574187319
7 0.8843773443360841 0.30087973393412726 0.020817704426106528 0.010621177985194722
118 0.766972993248312 0.24793477094732325 0.01894223555888972 0.010299324106855488
22 0.7239309827456865 0.6269713550048278 0.01837959489872468 0.00965561635017702
7 0.8884096024006002 0.37243857955155024 0.018754688672168042 0.012123162750777813
211 0.5629219804951238 0.10395880270357258 0.011815453863465867 0.011586739620212423
13 0.753563390847712 0.3382684261345349 0.016129032258064516 0.010299324106855488
211 0.8757501875468867 0.6021349640596503 0.010690172543135784 0.01233773200300397
99 0.4078207051762941 0.6131316382362407 0.019317329332333082 0.012445016629117048
22 0.8140472618154538 0.392018023817187 0.019317329332333082 0.011157601115760111
211 0.7742873218304576 0.1664520974144405 0.010315078769692423 0.010406608732968566
58 0.7410915228807202 0.5160390516039052 0.025318829707426858 0.012445016629117048
149 0.8910352588147037 0.6464435146443515 0.024006001500375095 0.013839716768587062
13 0.6711365341335334 0.665003754961914 0.021192798199549886 0.011050316489647034
211 0.32661290322580644 0.10959124557450917 0.012940735183795949 0.01126488574187319
6 0.5573893473368342 0.5168436862997532 0.019129782445611403 0.010835747237420878
7 0.304013503375844 0.2707327539963523 0.023255813953488372 0.011050316489647034
149 0.43614028507126784 0.6551872116725673 0.01894223555888972 0.012015878124664736
224 0.7642535633908477 0.19225404999463577 0.015378844711177795 0.010299324106855488
99 0.7861027756939235 0.16747130136251476 0.014066016504126031 0.010513893359081643
160 0.9071642910727682 0.5511211243428816 0.0172543135783946 0.012230447376890892
149 0.5195986496624156 0.18672889174981225 0.021192798199549886 0.010621177985194722
6 0.759939984996249 0.49002252977148375 0.01687921980495124 0.010835747237420878
224 0.5282258064516129 0.4602510460251046 0.01331582895723931 0.011157601115760111
200 0.8651537884471118 0.39475378178307047 0.016504126031507877 0.016414547795300934
13 0.7712865716429107 0.36498229803669135 0.015191297824456114 0.010513893359081643
7 0.12865716429107277 0.517111897865036 0.016504126031507877 0.010299324106855488
58 0.0804576144036009 0.18646068018452955 0.023630907726931733 0.010084754854629332
200 0.7695986496624156 0.5446304044630405 0.014441110277569393 0.011050316489647034
7 0.8616841710427607 0.6019203948074241 0.018192048012003 0.011479454994099346
200 0.18051387846961742 0.1639845510138397 0.01369092273068267 0.008260916210707006
32 0.7102400600150037 0.5826628044201266 0.016504126031507877 0.010943031863533955
185 0.6802325581395349 0.6529342345241926 0.023630907726931733 0.010728462611307799
211 0.7518754688672168 0.35039158888531274 0.011627906976744186 0.010299324106855488
7 0.545198799699925 0.1364660444158352 0.017629407351837958 0.012230447376890892
99 0.059733683420855214 0.1474627185924257 0.010315078769692423 0.01126488574187319
211 0.770536384096024 0.37887565711833493 0.012565641410352588 0.00911919321961163
200 0.2350900225056264 0.09666344812788327 0.016691672918229556 0.009441047097950864
22 0.7756939234808702 0.4754854629331617 0.020255063765941484 0.012659585881343204
13 0.7615341335333834 0.2883274326788971 0.01744186046511628 0.010835747237420878
6 0.4973743435858965 0.35092801201587814 0.015753938484621154 0.011586739620212423
7 0.07736309077269317 0.49098809140650146 0.02231807951987997 0.012123162750777813
58 0.5227869467366841 0.600311125415728 0.018567141785446363 0.013196009011908594
200 0.2846961740435109 0.21805600257483101 0.019879969992498126 0.011050316489647034
22 0.05129407351837959 0.0931230554661517 0.017066766691672917 0.012659585881343204
44 0.5362903225806451 0.25185065980045057 0.02269317329332333 0.00804634695848085
224 0.5559827456864216 0.470443085505847 0.017066766691672917 0.009226477845724708
6 0.1571642910727682 0.2023388048492651 0.015003750937734433 0.010943031863533955
118 0.7760690172543135 0.3009333762471838 0.020630157539384845 0.009870185602403176
118 0.7877906976744186 0.1532024460894754 0.020817704426106528 0.010084754854629332
22 0.299887471867967 0.25769767192361337 0.015753938484621154 0.010299324106855488
211 0.7290885221305327 0.6668812359188928 0.010315078769692423 0.00965561635017702
22 0.8220180045011253 0.3529664199120266 0.01312828207051763 0.010084754854629332
119 0.19645536384096024 0.163716339448557 0.018192048012003 0.010084754854629332
160 0.7274943735933983 0.5433429889496835 0.01687921980495124 0.008904623967385474
211 0.13006376594148536 0.49265100311125415 0.010315078769692423 0.010299324106855488
22 0.06020255063765941 0.5052033043664843 0.014628657164291074 0.010084754854629332
185 0.8215491372843211 0.5865250509601974 0.01894223555888972 0.010299324106855488
200 0.6882970742685671 0.6664520974144406 0.015753938484621154 0.010513893359081643
176 0.15988372093023256 0.5180774595000537 0.01781695423855964 0.010299324106855488
13 0.23565266316579145 0.177448771591031 0.01781695423855964 0.010299324106855488
160 0.8588709677419355 0.18426134534921146 0.018192048012003 0.01126488574187319
32 0.5102213053263316 0.42801201587812465 0.016316579144786198 0.011050316489647034
110 0.8098274568642161 0.3529664199120266 0.012378094523630907 0.010299324106855488
44 0.31611027756939236 0.23323677716983157 0.01744186046511628 0.010513893359081643
176 0.5055326331582896 0.31015985409290847 0.018567141785446363 0.011372170367986267
224 0.3013878469617404 0.1104495225834138 0.016129032258064516 0.008690054715159318
118 0.19664291072768192 0.13571505203304365 0.01781695423855964 0.009441047097950864
211 0.554576144036009 0.18849908808067803 0.012003000750187547 0.013088724385795515
119 0.5091897974493623 0.21220899045166827 0.01687921980495124 0.010513893359081643
211 0.7691297824456114 0.1251475163609055 0.015753938484621154 0.01126488574187319
224 0.6086834208552138 0.1372706791116833 0.020067516879219805 0.012766870507456281
200 0.22749437359339836 0.1645209741444051 0.015003750937734433 0.008904623967385474
211 0.302231807951988 0.19043021135071345 0.009564891222805702 0.012015878124664736
224 0.7583458364591148 0.36444587490612596 0.01369092273068267 0.01180130887243858
200 0.04979369842460615 0.10846475700032185 0.014441110277569393 0.009870185602403176
200 0.8938484621155289 0.34599291921467656 0.016129032258064516 0.010299324106855488
13 0.5830832708177044 0.11828130028966849 0.012378094523630907 0.0116940242463255
7 0.5724868717179294 0.5173801094303186 0.014816204051012753 0.011908593498551657
58 0.622655663915979 0.19096663448127885 0.0172543135783946 0.012874155133569359
76 0.7100525131282821 0.5695204377212746 0.018754688672168042 0.015770840038622464
118 0.8023255813953488 0.5854522046990667 0.017629407351837958 0.010513893359081643
149 0.12124906226556639 0.21489110610449522 0.018192048012003 0.010728462611307799
7 0.8770630157539385 0.5867396202124235 0.014066016504126031 0.009870185602403176
118 0.1406601650412603 0.1874798841326038 0.019129782445611403 0.010835747237420878
32 0.6827644411102776 0.6772342023388048 0.021192798199549886 0.014268855273039373
99 0.8503375843960991 0.39266173157386547 0.01800450112528132 0.012874155133569359
13 0.25028132033008255 0.20394807424096126 0.020817704426106528 0.010084754854629332
7 0.8922543135783946 0.4264027464864285 0.02644411102775694 0.011050316489647034
99 0.8334583645911477 0.3525372814075743 0.015003750937734433 0.009870185602403176
7 0.7217741935483871 0.39126703143439545 0.01744186046511628 0.012445016629117048
149 0.752906976744186 0.12589850874369704 0.02194298574643661 0.01126488574187319
106 0.8584958739684921 0.5340628687909023 0.01894223555888972 0.012230447376890892
99 0.8567141785446362 0.6832957837141937 0.011627906976744186 0.012874155133569359
118 0.9044448612153039 0.46776096985302007 0.01744186046511628 0.012659585881343204
149 0.37800075018754686 0.6673640167364017 0.021192798199549886 0.010621177985194722
118 0.13334583645911477 0.10953760326145263 0.020255063765941484 0.008153631584593929
13 0.7311515378844711 0.24654007080785323 0.02194298574643661 0.009011908593498551
185 0.14047261815453863 0.21585666773951293 0.020255063765941484 0.010299324106855488
149 0.29004126031507876 0.09730715588456174 0.024568642160540135 0.009870185602403176
110 0.07408102025506376 0.12278725458641776 0.016504126031507877 0.009333762471837787
211 0.7023630907726932 0.6668812359188928 0.012378094523630907 0.010943031863533955
211 0.5865528882220555 0.5190966634481279 0.01331582895723931 0.012981439759682438
76 0.5403225806451613 0.5995601330329364 0.016504126031507877 0.014697993777491685
44 0.6909227306826706 0.6256302971784143 0.028132033008252063 0.011479454994099346
32 0.5806451612903226 0.13635875978972214 0.018754688672168042 0.011372170367986267
211 0.7525318829707427 0.26155991846368415 0.010690172543135784 0.010728462611307799
99 0.7527194298574643 0.39335908164360045 0.014816204051012753 0.011479454994099346
118 0.8492123030757689 0.6701534170153417 0.019879969992498126 0.011479454994099346
200 0.060671417854463616 0.19906662375281622 0.014441110277569393 0.009548331724063941
22 0.24765566391597899 0.21778779100954834 0.014441110277569393 0.010084754854629332
200 0.7792573143285821 0.35178628902478276 0.015753938484621154 0.010299324106855488
106 0.1121530382595649 0.492436433859028 0.020630157539384845 0.009870185602403176
76 0.8874718679669917 0.5211887136573329 0.020255063765941484 0.01759467868254479
211 0.7703488372093024 0.5712906340521403 0.009939984996249063 0.012659585881343204
99 0.8960052513128282 0.6741765904945821 0.015566391597899475 0.014805278403604764
7 0.05420105026256564 0.21601759467868253 0.015378844711177795 0.011908593498551657
118 0.07773818454613654 0.5055251582448235 0.01894223555888972 0.010084754854629332
22 0.7756001500375094 0.6800772449308015 0.014816204051012753 0.010084754854629332
6 0.8788447111777945 0.18426134534921146 0.021005251312828207 0.010406608732968566
200 0.8437734433608403 0.5055251582448235 0.02175543885971493 0.010084754854629332
7 0.23443360840210054 0.12348460465615277 0.016129032258064516 0.009441047097950864
13 0.5145348837209303 0.41492329149232915 0.014816204051012753 0.010835747237420878
211 0.27325581395348836 0.2575903872975003 0.009377344336084021 0.010084754854629332
200 0.7371530382595649 0.20491363587597897 0.01894223555888972 0.009870185602403176
44 0.5195048762190547 0.6693487823194936 0.021005251312828207 0.011372170367986267
22 0.23377719429857463 0.1497693380538569 0.01744186046511628 0.010299324106855488
200 0.4687734433608402 0.6560454886814719 0.015941485371342837 0.010943031863533955
211 0.7475618904726181 0.5299860529986054 0.011627906976744186 0.012230447376890892
99 0.40941485371342834 0.6448342452526553 0.015003750937734433 0.012552301255230125
58 0.7352775693923481 0.2602725029503272 0.03019504876219055 0.010513893359081643
118 0.535165041260315 0.23827915459714624 0.018192048012003 0.011586739620212423
119 0.8790322580645161 0.548170797124772 0.015753938484621154 0.00911919321961163
99 0.869748687171793 0.646604441583521 0.014441110277569393 0.013088724385795515
99 0.4018192048012003 0.6535779422808712 0.015191297824456114 0.010084754854629332
224 0.7665041260315079 0.2343632657440189 0.015753938484621154 0.010835747237420878
185 0.7700675168792198 0.50278940027894 0.01800450112528132 0.013196009011908594
58 0.16260315078769694 0.5401780924793477 0.023255813953488372 0.009226477845724708
22 0.9006001500375094 0.6855487608625684 0.016504126031507877 0.009870185602403176
13 0.741747936984246 0.4893251797017487 0.020255063765941484 0.009441047097950864
22 0.8771567891972993 0.5347065765475807 0.015378844711177795 0.009870185602403176
13 0.43782820705176295 0.6668275936058363 0.016316579144786198 0.01126488574187319
224 0.10568267066766691 0.21462289453921254 0.014441110277569393 0.01126488574187319
200 0.4937171792948237 0.6298680399098809 0.016691672918229556 0.011372170367986267
7 0.7398724681170292 0.17777062546937025 0.018754688672168042 0.00965561635017702
106 0.7740997749437359 0.599721059972106 0.020817704426106528 0.012659585881343204
58 0.26472243060765194 0.21778779100954834 0.023068267066766693 0.010084754854629332
7 0.2003000750187547 0.1092157493831134 0.019879969992498126 0.00750992382791546
224 0.707708177044261 0.6260594356828666 0.014066016504126031 0.00911919321961163
13 0.5128469617404351 0.28028108572041627 0.018192048012003 0.010835747237420878
119 0.9012565641410353 0.5630297178414333 0.018567141785446363 0.013732432142473983
224 0.764066016504126 0.26177448771591033 0.015003750937734433 0.010728462611307799
22 0.7379969992498124 0.191181203733505 0.016504126031507877 0.010084754854629332
224 0.5843960990247562 0.5333655187211672 0.015753938484621154 0.011908593498551657
106 0.15125656414103525 0.5305224761291707 0.0268192048012003 0.010084754854629332
32 0.7490622655663915 0.4338590280012874 0.019129782445611403 0.012445016629117048
99 0.09808702175543886 0.16146336230018238 0.012378094523630907 0.012230447376890892
211 0.7125843960990248 0.6542216500375496 0.009564891222805702 0.010943031863533955
149 0.20142535633908476 0.12337732003003969 0.019879969992498126 0.010943031863533955
13 0.7274943735933983 0.5836283660551443 0.015378844711177795 0.00965561635017702
13 0.2889159789947487 0.2856989593391267 0.021192798199549886 0.009226477845724708
7 0.8403038259564891 0.5182920287522798 0.02194298574643661 0.010728462611307799
7 0.7532820705176294 0.5572363480313272 0.014066016504126031 0.009870185602403176
7 0.8406789197299325 0.18259843364445874 0.018192048012003 0.010728462611307799
13 0.7832895723930983 0.6152773307585023 0.024568642160540135 0.010513893359081643
224 0.7774756189047262 0.1398991524514537 0.014816204051012753 0.012230447376890892
149 0.8599962490622656 0.5469906662375281 0.02231807951987997 0.011050316489647034
22 0.8539009752438109 0.10369059113828988 0.015753938484621154 0.011908593498551657
149 0.6943923480870218 0.5967170904409398 0.02194298574643661 0.012015878124664736
149 0.8647786946736684 0.4803669134213067 0.024006001500375095 0.011479454994099346
76 0.832801950487622 0.39180345456496085 0.01894223555888972 0.011157601115760111
7 0.547543135783946 0.5320781032078103 0.015191297824456114 0.01233773200300397
7 0.7856339084771192 0.5705932839824053 0.015753938484621154 0.0116940242463255
22 0.6993623405851462 0.6534170153417015 0.015378844711177795 0.01126488574187319
99 0.8911290322580645 0.13238922862353825 0.019317329332333082 0.014161570646926296
200 0.24924981245311328 0.17803883703465292 0.014628657164291074 0.00911919321961163
44 0.5224118529632408 0.26472481493401995 0.02194298574643661 0.009762900976290097
22 0.05898349587396849 0.12289453921253085 0.015191297824456114 0.008690054715159318
106 0.18388972243060764 0.17755605621714407 0.025318829707426858 0.010084754854629332
118 0.2432483120780195 0.16468190108357472 0.015753938484621154 0.00965561635017702
200 0.5938672168042011 0.13769981761613562 0.014441110277569393 0.011908593498551657
99 0.08936609152288072 0.17498122519043022 0.014066016504126031 0.012874155133569359
99 0.2763503375843961 0.2727711618925008 0.014066016504126031 0.011479454994099346
110 0.11130907726931732 0.5047741658620319 0.01894223555888972 0.008153631584593929
224 0.7175543885971493 0.6669885205450059 0.015378844711177795 0.010299324106855488
106 0.8985371342835708 0.5755283767836069 0.024756189047261814 0.009762900976290097
32 0.8434921230307577 0.6010621177985195 0.016691672918229556 0.010835747237420878
224 0.5258814703675919 0.379680291814183 0.023630907726931733 0.00965561635017702
22 0.09743060765191298 0.18656796481064264 0.015191297824456114 0.010299324106855488
149 0.47421230307576895 0.6445660336873726 0.019692423105776444 0.010943031863533955
224 0.22196174043510877 0.12418195472588778 0.01369092273068267 0.009333762471837787
211 0.7520630157539385 0.20561098594571398 0.011627906976744186 0.010835747237420878
7 0.04529257314328582 0.14569252226155993 0.01781695423855964 0.010084754854629332
7 0.8913165791447862 0.25619568715803026 0.020817704426106528 0.01180130887243858
149 0.8712490622655664 0.2112970711297071 0.018192048012003 0.011479454994099346
185 0.735933983495874 0.5562707863963094 0.019879969992498126 0.010299324106855488
44 0.47083645911477867 0.6138826306190323 0.02719429857464366 0.010299324106855488
22 0.11609152288072018 0.09585881343203519 0.018754688672168042 0.011050316489647034
7 0.7878844711177795 0.5035403926617316 0.02250562640660165 0.013196009011908594
149 0.8283008252063015 0.6569574080034332 0.01331582895723931 0.013625147516360906
7 0.5476369092273068 0.14928655723634804 0.017629407351837958 0.010835747237420878
106 0.8206114028507127 0.34143332260487075 0.02194298574643661 0.011050316489647034
224 0.25009377344336087 0.1243428816650574 0.017066766691672917 0.00965561635017702
7 0.5407914478619655 0.5860959124557451 0.023068267066766693 0.011586739620212423
13 0.7361215303825956 0.3921789507563566 0.019879969992498126 0.008260916210707006
99 0.09593023255813954 0.11103958802703573 0.01331582895723931 0.012230447376890892
44 0.7550637659414854 0.13882630619032293 0.033008252063015754 0.010084754854629332
106 0.8052325581395349 0.2905267675142152 0.023068267066766693 0.011586739620212423
211 0.07239309827456865 0.19976397382255123 0.010877719429857465 0.010513893359081643
44 0.23912228057014254 0.10937667632228301 0.019879969992498126 0.008475485462933162
22 0.69307951987997 0.5807853234631477 0.018567141785446363 0.009548331724063941
110 0.8314891222805701 0.4078961484819225 0.018567141785446363 0.012015878124664736
7 0.8995686421605401 0.2720738118227658 0.01894223555888972 0.011157601115760111
185 0.8220180045011253 0.22411758395021994 0.020630157539384845 0.010084754854629332
22 0.17038634658664667 0.11002038407896149 0.014066016504126031 0.00911919321961163
110 0.8417104276069017 0.17079712477202016 0.012003000750187547 0.010513893359081643
200 0.6941110277569392 0.5686085183993134 0.015753938484621154 0.00965561635017702
22 0.7007689422355589 0.677448771591031 0.01744186046511628 0.011479454994099346
118 0.07051762940735183 0.1592640274648643 0.019504876219054765 0.010621177985194722
118 0.5193173293323331 0.6441905374959769 0.018754688672168042 0.01233773200300397
118 0.09199174793698425 0.5175946786825448 0.02194298574643661 0.010835747237420878
7 0.8948799699924981 0.5065980045059543 0.023068267066766693 0.010513893359081643
99 0.31732933233308325 0.12632764724814935 0.012378094523630907 0.0116940242463255
211 0.2990435108777194 0.2176268640703787 0.010690172543135784 0.011050316489647034
211 0.5552325581395349 0.6714944748417552 0.011815453863465867 0.012445016629117048
211 0.7522505626406601 0.17889711404355757 0.009377344336084021 0.008904623967385474
118 0.5408852213053263 0.16205342774380432 0.018754688672168042 0.011908593498551657
22 0.5605776444111028 0.4844973715266602 0.019879969992498126 0.010084754854629332
7 0.8741560390097525 0.11715481171548117 0.01687921980495124 0.01180130887243858
211 0.23630907726931732 0.24364338590280013 0.008252063015753939 0.010943031863533955
22 0.2128657164291073 0.16403819332689626 0.015378844711177795 0.009870185602403176
22 0.8102025506376594 0.680828237313593 0.015378844711177795 0.010299324106855488
13 0.1000562640660165 0.146497156957408 0.018192048012003 0.009333762471837787
119 0.45461365341335336 0.6557772771161893 0.015378844711177795 0.011479454994099346
149 0.11937359339834959 0.14805278403604763 0.019317329332333082 0.010513893359081643
7 0.8869092273068268 0.6587276043342989 0.015753938484621154 0.010084754854629332
224 0.7999812453113279 0.10122304473768909 0.017066766691672917 0.0116940242463255
6 0.42873218304576144 0.6438686836176376 0.01687921980495124 0.010621177985194722
200 0.738278319579895 0.34921145799806885 0.014066016504126031 0.009870185602403176
22 0.5259752438109527 0.6147945499409935 0.016691672918229556 0.012123162750777813
211 0.14291072768192048 0.17460572899903443 0.0086271567891973 0.01126488574187319
99 0.8039197299324832 0.3774809569788649 0.016691672918229556 0.011908593498551657
22 0.8991935483870968 0.18549511854951187 0.01781695423855964 0.010084754854629332
200 0.7424043510877719 0.5832528698637486 0.014441110277569393 0.009333762471837787
211 0.6087771942985747 0.19048385366377 0.012378094523630907 0.014483424525265529
224 0.7577831957989497 0.4754854629331617 0.018192048012003 0.010299324106855488
160 0.5546699174793699 0.5731681150091192 0.016691672918229556 0.011908593498551657
22 0.17976369092273067 0.13609054822443944 0.014441110277569393 0.00911919321961163
7 0.7508439609902475 0.5022529771483747 0.01781695423855964 0.010406608732968566
58 0.4521755438859715 0.6437613989915245 0.025131282820705175 0.011479454994099346
13 0.7597524381095274 0.531648964703358 0.01687921980495124 0.010835747237420878
185 0.7663165791447862 0.2055037013196009 0.020255063765941484 0.009548331724063941
22 0.07980120030007502 0.4766655938204055 0.015566391597899475 0.011586739620212423
200 0.24099774943735933 0.13609054822443944 0.012753188297074268 0.009548331724063941
200 0.7920105026256564 0.4066087329685656 0.019879969992498126 0.013088724385795515
118 0.8734058514628658 0.25565926402746486 0.01800450112528132 0.010299324106855488
185 0.7635971492873218 0.6667739512927797 0.018192048012003 0.009870185602403176
118 0.7944486121530383 0.2335586310481708 0.011627906976744186 0.011157601115760111
118 0.8810015003750937 0.35784787040017163 0.019317329332333082 0.010835747237420878
185 0.16569767441860464 0.0955906018667525 0.018192048012003 0.010513893359081643
32 0.8915978994748687 0.1170475270893681 0.02213053263315829 0.01501984765583092
22 0.20339459864966242 0.1506276150627615 0.014441110277569393 0.010513893359081643
7 0.2738184546136534 0.2037335049887351 0.016504126031507877 0.010513893359081643
7 0.7777569392348087 0.28784465186138825 0.020630157539384845 0.009870185602403176
200 0.4167291822955739 0.654650788542002 0.015753938484621154 0.010084754854629332
118 0.780476369092273 0.41905374959768266 0.020817704426106528 0.009870185602403176
7 0.251781695423856 0.1504666881235919 0.01781695423855964 0.008904623967385474
211 0.7514066016504126 0.19198583842935307 0.011065266316579146 0.010406608732968566
211 0.8888784696174044 0.6182276579766119 0.01331582895723931 0.013625147516360906
110 0.9133533383345837 0.646604441583521 0.019129782445611403 0.010728462611307799
7 0.08711552888222056 0.200139470013947 0.018567141785446363 0.010835747237420878
185 0.7867591897974494 0.2477202016950971 0.019879969992498126 0.009870185602403176
13 0.7240247561890473 0.34942602725029503 0.017066766691672917 0.009870185602403176
211 0.7678169542385597 0.4627185924257054 0.012003000750187547 0.010513893359081643
106 0.9005063765941486 0.4933483531809892 0.023068267066766693 0.0116940242463255
22 0.16054013503375844 0.12369917390837892 0.015003750937734433 0.009441047097950864
119 0.46661665416354087 0.6689196438150413 0.018754688672168042 0.010513893359081643
224 0.5681732933233309 0.15025211887136572 0.02644411102775694 0.011050316489647034
200 0.78347711927982 0.20641562064156208 0.014816204051012753 0.010084754854629332
76 0.752344336084021 0.3786610878661088 0.021567891972993247 0.016199978543074776
200 0.42938859714928734 0.5987554983370883 0.01894223555888972 0.011586739620212423
99 0.7823518379594899 0.33875120695204375 0.014066016504126031 0.010835747237420878
200 0.5798949737434359 0.2807102242248686 0.015378844711177795 0.013196009011908594
106 0.13531507876969243 0.09585881343203519 0.021567891972993247 0.011050316489647034
13 0.7597524381095274 0.6799163179916318 0.016129032258064516 0.010406608732968566
58 0.7936984246061516 0.6801845295569144 0.020255063765941484 0.010299324106855488
118 0.538728432108027 0.6705825555197941 0.02194298574643661 0.012123162750777813
7 0.8254876219054764 0.5715052033043665 0.019317329332333082 0.010299324106855488
99 0.5346961740435109 0.14998390730608305 0.012003000750187547 0.012230447376890892
224 0.5723930982745686 0.5735972535135715 0.01800450112528132 0.013196009011908594
44 0.43285821455363843 0.6132389228623538 0.0277569392348087 0.009870185602403176
106 0.8775318829707427 0.15754747344705503 0.024006001500375095 0.010835747237420878
211 0.19345461365341335 0.18903551121124343 0.010315078769692423 0.00965561635017702
7 0.1958927231807952 0.2301255230125523 0.015191297824456114 0.010299324106855488
32 0.7179294823705926 0.5291814183027572 0.020255063765941484 0.011050316489647034
160 0.7656601650412603 0.5580409827271752 0.014816204051012753 0.009548331724063941
224 0.872655663915979 0.43804312841969745 0.01387846961740435 0.012230447376890892
22 0.849774943735934 0.3264671172620963 0.01350337584396099 0.011586739620212423
106 0.9044448612153039 0.6592640274648642 0.019317329332333082 0.012659585881343204
7 0.7585333833458364 0.6282051282051282 0.01781695423855964 0.011050316489647034
118 0.17545011252813203 0.18871365733290418 0.018192048012003 0.012659585881343204
211 0.7565641410352588 0.1521295998283446 0.012003000750187547 0.010299324106855488
118 0.5918979744936234 0.10395880270357258 0.02288072018004501 0.014376139899152452
160 0.5575768942235559 0.28097843579015125 0.020630157539384845 0.014376139899152452
119 0.23312078019504875 0.21768050638343525 0.019504876219054765 0.010299324106855488
7 0.7540322580645161 0.10047205235489755 0.02269317329332333 0.01126488574187319
22 0.0818642160540135 0.10996674176590494 0.01331582895723931 0.010084754854629332
200 0.7213053263315828 0.3783928763008261 0.015753938484621154 0.010084754854629332
200 0.7427794448612153 0.40532131745520866 0.01894223555888972 0.00965561635017702
149 0.7462490622655664 0.6543825769767192 0.020630157539384845 0.01126488574187319
119 0.7309639909977494 0.6790043986696707 0.01744186046511628 0.010299324106855488
7 0.10136909227306827 0.13399849801523442 0.014816204051012753 0.00965561635017702
160 0.413165791447862 0.6267567857526016 0.0172543135783946 0.011586739620212423
185 0.8827831957989497 0.3299538676107714 0.015753938484621154 0.01341057826413475
149 0.07295573893473369 0.518613882630619 0.019504876219054765 0.010084754854629332
211 0.07408102025506376 0.14697993777491686 0.008252063015753939 0.009441047097950864
118 0.7308702175543886 0.3116618388584916 0.021005251312828207 0.010084754854629332
7 0.727119279819955 0.3374637914386868 0.015378844711177795 0.009548331724063941
118 0.8830645161290323 0.3966849050531059 0.023443360840210054 0.012123162750777813
200 0.5129407351837959 0.2252977148374638 0.015003750937734433 0.008153631584593929
22 0.12087396849212304 0.2415513356935951 0.016691672918229556 0.01341057826413475
22 0.8054201050262566 0.6149018345671066 0.019692423105776444 0.01126488574187319
22 0.2688484621155289 0.19043021135071345 0.014816204051012753 0.00965561635017702
22 0.8395536384096024 0.2246003647677288 0.015191297824456114 0.009548331724063941
119 0.18473368342085522 0.123109108464757 0.016129032258064516 0.00911919321961163
99 0.7513128282070518 0.32576976719236134 0.015753938484621154 0.011479454994099346
7 0.2737246811702926 0.1638236240746701 0.02194298574643661 0.010299324106855488
44 0.7553450862715679 0.3118764081107177 0.026069017254313577 0.010943031863533955
13 0.7754126031507877 0.3130565389979616 0.01894223555888972 0.010513893359081643
99 0.7515941485371342 0.23489968887458426 0.014066016504126031 0.01341057826413475
22 0.7816016504126031 0.2339877695526231 0.014441110277569393 0.010513893359081643
185 0.8025131282820706 0.12750777813539318 0.016504126031507877 0.013196009011908594
44 0.1135596399099775 0.10948396094839609 0.024568642160540135 0.008690054715159318
22 0.6976744186046512 0.5558416478918571 0.01687921980495124 0.012659585881343204
118 0.48593398349587397 0.656742838751207 0.020255063765941484 0.0116940242463255
200 0.5265378844711178 0.48261989056968135 0.012940735183795949 0.010835747237420878
185 0.8930982745686422 0.535725780495655 0.0172543135783946 0.011479454994099346
200 0.13625281320330082 0.23023280763866538 0.014441110277569393 0.00965561635017702
160 0.8012940735183796 0.6434395451131852 0.015566391597899475 0.010621177985194722
149 0.24634283570892723 0.258555948932518 0.017066766691672917 0.011157601115760111
22 0.7772880720180045 0.6545435039158889 0.015566391597899475 0.010299324106855488
13 0.7512190547636909 0.11398991524514537 0.02194298574643661 0.009548331724063941
119 0.827456864216054 0.27078639630940887 0.017629407351837958 0.011586739620212423
7 0.5959302325581395 0.19016199978543075 0.01894223555888972 0.011908593498551657
8 0.7132408102025506 0.4745735436112005 0.018754688672168042 0.013625147516360906
185 0.06235933983495874 0.5317026070164146 0.021192798199549886 0.011157601115760111
224 0.1116841710427607 0.12208990451668277 0.012565641410352588 0.010299324106855488
22 0.7971680420105026 0.3396094839609484 0.01894223555888972 0.010621177985194722
13 0.8434921230307577 0.6817937989486107 0.016691672918229556 0.010728462611307799
200 0.8405851462865717 0.1552944962986804 0.014253563390847712 0.012981439759682438
149 0.08974118529632408 0.2134964059650252 0.01744186046511628 0.012659585881343204
22 0.713053263315829 0.4332689625576655 0.019879969992498126 0.01126488574187319
22 0.27316204051012755 0.24546722454672246 0.012940735183795949 0.011372170367986267
22 0.7860090022505627 0.5841111468726532 0.015753938484621154 0.008690054715159318
32 0.5394786196549137 0.4831026713871902 0.01744186046511628 0.011372170367986267
118 0.09621155288822206 0.0962879519364875 0.02288072018004501 0.009548331724063941
7 0.5060015003750937 0.6010084754854629 0.016129032258064516 0.011372170367986267
13 0.7644411102775694 0.6548117154811716 0.016504126031507877 0.01126488574187319
118 0.786946736684171 0.5325072417122626 0.016129032258064516 0.011050316489647034
13 0.8119842460615154 0.667793155240854 0.017066766691672917 0.013196009011908594
6 0.39741185296324083 0.6270249973178843 0.0172543135783946 0.011050316489647034
118 0.4881845461365341 0.6002038407896149 0.019504876219054765 0.012981439759682438
200 0.08580270067516879 0.16033687372599506 0.011065266316579146 0.008904623967385474
211 0.7632220555138785 0.21907520652290527 0.011440360090022505 0.009441047097950864
185 0.8093585896474118 0.6291170475270894 0.018567141785446363 0.010513893359081643
13 0.7350900225056264 0.4624503808604227 0.019317329332333082 0.011908593498551657
176 0.7835708927231808 0.4501662911704753 0.018754688672168042 0.012230447376890892
211 0.7870405101275318 0.21907520652290527 0.010315078769692423 0.010299324106855488
211 0.7613465866466617 0.3010943031863534 0.011065266316579146 0.010621177985194722
118 0.5949924981245311 0.2808711511640382 0.014816204051012753 0.012445016629117048
200 0.8387096774193549 0.4372384937238494 0.019879969992498126 0.012123162750777813
118 0.7961365341335334 0.5181847441261668 0.02288072018004501 0.012445016629117048
22 0.7966054013503376 0.3526982083467439 0.01331582895723931 0.01126488574187319
32 0.872093023255814 0.37184851410792835 0.01837959489872468 0.011372170367986267
200 0.2126781695423856 0.217358652505096 0.019879969992498126 0.010084754854629332
6 0.5151912978244562 0.200139470013947 0.0172543135783946 0.009762900976290097
58 0.12021755438859714 0.18688981868898186 0.024381095273818456 0.010084754854629332
22 0.1445986496624156 0.5046668812359189 0.01687921980495124 0.010728462611307799
110 0.2895723930982746 0.2721810964488789 0.012378094523630907 0.009870185602403176
143 0.8789384846211553 0.14510245681793799 0.020817704426106528 0.010621177985194722
13 0.3935671417854464 0.6122197189142796 0.018567141785446363 0.012123162750777813
224 0.7754126031507877 0.21928977577513142 0.014441110277569393 0.009870185602403176
200 0.28235183795948987 0.1771805600257483 0.01369092273068267 0.009333762471837787
118 0.2862903225806452 0.1908057075421092 0.01894223555888972 0.010835747237420878
211 0.2145536384096024 0.2550691985838429 0.016129032258064516 0.009333762471837787
224 0.2904163540885221 0.2048063512498659 0.014066016504126031 0.010299324106855488
160 0.14497374343585898 0.16140971998712583 0.018754688672168042 0.011479454994099346
58 0.8486496624156039 0.19826198905696812 0.024381095273818456 0.010084754854629332
7 0.76115903975994 0.16586203197081859 0.01781695423855964 0.010084754854629332
22 0.5282258064516129 0.44410470979508637 0.021567891972993247 0.011908593498551657
7 0.3950675168792198 0.6422057719128849 0.015941485371342837 0.014590709151378608
13 0.872655663915979 0.131370024675464 0.015753938484621154 0.012766870507456281
224 0.10924606151537884 0.2274970496727819 0.014066016504126031 0.010835747237420878
118 0.10568267066766691 0.20072953545756894 0.02194298574643661 0.010513893359081643
211 0.7798199549887472 0.39169616993884776 0.012753188297074268 0.012015878124664736
118 0.26744186046511625 0.0969853020062225 0.019879969992498126 0.00965561635017702
118 0.7446549137284321 0.6665593820405535 0.02231807951987997 0.010299324106855488
211 0.22955738934733683 0.1355004827808175 0.008252063015753939 0.009441047097950864
211 0.8486496624156039 0.2907949790794979 0.015753938484621154 0.012766870507456281
99 0.7338709677419355 0.5307906876944534 0.011627906976744186 0.011479454994099346
99 0.7263690922730682 0.5701105031648964 0.011627906976744186 0.012230447376890892
118 0.8897224306076519 0.31246647355433965 0.01837959489872468 0.009548331724063941
22 0.09414853713428357 0.5051496620534277 0.01687921980495124 0.009333762471837787
118 0.918979744936234 0.6325501555627079 0.02250562640660165 0.01394700139470014
13 0.7825393848462115 0.5593283982405322 0.01781695423855964 0.01126488574187319
118 0.25975243810952736 0.10937667632228301 0.020630157539384845 0.008475485462933162
176 0.07051762940735183 0.2136036905911383 0.021005251312828207 0.00965561635017702
224 0.5354463615903976 0.3127346851196224 0.01350337584396099 0.010513893359081643
200 0.8929107276819205 0.5495118549511855 0.012753188297074268 0.009870185602403176
200 0.5361027756939235 0.10369059113828988 0.018567141785446363 0.013839716768587062
211 0.8385221305326331 0.5591674713013625 0.015753938484621154 0.011157601115760111
22 0.7651912978244562 0.391320673747452 0.011627906976744186 0.010835747237420878
160 0.7448424606151538 0.6800236026177449 0.015191297824456114 0.011479454994099346
7 0.21352213053263316 0.20255337410149127 0.018192048012003 0.010084754854629332
13 0.39581770442610653 0.6667203089797232 0.01744186046511628 0.011479454994099346
7 0.7494373593398349 0.29948503379465724 0.020255063765941484 0.00911919321961163
7 0.5567329332333083 0.11854951185495119 0.015191297824456114 0.011586739620212423
13 0.8819392348087022 0.2714301040660873 0.021192798199549886 0.011372170367986267
200 0.2161477869467367 0.1361978328505525 0.016316579144786198 0.008475485462933162
7 0.7297449362340586 0.2875764402961056 0.02138034508627157 0.0116940242463255
99 0.8977869467366841 0.15878124664735543 0.016504126031507877 0.010084754854629332
211 0.1375656414103526 0.13539319815470444 0.009564891222805702 0.00965561635017702
224 0.08627156789197299 0.14671172620963416 0.014628657164291074 0.008904623967385474
22 0.5480120030007501 0.6455315953223904 0.018754688672168042 0.011157601115760111
211 0.6241560390097525 0.11930050423774273 0.023630907726931733 0.014805278403604764
99 0.15285071267816955 0.23087651539534385 0.01687921980495124 0.012445016629117048
58 0.22008627156789198 0.10975217251367879 0.02231807951987997 0.007724493080141615
160 0.09846211552888222 0.12337732003003969 0.015003750937734433 0.010943031863533955
185 0.798668417104276 0.11484819225404999 0.01781695423855964 0.009333762471837787
200 0.7902288072018004 0.3122519043021135 0.02269317329332333 0.0116940242463255
22 0.8417104276069017 0.5870078317777062 0.016129032258064516 0.010835747237420878
211 0.31310952738184544 0.20609376676322283 0.00918979744936234 0.010943031863533955
200 0.5260690172543135 0.16194614311769123 0.01687921980495124 0.0116940242463255
110 0.19954988747186797 0.09644887887565712 0.020255063765941484 0.009870185602403176
160 0.7463428357089272 0.2875764402961056 0.018192048012003 0.01126488574187319
185 0.8198612153038259 0.18206201051389337 0.020817704426106528 0.011157601115760111
224 0.49334208552138037 0.6437613989915245 0.019317329332333082 0.010835747237420878
211 0.5210052513128282 0.36557236348031324 0.010127531882970742 0.012981439759682438
32 0.06329707426856714 0.17251367878982943 0.019692423105776444 0.012230447376890892
160 0.7846961740435109 0.5451668275936058 0.015753938484621154 0.011050316489647034
118 0.8611215303825956 0.14456603368737259 0.016691672918229556 0.014697993777491685
76 0.502906976744186 0.26493938418624613 0.019692423105776444 0.016414547795300934
200 0.12537509377344336 0.13448127883274327 0.014066016504126031 0.008690054715159318
32 0.12368717179294823 0.22814075742946036 0.016691672918229556 0.011050316489647034
185 0.8475243810952738 0.11661838858491579 0.016129032258064516 0.010084754854629332
200 0.8798762190547637 0.49249007617208457 0.018192048012003 0.012123162750777813
7 0.6993623405851462 0.5278940027894002 0.01687921980495124 0.01126488574187319
99 0.5166916729182296 0.16124879304795622 0.01350337584396099 0.013088724385795515
7 0.7437171792948237 0.15121768050638343 0.018567141785446363 0.0116940242463255
224 0.8558702175543886 0.15770840038622466 0.017066766691672917 0.012659585881343204
44 0.844523630907727 0.5718270571827058 0.019504876219054765 0.012659585881343204
118 0.557483120780195 0.2511533097307156 0.024193548387096774 0.008797339341272395
211 0.15660165041260315 0.5046668812359189 0.011252813203300824 0.009441047097950864
99 0.8374906226556639 0.25480098701856024 0.01781695423855964 0.014161570646926296
44 0.5408852213053263 0.4294603583306512 0.025506376594148537 0.010943031863533955
22 0.5097524381095274 0.1474627185924257 0.01387846961740435 0.011908593498551657
149 0.5346024006001501 0.2005149662053428 0.018567141785446363 0.011586739620212423
160 0.8780007501875469 0.5605621714408325 0.025318829707426858 0.014376139899152452
224 0.12284321080270068 0.20239244716232163 0.015003750937734433 0.011479454994099346
160 0.5712678169542386 0.5321853878339234 0.01350337584396099 0.013196009011908594
224 0.2556264066016504 0.23211028859564425 0.019879969992498126 0.010621177985194722
110 0.7574081020255063 0.543986696706362 0.014066016504126031 0.010621177985194722
185 0.8343023255813954 0.10342237957300719 0.02269317329332333 0.010513893359081643
118 0.78347711927982 0.17980903336551873 0.01894223555888972 0.009870185602403176
118 0.5783008252063015 0.19005471515931768 0.01894223555888972 0.012123162750777813
6 0.5482933233308327 0.3131638236240747 0.016316579144786198 0.011372170367986267
22 0.177231807951988 0.20244608947537818 0.020255063765941484 0.009441047097950864
22 0.8917854463615904 0.24080034331080355 0.020630157539384845 0.011050316489647034
22 0.9017254313578394 0.3987233129492544 0.017629407351837958 0.014697993777491685
211 0.11252813203300825 0.1348031327110825 0.008252063015753939 0.0116940242463255
200 0.2005813953488372 0.17760969853020062 0.014066016504126031 0.008904623967385474
7 0.7843210802700675 0.10122304473768909 0.016129032258064516 0.010835747237420878
76 0.06620405101275319 0.11002038407896149 0.020630157539384845 0.016199978543074776
224 0.26762940735183793 0.15052033043664842 0.015003750937734433 0.010299324106855488
106 0.8772505626406601 0.6319600901190859 0.026069017254313577 0.011479454994099346
118 0.9595836459114778 0.21317455208668598 0.02719429857464366 0.010084754854629332
32 0.8371155288822205 0.532346314773093 0.018567141785446363 0.011372170367986267
13 0.21905476369092272 0.15132496513249652 0.020255063765941484 0.010621177985194722
200 0.22608777194298574 0.18973286128097844 0.014441110277569393 0.010621177985194722
110 0.8453675918979745 0.6447269606265422 0.012940735183795949 0.009333762471837787
44 0.4121342835708927 0.6660229589099882 0.02231807951987997 0.011157601115760111
13 0.702456864216054 0.5149662053427744 0.021567891972993247 0.012230447376890892
224 0.7504688672168042 0.4489861602832314 0.01369092273068267 0.011157601115760111
106 0.7458739684921231 0.6138289883059758 0.023255813953488372 0.011479454994099346
44 0.8643098274568642 0.35892071666130243 0.015566391597899475 0.011908593498551657
106 0.9003188297074268 0.35854522046990667 0.018567141785446363 0.012659585881343204
44 0.7703488372093024 0.3256088402531917 0.021567891972993247 0.010299324106855488
200 0.5746436609152288 0.1041197296427422 0.016129032258064516 0.011908593498551657
160 0.16832333083270817 0.23087651539534385 0.014816204051012753 0.012445016629117048
211 0.23874718679669918 0.18989378822014805 0.008252063015753939 0.009870185602403176
211 0.16551012753188296 0.1764832099560133 0.00918979744936234 0.010728462611307799
211 0.8819392348087022 0.5739727497049673 0.00918979744936234 0.00965561635017702
13 0.15528882220555137 0.11055680720952688 0.019504876219054765 0.008475485462933162
200 0.7647224306076519 0.6138826306190323 0.01781695423855964 0.010084754854629332
13 0.6822955738934734 0.6393090870078317 0.023630907726931733 0.009441047097950864
7 0.7350900225056264 0.2325930694131531 0.01894223555888972 0.012445016629117048
224 0.09611777944486122 0.49168544147623644 0.01781695423855964 0.010299324106855488
211 0.4529257314328582 0.583896577620427 0.014253563390847712 0.011908593498551657
7 0.1427231807951988 0.539105246218217 0.01837959489872468 0.009441047097950864
110 0.05110652663165791 0.1852805492972857 0.015191297824456114 0.009226477845724708
211 0.7161477869467366 0.4993562922433215 0.012940735183795949 0.012123162750777813
185 0.8285821455363841 0.14091835639952796 0.023630907726931733 0.012123162750777813
211 0.2796324081020255 0.15330973071558845 0.00900225056264066 0.012230447376890892
160 0.819298574643661 0.37817830704859995 0.015191297824456114 0.012230447376890892
118 0.21905476369092272 0.17734148696491792 0.024381095273818456 0.010084754854629332
7 0.7701612903225806 0.15234416908057075 0.01781695423855964 0.010728462611307799
200 0.75 0.21864606801845296 0.015753938484621154 0.009870185602403176
118 0.7591897974493623 0.4186782534062869 0.021005251312828207 0.011050316489647034
22 0.5264441110277569 0.28054929728569894 0.01387846961740435 0.012445016629117048
58 0.6924231057764441 0.6112541572792619 0.024006001500375095 0.011479454994099346
22 0.2742873218304576 0.23253942710009656 0.015566391597899475 0.010621177985194722
22 0.20930232558139536 0.2440188820941959 0.016129032258064516 0.012123162750777813
7 0.12556264066016504 0.12251904302113507 0.019317329332333082 0.009870185602403176
22 0.5225056264066017 0.3105889925973608 0.012378094523630907 0.009441047097950864
160 0.14206676669167292 0.5182920287522798 0.01781695423855964 0.010299324106855488
7 0.5326331582895724 0.3654650788542002 0.017629407351837958 0.0116940242463255
185 0.7829144786196549 0.4637914386868362 0.017066766691672917 0.011372170367986267
200 0.7848837209302325 0.1267031434395451 0.015003750937734433 0.010084754854629332
22 0.8862528132033008 0.4666344812788327 0.016316579144786198 0.010835747237420878
13 0.782258064516129 0.2623645531595322 0.02138034508627157 0.011050316489647034
211 0.5231620405101275 0.3522690698422916 0.012940735183795949 0.010621177985194722
110 0.08730307576894224 0.12316275077781354 0.014066016504126031 0.00965561635017702
13 0.527006751687922 0.4283875120695204 0.025881470367591898 0.011372170367986267
211 0.27344336084021004 0.10953760326145263 0.011627906976744186 0.009226477845724708
22 0.28338334583645913 0.12386010084754855 0.016504126031507877 0.011908593498551657
8 0.859152288072018 0.6164574616457462 0.020630157539384845 0.012015878124664736
200 0.7043323330832708 0.49801523441690804 0.019317329332333082 0.013517862890247827
224 0.07389347336834208 0.13389121338912133 0.012753188297074268 0.009870185602403176
224 0.7324643660915229 0.4340735972535136 0.01744186046511628 0.012015878124664736
76 0.7410915228807202 0.6280442012659586 0.02269317329332333 0.01501984765583092
211 0.15219429857464367 0.09591245574509173 0.009564891222805702 0.010299324106855488
224 0.13981620405101275 0.24299967814612167 0.018567141785446363 0.014161570646926296
13 0.19654913728432108 0.2170367986267568 0.019879969992498126 0.010299324106855488
44 0.08645911477869467 0.531058899259736 0.02663165791447862 0.007724493080141615
106 0.3013878469617404 0.1255766548653578 0.019504876219054765 0.010835747237420878
106 0.7615341335333834 0.27539963523227123 0.023068267066766693 0.009870185602403176
143 0.2854463615903976 0.2572148911061045 0.019129782445611403 0.010406608732968566
211 0.5229744936234059 0.14944748417551765 0.01331582895723931 0.012659585881343204
8 0.47430607651912976 0.6284733397704109 0.02138034508627157 0.014161570646926296
149 0.1282820705176294 0.47779208239459287 0.02213053263315829 0.011908593498551657
224 0.15256939234808703 0.17492758287737367 0.014066016504126031 0.011050316489647034
119 0.9134471117779445 0.21247720201695097 0.017066766691672917 0.011908593498551657
58 0.2533758439609902 0.1899474305332046 0.021005251312828207 0.011050316489647034
160 0.8217366841710427 0.3653577942280871 0.017066766691672917 0.011908593498551657
58 0.8654351087771943 0.5200085827700891 0.02644411102775694 0.010513893359081643
22 0.8922543135783946 0.41245574509172833 0.021567891972993247 0.010621177985194722
224 0.7354651162790697 0.3786610878661088 0.014066016504126031 0.00911919321961163
106 0.7228057014253564 0.40553588670743485 0.024381095273818456 0.00965561635017702
118 0.72768192048012 0.6544362192897758 0.0172543135783946 0.010513893359081643
13 0.5333833458364591 0.6454243106962773 0.015378844711177795 0.012015878124664736
200 0.07633158289572393 0.17272824804205558 0.01350337584396099 0.008368200836820083
185 0.1460052513128282 0.49265100311125415 0.02231807951987997 0.010299324106855488
7 0.4653038259564891 0.5832528698637486 0.014253563390847712 0.012123162750777813
7 0.7662228057014253 0.3366055144297822 0.014816204051012753 0.008904623967385474
224 0.1096211552888222 0.5308979723205665 0.019692423105776444 0.00804634695848085
118 0.8666541635408852 0.5732753996352322 0.020630157539384845 0.011479454994099346
118 0.49456114028507125 0.6145263383757108 0.02213053263315829 0.010084754854629332
44 0.10980870217554388 0.1741229481815256 0.023443360840210054 0.009441047097950864
119 0.7743810952738185 0.4059113828988306 0.016129032258064516 0.01126488574187319
149 0.8302700675168793 0.6696169938847764 0.020630157539384845 0.010835747237420878
58 0.5412603150787697 0.2800665164681901 0.02250562640660165 0.011908593498551657
44 0.8721867966991748 0.6701534170153417 0.029444861215303826 0.011479454994099346
99 0.5080645161290323 0.1745520866859779 0.015378844711177795 0.013517862890247827
200 0.2514066016504126 0.09709258663233558 0.01781695423855964 0.009441047097950864
106 0.20911477869467368 0.18919643815041304 0.02288072018004501 0.01126488574187319
211 0.7706301575393848 0.10143761398991524 0.011252813203300824 0.0116940242463255
119 0.313953488372093 0.19150305761184422 0.015753938484621154 0.010299324106855488
149 0.8254876219054764 0.1697242785108894 0.018567141785446363 0.012230447376890892
32 0.2907914478619655 0.23211028859564425 0.01744186046511628 0.011050316489647034
44 0.7187734433608403 0.6403819332689625 0.02194298574643661 0.00965561635017702
6 0.7698799699924981 0.5852376354468405 0.0172543135783946 0.012015878124664736
22 0.5642348087021756 0.18914279583735652 0.012940735183795949 0.012445016629117048
149 0.7314328582145536 0.3243214247398348 0.024006001500375095 0.010943031863533955
143 0.8706864216054013 0.10352966419912027 0.017066766691672917 0.010299324106855488
200 0.5599212303075769 0.31493401995494047 0.011440360090022505 0.009977470228516253
176 0.5274756189047262 0.1365733290419483 0.019692423105776444 0.012445016629117048
32 0.8543698424606152 0.42146765368522693 0.015191297824456114 0.009548331724063941
7 0.8318642160540135 0.6442978221220899 0.01744186046511628 0.01126488574187319
13 0.794073518379595 0.6554017809247935 0.01687921980495124 0.010943031863533955
7 0.780570142535634 0.6667739512927797 0.016504126031507877 0.011157601115760111
6 0.16569767441860464 0.13501770196330865 0.01781695423855964 0.008904623967385474
106 0.2651912978244561 0.17755605621714407 0.019129782445611403 0.010513893359081643
118 0.5737996999249813 0.31547044308550587 0.018192048012003 0.012766870507456281
176 0.12734433608402101 0.5042913850445231 0.019879969992498126 0.010621177985194722
149 0.17291822955738934 0.5046132389228624 0.020630157539384845 0.01126488574187319
22 0.14141035258814705 0.20282158566677394 0.019879969992498126 0.011479454994099346
58 0.06207801950487622 0.47586095912455745 0.02175543885971493 0.012123162750777813
22 0.05007501875468867 0.1331402210063298 0.015003750937734433 0.010299324106855488
58 0.16363465866466617 0.16387726638772665 0.02194298574643661 0.008475485462933162
211 0.8122655663915979 0.4060186675249437 0.011627906976744186 0.010621177985194722
44 0.4086646661665416 0.5996137753459929 0.0172543135783946 0.00965561635017702
106 0.8945986496624156 0.17294281729428174 0.0277569392348087 0.010513893359081643
224 0.7879782445611403 0.32550155562707866 0.01781695423855964 0.010513893359081643
106 0.14403600900225055 0.12327003540392661 0.019879969992498126 0.010728462611307799
44 0.49681170292573146 0.5847548546293316 0.020255063765941484 0.010621177985194722
185 0.8258627156789198 0.20834674391159747 0.01894223555888972 0.011372170367986267
119 0.5627344336084021 0.1364660444158352 0.018192048012003 0.012230447376890892
110 0.48424606151537886 0.5848084969423881 0.023630907726931733 0.012659585881343204
118 0.19692423105776444 0.20244608947537818 0.019879969992498126 0.009870185602403176
200 0.15678919729932483 0.18812359188928227 0.015753938484621154 0.011050316489647034
200 0.5618904726181545 0.5322926724600365 0.010127531882970742 0.009762900976290097
44 0.891410352588147 0.10331509494689411 0.023630907726931733 0.009441047097950864
44 0.7372468117029257 0.4187855380324 0.023630907726931733 0.01126488574187319
200 0.5282258064516129 0.41615706469262953 0.020817704426106528 0.013732432142473983
118 0.5492310577644411 0.21322819439974253 0.019317329332333082 0.010621177985194722
160 0.5723930982745686 0.1177448771591031 0.01800450112528132 0.012123162750777813
22 0.8305513878469617 0.11715481171548117 0.014441110277569393 0.010299324106855488
32 0.744748687171793 0.1647891857096878 0.019129782445611403 0.010728462611307799
58 0.32473743435858965 0.20668383220684475 0.020817704426106528 0.012123162750777813
99 0.8388034508627157 0.6309945284840682 0.014441110277569393 0.011050316489647034
22 0.452456864216054 0.6671494474841755 0.01369092273068267 0.010621177985194722
7 0.1284696174043511 0.5284840682330222 0.019504876219054765 0.010084754854629332
200 0.7772880720180045 0.5166291170475271 0.015566391597899475 0.010835747237420878
58 0.49962490622655664 0.6693487823194936 0.018754688672168042 0.010299324106855488
22 0.1758252063015754 0.5182920287522798 0.01744186046511628 0.010728462611307799
200 0.8041072768192048 0.36551872116725675 0.01894223555888972 0.011157601115760111
176 0.714834958739685 0.5985945713979187 0.018192048012003 0.011050316489647034
149 0.7180232558139535 0.6121124342881665 0.026069017254313577 0.0116940242463255
32 0.8941297824456114 0.21279905589529022 0.02194298574643661 0.01126488574187319
106 0.5378844711177795 0.11763759253299003 0.02175543885971493 0.01233773200300397
119 0.18407726931732935 0.10926939169616993 0.014066016504126031 0.008260916210707006
224 0.15453863465866466 0.1496620534277438 0.020255063765941484 0.009226477845724708
211 0.17291822955738934 0.12375281622143547 0.00900225056264066 0.008904623967385474
22 0.7646286571642911 0.44946894110074026 0.016129032258064516 0.01126488574187319
7 0.8980682670667667 0.6314773093015771 0.01744186046511628 0.012874155133569359
106 0.8654351087771943 0.4930264993026499 0.020817704426106528 0.011908593498551657
200 0.14891222805701426 0.13448127883274327 0.01312828207051763 0.008690054715159318
44 0.7354651162790697 0.2740049350928012 0.029819954988747188 0.009870185602403176
99 0.8765941485371342 0.618334942602725 0.015003750937734433 0.01341057826413475
22 0.30532633158289574 0.28510889389550476 0.020630157539384845 0.010835747237420878
44 0.7439984996249063 0.6416693487823195 0.024381095273818456 0.010728462611307799
211 0.7334958739684921 0.5981117905804099 0.011627906976744186 0.010084754854629332
58 0.4300450112528132 0.6270249973178843 0.0172543135783946 0.012123162750777813
224 0.7645348837209303 0.35017701963308656 0.012940735183795949 0.009870185602403176
99 0.741747936984246 0.543986696706362 0.012378094523630907 0.010621177985194722
200 0.1821080270067517 0.09591245574509173 0.01687921980495124 0.009870185602403176
7 0.3005438859714929 0.20518184744126167 0.017066766691672917 0.011479454994099346
200 0.8558702175543886 0.6442441798090334 0.011440360090022505 0.009870185602403176
44 0.07286196549137285 0.09457139791867826 0.024568642160540135 0.010835747237420878
211 0.0622655663915979 0.13410578264134748 0.0086271567891973 0.009441047097950864
211 0.8563390847711928 0.3442763651968673 0.016129032258064516 0.011586739620212423
185 0.21886721680420104 0.09580517111897865 0.019129782445611403 0.009226477845724708
22 0.8678732183045762 0.19836927368308122 0.018192048012003 0.009870185602403176
22 0.1364403600900225 0.14907198798412188 0.014066016504126031 0.009762900976290097
13 0.7138972243060765 0.418892822658513 0.02231807951987997 0.010621177985194722
224 0.5004688672168042 0.324643278618174 0.020067516879219805 0.010084754854629332
13 0.7974493623405852 0.20641562064156208 0.015753938484621154 0.011157601115760111
224 0.8552138034508627 0.129975324535994 0.016504126031507877 0.011050316489647034
106 0.2518754688672168 0.24519901298143976 0.024006001500375095 0.012981439759682438
