7 0.1044776119402985 0.20467032967032966 0.015754560530679935 0.018445839874411302
22 0.1150497512437811 0.25470957613814754 0.019485903814262025 0.018838304552590265
185 0.2769485903814262 0.25039246467817894 0.02155887230514096 0.018838304552590265
58 0.462893864013267 0.14383830455259028 0.026119402985074626 0.020015698587127158
224 0.486318407960199 0.16875981161695447 0.014096185737976783 0.022762951334379906
22 0.2058457711442786 0.20388540031397173 0.02529021558872305 0.020800627943485087
32 0.5230099502487562 0.24293563579277866 0.01782752902155887 0.022762951334379906
200 0.4222636815920398 0.3716640502354788 0.018656716417910446 0.019623233908948195
22 0.36401326699834163 0.3457613814756672 0.02321724709784411 0.023547880690737835
99 0.07379767827529021 0.12853218210361067 0.014925373134328358 0.021585557299843013
211 0.5516169154228856 0.2925824175824176 0.011194029850746268 0.021585557299843013
224 0.4521144278606965 0.3457613814756672 0.01616915422885572 0.02119309262166405
224 0.44112769485903813 0.2435243328100471 0.020729684908789386 0.024725274725274724
200 0.3907545605306799 0.3730376766091052 0.021144278606965175 0.019230769230769232
106 0.4821724709784411 0.3977629513343799 0.02155887230514096 0.019230769230769232
118 0.15713101160862356 0.25372841444270017 0.02155887230514096 0.020800627943485087
58 0.2769485903814262 0.40129513343799056 0.02736318407960199 0.021585557299843013
118 0.4803067993366501 0.3469387755102041 0.019485903814262025 0.022762951334379906
32 0.19382255389718075 0.10459183673469388 0.0203150912106136 0.019230769230769232
58 0.2361111111111111 0.32672684458398743 0.028606965174129355 0.019230769230769232
119 0.3988391376451078 0.2708006279434851 0.020729684908789386 0.02197802197802198
58 0.13743781094527363 0.40620094191522765 0.026119402985074626 0.018838304552590265
58 0.26927860696517414 0.20172684458398743 0.02529021558872305 0.019623233908948195
118 0.39344941956882257 0.39717425431711145 0.02321724709784411 0.019623233908948195
7 0.19796849087893864 0.25058869701726844 0.019485903814262025 0.020015698587127158
7 0.5203150912106136 0.141287284144427 0.02155887230514096 0.02119309262166405
22 0.15070480928689883 0.3536106750392465 0.018656716417910446 0.01805337519623234
22 0.267620232172471 0.179160125588697 0.019485903814262025 0.020015698587127158
160 0.4755389718076285 0.19152276295133439 0.01658374792703151 0.02119309262166405
224 0.32172470978441126 0.37401883830455257 0.02155887230514096 0.02119309262166405
119 0.43781094527363185 0.31907378335949765 0.01990049751243781 0.018838304552590265
22 0.1720563847429519 0.08516483516483517 0.01824212271973466 0.01805337519623234
110 0.03544776119402985 0.30612244897959184 0.0203150912106136 0.02197802197802198
200 0.13930348258706468 0.3029827315541601 0.020729684908789386 0.02119309262166405
22 0.11878109452736318 0.37990580847723704 0.016998341625207296 0.02197802197802198
13 0.18076285240464346 0.33006279434850866 0.02404643449419569 0.02197802197802198
22 0.17744610281923714 0.18092621664050235 0.02155887230514096 0.018838304552590265
58 0.20439469320066336 0.179160125588697 0.03150912106135987 0.024725274725274724
224 0.3870232172470978 0.21997645211930927 0.0203150912106136 0.018445839874411302
160 0.25538971807628524 0.37558869701726844 0.01658374792703151 0.019623233908948195
118 0.11774461028192372 0.3565541601255887 0.019071310116086235 0.019230769230769232
7 0.3548922056384743 0.29552590266875983 0.02155887230514096 0.02197802197802198
224 0.13723051409618575 0.37990580847723704 0.019071310116086235 0.02197802197802198
211 0.18407960199004975 0.15306122448979592 0.01990049751243781 0.02119309262166405
211 0.22885572139303484 0.10576923076923077 0.01077943615257048 0.019230769230769232
13 0.09660033167495855 0.38441915227629514 0.024875621890547265 0.020015698587127158
7 0.4591625207296849 0.19211145996860282 0.021144278606965175 0.019230769230769232
211 0.5279850746268657 0.16817111459968603 0.011194029850746268 0.023940345368916798
118 0.07524875621890548 0.38402668759811615 0.0269485903814262 0.019230769230769232
200 0.42412935323383083 0.1705259026687598 0.019071310116086235 0.020015698587127158
200 0.22118573797678276 0.30180533751962324 0.0236318407960199 0.022762951334379906
211 0.4048507462686567 0.29552590266875983 0.018656716417910446 0.022762951334379906
119 0.05866500829187396 0.30416012558869704 0.0236318407960199 0.019623233908948195
200 0.46496683250414594 0.29375981161695447 0.021144278606965175 0.019230769230769232
119 0.23507462686567165 0.15266875981161696 0.01990049751243781 0.02197802197802198
13 0.09432006633499171 0.17974882260596547 0.02197346600331675 0.019623233908948195
6 0.0945273631840796 0.2562794348508634 0.02155887230514096 0.02119309262166405
13 0.3472222222222222 0.152276295133438 0.022802653399668325 0.018838304552590265
7 0.5167910447761194 0.16679748822605966 0.016998341625207296 0.02433281004709576
224 0.4363598673300166 0.3449764521193093 0.015339966832504145 0.023547880690737835
200 0.2980928689883914 0.25 0.01990049751243781 0.019623233908948195
160 0.21579601990049752 0.15266875981161696 0.010364842454394693 0.02040816326530612
200 0.4349087893864013 0.3979591836734694 0.01990049751243781 0.019623233908948195
7 0.43138474295190715 0.11891679748822606 0.018656716417910446 0.02197802197802198
200 0.3675373134328358 0.12382260596546311 0.01782752902155887 0.020800627943485087
8 0.3099087893864013 0.12735478806907377 0.018656716417910446 0.019230769230769232
7 0.3650497512437811 0.3218210361067504 0.015339966832504145 0.018838304552590265
6 0.5010364842454395 0.16817111459968603 0.0203150912106136 0.020015698587127158
58 0.17723880597014927 0.4032574568288854 0.026119402985074626 0.022370486656200943
224 0.07027363184079602 0.4111067503924647 0.021144278606965175 0.019230769230769232
211 0.15796019900497513 0.22880690737833595 0.012437810945273632 0.02433281004709576
118 0.45356550580431176 0.11891679748822606 0.020729684908789386 0.019623233908948195
211 0.44796849087893864 0.271193092621664 0.010364842454394693 0.022762951334379906
200 0.5344112769485904 0.39756671899529045 0.020729684908789386 0.02040816326530612
22 0.16376451077943616 0.27668759811616955 0.01658374792703151 0.016483516483516484
200 0.050165837479270316 0.4085557299843014 0.02321724709784411 0.02119309262166405
224 0.11898839137645108 0.12990580847723704 0.024875621890547265 0.018838304552590265
185 0.1589966832504146 0.3793171114599686 0.022802653399668325 0.02315541601255887
224 0.3441127694859038 0.19819466248037676 0.017412935323383085 0.01805337519623234
22 0.21766169154228857 0.37637362637362637 0.01990049751243781 0.01805337519623234
99 0.4077529021558872 0.37127158555729983 0.013681592039800995 0.016483516483516484
200 0.22781923714759536 0.179160125588697 0.01451077943615257 0.021585557299843013
99 0.11546434494195688 0.1534536891679749 0.01616915422885572 0.019623233908948195
32 0.12023217247097844 0.30376766091051804 0.01658374792703151 0.02197802197802198
22 0.040008291873963514 0.3581240188383045 0.018656716417910446 0.022370486656200943
58 0.15609452736318408 0.17974882260596547 0.022802653399668325 0.018838304552590265
6 0.4127280265339967 0.3983516483516483 0.021144278606965175 0.023547880690737835
224 0.26243781094527363 0.2751177394034537 0.01824212271973466 0.019623233908948195
200 0.5688225538971807 0.29336734693877553 0.02155887230514096 0.022370486656200943
7 0.21351575456053068 0.10616169544740973 0.01824212271973466 0.020800627943485087
7 0.2537313432835821 0.15306122448979592 0.014925373134328358 0.02119309262166405
211 0.2804726368159204 0.34870486656200944 0.012023217247097845 0.019230769230769232
224 0.14262023217247097 0.22919937205651492 0.019071310116086235 0.023547880690737835
224 0.5186567164179104 0.11616954474097331 0.015754560530679935 0.018838304552590265
211 0.41024046434494194 0.1726844583987441 0.011194029850746268 0.018838304552590265
6 0.357379767827529 0.24705651491365777 0.01824212271973466 0.022370486656200943
13 0.13287728026533996 0.35498430141287285 0.021144278606965175 0.018445839874411302
7 0.12748756218905472 0.27864992150706436 0.0269485903814262 0.02040816326530612
22 0.3003731343283582 0.4003139717425432 0.018656716417910446 0.019623233908948195
200 0.44776119402985076 0.21762166405023547 0.01990049751243781 0.021585557299843013
211 0.29498341625207297 0.12912087912087913 0.013681592039800995 0.02197802197802198
224 0.16438640132669982 0.15482731554160126 0.0203150912106136 0.020015698587127158
7 0.06011608623548922 0.3577315541601256 0.019071310116086235 0.021585557299843013
58 0.17412935323383086 0.20467032967032966 0.03067993366500829 0.020800627943485087
99 0.18325041459369817 0.2755102040816326 0.017412935323383085 0.019623233908948195
22 0.4730514096185738 0.16915227629513344 0.017412935323383085 0.019623233908948195
118 0.28834991708126034 0.17739403453689168 0.021144278606965175 0.02119309262166405
224 0.27238805970149255 0.37578492935635793 0.019071310116086235 0.019230769230769232
7 0.2531094527363184 0.22704081632653061 0.019485903814262025 0.020015698587127158
7 0.3412106135986733 0.24744897959183673 0.020729684908789386 0.018445839874411302
118 0.32566334991708124 0.15266875981161696 0.0203150912106136 0.01805337519623234
106 0.35655058043117743 0.271585557299843 0.02736318407960199 0.02040816326530612
185 0.44423714759535654 0.16934850863422293 0.0203150912106136 0.020015698587127158
7 0.4997927031509121 0.3967817896389325 0.0203150912106136 0.022762951334379906
99 0.4896351575456053 0.11616954474097331 0.014096185737976783 0.02197802197802198
149 0.2025290215588723 0.27433281004709575 0.022802653399668325 0.01805337519623234
99 0.5178275290215588 0.3979591836734694 0.014925373134328358 0.02197802197802198
22 0.4154228855721393 0.14795918367346939 0.020729684908789386 0.018838304552590265
119 0.2470978441127695 0.35047095761381475 0.02155887230514096 0.019623233908948195
211 0.0806384742951907 0.25510204081632654 0.012023217247097845 0.019623233908948195
200 0.20066334991708126 0.22978806907378335 0.02404643449419569 0.020015698587127158
16 0.41832504145936983 0.271193092621664 0.01990049751243781 0.019623233908948195
22 0.19962686567164178 0.35243328100470955 0.018656716417910446 0.02040816326530612
211 0.31467661691542287 0.2727629513343799 0.013266998341625208 0.019623233908948195
13 0.14697346600331676 0.27433281004709575 0.015339966832504145 0.015698587127158554
6 0.3472222222222222 0.32221350078492933 0.019485903814262025 0.019623233908948195
6 0.2361111111111111 0.402276295133438 0.022802653399668325 0.023547880690737835
200 0.46434494195688225 0.3979591836734694 0.020729684908789386 0.02040816326530612
200 0.23839137645107794 0.37578492935635793 0.02321724709784411 0.017660910518053376
13 0.24357379767827528 0.1283359497645212 0.01782752902155887 0.018838304552590265
7 0.07545605306799337 0.2782574568288854 0.02736318407960199 0.018838304552590265
110 0.32483416252072966 0.3977629513343799 0.021144278606965175 0.021585557299843013
211 0.35634328358208955 0.3730376766091052 0.011194029850746268 0.019230769230769232
224 0.4689054726368159 0.37362637362637363 0.019071310116086235 0.02197802197802198
13 0.351575456053068 0.1259811616954474 0.019071310116086235 0.018838304552590265
211 0.4653814262023217 0.34654631083202514 0.008706467661691543 0.02119309262166405
6 0.574212271973466 0.39717425431711145 0.017412935323383085 0.02040816326530612
200 0.5084991708126037 0.19270015698587128 0.01782752902155887 0.02119309262166405
7 0.05970149253731343 0.20506279434850863 0.017412935323383085 0.022370486656200943
211 0.037728026533996685 0.1815149136577708 0.013266998341625208 0.018445839874411302
200 0.26119402985074625 0.12892464678178964 0.01824212271973466 0.019230769230769232
224 0.21455223880597016 0.40188383045525905 0.021144278606965175 0.02119309262166405
185 0.1011608623548922 0.27864992150706436 0.020729684908789386 0.019623233908948195
224 0.24087893864013268 0.29945054945054944 0.019071310116086235 0.02119309262166405
13 0.061774461028192375 0.2564756671899529 0.02736318407960199 0.018445839874411302
22 0.4349087893864013 0.2709968602825746 0.01990049751243781 0.020015698587127158
200 0.32732172470978443 0.19956828885400313 0.022802653399668325 0.018445839874411302
118 0.3208955223880597 0.24921507064364207 0.02321724709784411 0.02119309262166405
149 0.2634742951907131 0.32653061224489793 0.026119402985074626 0.02040816326530612
211 0.308665008291874 0.3475274725274725 0.013681592039800995 0.020800627943485087
224 0.32939469320066334 0.3220172684458399 0.01782752902155887 0.019230769230769232
7 0.5006218905472637 0.3206436420722135 0.027777777777777776 0.02197802197802198
58 0.37582918739635157 0.17346938775510204 0.028606965174129355 0.02040816326530612
176 0.3119817578772803 0.22527472527472528 0.0203150912106136 0.02040816326530612
13 0.1486318407960199 0.32986656200941916 0.01782752902155887 0.020015698587127158
44 0.33250414593698174 0.12755102040816327 0.028192371475953566 0.019623233908948195
149 0.36691542288557216 0.19740973312401883 0.022388059701492536 0.01805337519623234
224 0.271558872305141 0.15404238618524332 0.01658374792703151 0.020015698587127158
119 0.1861525704809287 0.08555729984301413 0.02155887230514096 0.019623233908948195
99 0.38412106135986734 0.12186028257456828 0.01782752902155887 0.020015698587127158
211 0.4595771144278607 0.16915227629513344 0.009535655058043118 0.02119309262166405
118 0.15920398009950248 0.304552590266876 0.02155887230514096 0.02197802197802198
118 0.556799336650083 0.24293563579277866 0.01990049751243781 0.02511773940345369
160 0.3009950248756219 0.10380690737833595 0.02321724709784411 0.020800627943485087
22 0.42330016583747926 0.3475274725274725 0.013266998341625208 0.022370486656200943
6 0.27922885572139305 0.1283359497645212 0.021144278606965175 0.018838304552590265
160 0.09825870646766169 0.15423861852433282 0.020729684908789386 0.02040816326530612
76 0.287106135986733 0.30043171114599687 0.024461028192371476 0.02943485086342229
118 0.47823383084577115 0.24332810047095763 0.021144278606965175 0.02040816326530612
13 0.22761194029850745 0.08202511773940345 0.01824212271973466 0.018838304552590265
185 0.4722222222222222 0.11793563579277865 0.02404643449419569 0.020800627943485087
22 0.26119402985074625 0.2986656200941915 0.020729684908789386 0.018838304552590265
200 0.29249585406301826 0.22762951334379905 0.018656716417910446 0.018838304552590265
200 0.3072139303482587 0.1532574568288854 0.017412935323383085 0.019230769230769232
7 0.3988391376451078 0.12264521193092622 0.026533996683250415 0.02315541601255887
99 0.20190713101160862 0.3033751962323391 0.014096185737976783 0.023547880690737835
7 0.37997512437810943 0.27197802197802196 0.0203150912106136 0.02040816326530612
6 0.2810945273631841 0.27472527472527475 0.01990049751243781 0.02119309262166405
119 0.48383084577114427 0.2925824175824176 0.019071310116086235 0.021585557299843013
13 0.1859452736318408 0.12892464678178964 0.022802653399668325 0.020800627943485087
200 0.5002072968490879 0.29140502354788067 0.019485903814262025 0.020800627943485087
224 0.4141791044776119 0.12087912087912088 0.012437810945273632 0.023547880690737835
176 0.5549336650082919 0.39717425431711145 0.018656716417910446 0.02119309262166405
16 0.05223880597014925 0.27884615384615385 0.019071310116086235 0.017660910518053376
6 0.17682421227197345 0.22782574568288855 0.02197346600331675 0.020015698587127158
176 0.5180348258706468 0.29140502354788067 0.022802653399668325 0.021585557299843013
149 0.30845771144278605 0.2980769230769231 0.02570480928689884 0.022370486656200943
224 0.376865671641791 0.14992150706436422 0.017412935323383085 0.018838304552590265
22 0.2458540630182421 0.2760989010989011 0.020729684908789386 0.016875981161695447
22 0.17951907131011607 0.3793171114599686 0.01824212271973466 0.020800627943485087
118 0.1589966832504146 0.12951334379905807 0.030265339966832505 0.023547880690737835
200 0.1181592039800995 0.23018053375196232 0.024875621890547265 0.022370486656200943
99 0.05140961857379768 0.18092621664050235 0.015754560530679935 0.02197802197802198
58 0.28814262023217246 0.32535321821036106 0.02404643449419569 0.01805337519623234
44 0.11608623548922056 0.3292778649921507 0.02570480928689884 0.022762951334379906
22 0.3343698175787728 0.2717817896389325 0.02197346600331675 0.018445839874411302
22 0.20211442786069653 0.32731554160125587 0.015339966832504145 0.018838304552590265
22 0.2898009950248756 0.20153061224489796 0.020729684908789386 0.018445839874411302
160 0.37603648424543945 0.24489795918367346 0.017412935323383085 0.018838304552590265
58 0.3982172470978441 0.2468602825745683 0.0269485903814262 0.019623233908948195
7 0.17184908789386402 0.10419937205651492 0.02197346600331675 0.019230769230769232
13 0.08934494195688225 0.23116169544740972 0.02197346600331675 0.019623233908948195
7 0.2537313432835821 0.4028649921507064 0.020729684908789386 0.023940345368916798
224 0.3072139303482587 0.17778649921507064 0.017412935323383085 0.02119309262166405
211 0.1351575456053068 0.32908163265306123 0.008291873963515755 0.020800627943485087
99 0.2193200663349917 0.25078492935635793 0.020729684908789386 0.019623233908948195
16 0.3553067993366501 0.3999215070643642 0.02155887230514096 0.02197802197802198
224 0.18055555555555555 0.2521585557299843 0.018656716417910446 0.020800627943485087
224 0.46123548922056384 0.2684458398744113 0.01782752902155887 0.02197802197802198
22 0.208955223880597 0.08379120879120878 0.017412935323383085 0.019230769230769232
99 0.357379767827529 0.22213500784929358 0.013266998341625208 0.018838304552590265
185 0.059286898839137646 0.15502354788069073 0.02155887230514096 0.018838304552590265
7 0.5026948590381426 0.11656200941915228 0.01782752902155887 0.022762951334379906
106 0.2740464344941957 0.22645211930926218 0.02155887230514096 0.022762951334379906
22 0.24170812603648426 0.10635792778649922 0.019071310116086235 0.018838304552590265
200 0.11525704809286899 0.17896389324960754 0.015754560530679935 0.02119309262166405
32 0.1550580431177446 0.08457613814756672 0.02404643449419569 0.022370486656200943
22 0.1322553897180763 0.15364992150706436 0.020729684908789386 0.021585557299843013
185 0.34183250414593697 0.3457613814756672 0.019485903814262025 0.019623233908948195
211 0.34328358208955223 0.22331240188383045 0.009950248756218905 0.02040816326530612
7 0.20874792703150913 0.1293171114599686 0.01782752902155887 0.020800627943485087
211 0.05970149253731343 0.12872841444270017 0.014096185737976783 0.018838304552590265
7 0.04560530679933665 0.3850078492935636 0.03233830845771144 0.019623233908948195
16 0.2228441127694859 0.2739403453689168 0.015339966832504145 0.02040816326530612
211 0.449212271973466 0.3981554160125589 0.010364842454394693 0.019230769230769232
13 0.49191542288557216 0.1934850863422292 0.016998341625207296 0.019623233908948195
7 0.425787728026534 0.19289638932496075 0.019071310116086235 0.020015698587127158
99 0.021144278606965175 0.3604788069073783 0.017412935323383085 0.024725274725274724
149 0.09390547263681592 0.12951334379905807 0.02529021558872305 0.022762951334379906
32 0.4046434494195688 0.19544740973312402 0.022388059701492536 0.019623233908948195
211 0.45149253731343286 0.320447409733124 0.011608623548922056 0.019230769230769232
106 0.3951077943615257 0.14952904238618525 0.01990049751243781 0.01805337519623234
16 0.12375621890547264 0.2021193092621664 0.0203150912106136 0.019623233908948195
149 0.5024875621890548 0.2435243328100471 0.02404643449419569 0.022370486656200943
7 0.417910447761194 0.31927001569858715 0.019071310116086235 0.019230769230769232
106 0.2777777777777778 0.10576923076923077 0.02155887230514096 0.020015698587127158
160 0.5267412935323383 0.19152276295133439 0.018656716417910446 0.02433281004709576
7 0.29933665008291876 0.27413657770800626 0.017412935323383085 0.020015698587127158
224 0.2603648424543947 0.10518053375196232 0.01990049751243781 0.016483516483516484
185 0.18097014925373134 0.35302197802197804 0.021144278606965175 0.017660910518053376
185 0.3853648424543947 0.2947409733124019 0.019485903814262025 0.02119309262166405
7 0.40754560530679934 0.2195839874411303 0.019071310116086235 0.021585557299843013
22 0.33188225538971805 0.2237048665620094 0.016998341625207296 0.02040816326530612
106 0.4210199004975124 0.29493720565149134 0.026119402985074626 0.02315541601255887
106 0.1828358208955224 0.30357142857142855 0.028192371475953566 0.022370486656200943
149 0.2191127694859038 0.22802197802197802 0.01451077943615257 0.02040816326530612
149 0.2574626865671642 0.25078492935635793 0.02321724709784411 0.01805337519623234
99 0.03897180762852405 0.23312401883830455 0.01990049751243781 0.01726844583987441
224 0.07898009950248756 0.35910518053375196 0.016998341625207296 0.02197802197802198
160 0.10199004975124377 0.30200156985871274 0.01990049751243781 0.02315541601255887
224 0.6055140961857379 0.39737048665620095 0.016998341625207296 0.024725274725274724
224 0.32296849087893864 0.3467425431711146 0.01824212271973466 0.02315541601255887
13 0.32234660033167495 0.1779827315541601 0.02197346600331675 0.018445839874411302
119 0.2462686567164179 0.2021193092621664 0.01658374792703151 0.01805337519623234
200 0.13619402985074627 0.1281397174254317 0.01616915422885572 0.020800627943485087
22 0.3851575456053068 0.1968210361067504 0.01990049751243781 0.019230769230769232
7 0.589759535655058 0.39717425431711145 0.015339966832504145 0.02197802197802198
22 0.5387645107794361 0.24332810047095763 0.01782752902155887 0.02197802197802198
7 0.36256218905472637 0.1512951334379906 0.013681592039800995 0.019230769230769232
6 0.35302653399668327 0.17405808477237047 0.0203150912106136 0.018445839874411302
44 0.44859038142620233 0.37244897959183676 0.02902155887230514 0.02119309262166405
149 0.48403814262023215 0.14305337519623235 0.021144278606965175 0.018445839874411302
211 0.4450663349917081 0.14580062794348508 0.012023217247097845 0.019230769230769232
7 0.458955223880597 0.24372056514913656 0.01824212271973466 0.02197802197802198
7 0.08271144278606965 0.30278649921507067 0.0203150912106136 0.022370486656200943
200 0.396558872305141 0.17307692307692307 0.021144278606965175 0.02040816326530612
211 0.09701492537313433 0.35694662480376765 0.020729684908789386 0.021585557299843013
200 0.2947761194029851 0.34850863422291994 0.01824212271973466 0.019623233908948195
224 0.37106135986733 0.3730376766091052 0.017412935323383085 0.017660910518053376
106 0.22367330016583747 0.3510596546310832 0.0269485903814262 0.019230769230769232
13 0.4873548922056385 0.21801412872841444 0.019485903814262025 0.020800627943485087
224 0.13142620232172472 0.1781789638932496 0.014925373134328358 0.019623233908948195
149 0.07151741293532338 0.1793563579277865 0.024461028192371476 0.019623233908948195
118 0.2468905472636816 0.17876766091051804 0.02197346600331675 0.019230769230769232
211 0.16728855721393035 0.3510596546310832 0.01782752902155887 0.023940345368916798
224 0.46434494195688225 0.31887755102040816 0.01658374792703151 0.017660910518053376
211 0.44154228855721395 0.19289638932496075 0.011608623548922056 0.022370486656200943
118 0.09100331674958541 0.4109105180533752 0.02197346600331675 0.02197802197802198
7 0.4098258706467662 0.34654631083202514 0.01782752902155887 0.02040816326530612
99 0.4324212271973466 0.14638932496075352 0.014096185737976783 0.02040816326530612
119 0.5029021558872305 0.14324960753532182 0.017412935323383085 0.02040816326530612
22 0.34307628524046435 0.37343014128728413 0.01782752902155887 0.019230769230769232
160 0.22616086235489222 0.12892464678178964 0.015339966832504145 0.018445839874411302
211 0.036898839137645106 0.15404238618524332 0.02155887230514096 0.016875981161695447
200 0.15775290215588722 0.40404238618524335 0.02197346600331675 0.015306122448979591
211 0.12956053067993367 0.23253532182103612 0.008706467661691543 0.02708006279434851
22 0.2667910447761194 0.34870486656200944 0.01782752902155887 0.020800627943485087
76 0.20315091210613598 0.15306122448979592 0.015754560530679935 0.02040816326530612
99 0.0812603648424544 0.2044740973312402 0.02736318407960199 0.02197802197802198
200 0.36981757877280264 0.2217425431711146 0.017412935323383085 0.02040816326530612
200 0.13370646766169153 0.25510204081632654 0.02197346600331675 0.01805337519623234
22 0.14697346600331676 0.2023155416012559 0.022802653399668325 0.019230769230769232
44 0.0640547263681592 0.23253532182103612 0.028606965174129355 0.018445839874411302
211 0.48403814262023215 0.37421507064364207 0.008706467661691543 0.021585557299843013
7 0.37292703150912104 0.39737048665620095 0.019485903814262025 0.022370486656200943
200 0.42143449419568824 0.24646781789638933 0.02197346600331675 0.018838304552590265
106 0.33167495854063017 0.29631083202511777 0.020729684908789386 0.02040816326530612
44 0.29830016583747926 0.3748037676609105 0.030265339966832505 0.019623233908948195
22 0.11256218905472637 0.40620094191522765 0.02197346600331675 0.02119309262166405
106 0.38785240464344944 0.3475274725274725 0.0203150912106136 0.022370486656200943
6 0.19859038142620233 0.37774725274725274 0.019071310116086235 0.019230769230769232
7 0.3364427860696517 0.17641287284144427 0.016998341625207296 0.020015698587127158
224 0.2332089552238806 0.22704081632653061 0.016998341625207296 0.018445839874411302
224 0.28689883913764513 0.1544348508634223 0.01824212271973466 0.018445839874411302
224 0.148424543946932 0.1554160125588697 0.011608623548922056 0.018838304552590265
118 0.4697346600331675 0.21781789638932497 0.022388059701492536 0.02040816326530612
22 0.31218905472636815 0.3228021978021978 0.020729684908789386 0.020015698587127158
211 0.5020729684908789 0.2184065934065934 0.009950248756218905 0.02315541601255887
118 0.03814262023217247 0.25372841444270017 0.017412935323383085 0.017660910518053376
106 0.44776119402985076 0.2925824175824176 0.020729684908789386 0.020800627943485087
22 0.16417910447761194 0.32986656200941916 0.02155887230514096 0.020015698587127158
13 0.47885572139303484 0.31887755102040816 0.020729684908789386 0.016875981161695447
200 0.5356550580431177 0.2921899529042386 0.019071310116086235 0.021585557299843013
118 0.3072139303482587 0.2001569858712716 0.022388059701492536 0.02040816326530612
32 0.4293117744610282 0.21801412872841444 0.019485903814262025 0.021585557299843013
200 0.0779436152570481 0.15286499215070642 0.017412935323383085 0.019230769230769232
58 0.3938640132669983 0.32123233908948196 0.03316749585406302 0.019230769230769232
7 0.03109452736318408 0.2802197802197802 0.020729684908789386 0.023547880690737835
