185 0.39636163175303196 0.20876855415063222 0.05622932745314223 0.03051126992853216
160 0.6369900771775082 0.21110500274876307 0.046857772877618525 0.031335898845519516
200 0.6003307607497244 0.5677570093457944 0.04851157662624035 0.02336448598130841
119 0.4211686879823594 0.3882627817482133 0.04961411245865491 0.03216052776250687
224 0.5565049614112458 0.38798790544255085 0.051267916207276734 0.025563496426608025
224 0.46664829106945976 0.4323804288070368 0.047960308710033074 0.02473886750962067
211 0.50909592061742 0.4333424958768554 0.03031973539140022 0.026663001649257834
224 0.642502756339581 0.34249587685541505 0.044652701212789414 0.024189114898295765
200 0.4225468577728776 0.7058823529411765 0.050165380374862185 0.028587135788894998
224 0.4189636163175303 0.43512919186366134 0.037486218302094816 0.02583837273227048
200 0.4683020948180816 0.38702583837273224 0.046857772877618525 0.028037383177570093
16 0.45424476295479604 0.5222649807586586 0.040793825799338476 0.023639362286970864
211 0.5121278941565601 0.3877130291368884 0.03307607497243661 0.027762506871907643
7 0.49972436604189635 0.5222649807586586 0.04906284454244763 0.022539857064321055
7 0.42778390297684676 0.6595656954370533 0.05512679162072767 0.02611324903793293
32 0.37183020948180817 0.7064321055525014 0.04244762954796031 0.030786146234194612
22 0.4517640573318633 0.4793842770753161 0.04244762954796031 0.024189114898295765
7 0.6615214994487321 0.47361187465640464 0.044101433296582136 0.029136888400219902
8 0.6405733186328556 0.3877130291368884 0.03307607497243661 0.03271028037383177
211 0.3814773980154355 0.38688840021990106 0.03528114663726571 0.029411764705882353
211 0.5366593164277839 0.2097306212204508 0.02701212789415656 0.030786146234194612
110 0.6934950385887542 0.21440351841671249 0.04630650496141125 0.030236393622869707
22 0.5515435501653804 0.2967289719626168 0.044652701212789414 0.027762506871907643
7 0.4432194046306505 0.29700384826827925 0.050716648291069456 0.027212754260582738
185 0.43991179713340683 0.3409840571742716 0.06725468577728776 0.025563496426608025
32 0.5055126791620728 0.4793842770753161 0.05181918412348401 0.02473886750962067
22 0.6121830209481808 0.4327927432655305 0.054575523704520394 0.025563496426608025
211 0.6025358324145534 0.3855140186915888 0.04630650496141125 0.042605827377680046
118 0.5209481808158766 0.258521165475536 0.0804851157662624 0.025013743815283124
7 0.5267364939360529 0.7050577240241891 0.056780595369349506 0.028037383177570093
118 0.3712789415656009 0.34249587685541505 0.060088202866593166 0.02748763056624519
160 0.6675854465270121 0.3008521165475536 0.047409040793825796 0.03271028037383177
7 0.49889746416758546 0.5678944474986256 0.050716648291069456 0.026388125343595383
22 0.6764057331863286 0.5191039032435404 0.037486218302094816 0.027212754260582738
200 0.6601433296582139 0.4323804288070368 0.04906284454244763 0.02583837273227048
6 0.5540242557883132 0.43457943925233644 0.050716648291069456 0.02473886750962067
110 0.6386438809261301 0.5174546454095657 0.047960308710033074 0.026663001649257834
6 0.6769570011025359 0.5637713029136888 0.04299889746416759 0.02473886750962067
211 0.5661521499448732 0.6613523914238593 0.037486218302094816 0.02308960967564596
168 0.6080485115766262 0.47594832325453545 0.05512679162072767 0.04480483782297966
22 0.4506615214994487 0.2082188015393073 0.046857772877618525 0.02611324903793293
211 0.46168687982359424 0.2582462891698736 0.02701212789415656 0.026663001649257834
211 0.7803197353914002 0.21440351841671249 0.043550165380374865 0.032985156679494226
118 0.33737596471885334 0.2949422759758109 0.03528114663726571 0.02583837273227048
119 0.4994487320837927 0.2967289719626168 0.06284454244762955 0.028862012094557448
99 0.6229327453142227 0.6553051126992854 0.047409040793825796 0.029136888400219902
160 0.5898566703417861 0.2600329851566795 0.06284454244762955 0.02748763056624519
7 0.681367144432194 0.6124244090159429 0.05512679162072767 0.032985156679494226
7 0.668412348401323 0.655717427157779 0.044652701212789414 0.02446399120395822
22 0.5424476295479603 0.6608026388125343 0.05292171995589857 0.02583837273227048
185 0.3748621830209482 0.6603903243540407 0.04520396912899669 0.022814733369983506
7 0.3721058434399118 0.2567344694887301 0.03858875413450937 0.030236393622869707
200 0.49889746416758546 0.20890599230346343 0.04299889746416759 0.025288620120945574
32 0.38891951488423376 0.29562946673996704 0.060088202866593166 0.027762506871907643
200 0.6094266813671444 0.29824079164376033 0.060088202866593166 0.02583837273227048
32 0.6458103638368247 0.2609950522264981 0.050165380374862185 0.02611324903793293
99 0.6888092613009923 0.703133589884552 0.038037486218302094 0.030786146234194612
211 0.5644983461962514 0.61434854315558 0.03197353914002205 0.03188565145684442
224 0.42144432194046305 0.2590709180868609 0.057883131201764054 0.025563496426608025
200 0.5567805953693495 0.47691039032435406 0.044101433296582136 0.02199010445299615
176 0.48401323042998895 0.6608026388125343 0.05733186328555678 0.026937877954920284
22 0.6452590959206174 0.7002473886750962 0.04244762954796031 0.02446399120395822
7 0.7392502756339581 0.21412864211105004 0.04189636163175303 0.030786146234194612
224 0.5482359426681367 0.5218526663001649 0.044652701212789414 0.02336448598130841
22 0.37265711135611906 0.43251786695986805 0.04299889746416759 0.02611324903793293
22 0.5948180815876516 0.5181418361737218 0.03528114663726571 0.02308960967564596
22 0.593715545755237 0.34304562946673994 0.047409040793825796 0.02308960967564596
110 0.4087651598676957 0.4814458493677845 0.044652701212789414 0.027212754260582738
224 0.4743660418963616 0.7067069818581638 0.041345093715545754 0.032985156679494226
13 0.5432745314222712 0.3405717427157779 0.060088202866593166 0.020890599230346345
118 0.5895810363836824 0.7036833424958768 0.061190738699007714 0.024189114898295765
99 0.5493384785005513 0.5698185816382628 0.044652701212789414 0.028587135788894998
22 0.49393605292171994 0.3456569543705333 0.04299889746416759 0.02446399120395822
58 0.61438809261301 0.6140736668499175 0.07772877618522601 0.030236393622869707
149 0.5162624035281147 0.6176470588235294 0.05898566703417861 0.025288620120945574
