22 0.8850063532401525 0.3468349660889224 0.047861075815332485 0.055388093443858324
7 0.7022448115205422 0.2616804822908817 0.03642524354087251 0.05086661642803316
200 0.6645489199491741 0.44253956292388846 0.04404913172384583 0.042577241899020346
149 0.736552308343922 0.4468726450640543 0.04404913172384583 0.04370761115297664
211 0.37950021177467175 0.15730972117558403 0.02456586192291402 0.05840241145440844
6 0.8295213892418467 0.5139412207987942 0.041084286319356206 0.04370761115297664
7 0.5853451927149513 0.25395629238884704 0.046590427784836935 0.04973624717407687
7 0.7816603134265142 0.21646571213263 0.033460398136382886 0.04785229841748304
76 0.42884371029224905 0.4636397889977393 0.052096569250317665 0.08327053504144687
224 0.6975857687420585 0.5 0.03727234222786955 0.04973624717407687
106 0.6753494282083863 0.5563300678221552 0.052096569250317665 0.05237377543330821
160 0.7196103346039814 0.390542577241899 0.043202033036848796 0.05086661642803316
200 0.5537907666243117 0.4822908816880181 0.03939008894536213 0.04747550866616428
106 0.3102498941126641 0.5224189902034665 0.0529436679373147 0.048605877920120576
22 0.7922490470139771 0.5107385079125848 0.04955527318932656 0.05312735493594574
44 0.5995340957221517 0.31537302185380556 0.06310885218127912 0.0452147701582517
118 0.7903430749682337 0.4540316503391108 0.056755612028801354 0.05425772418990203
22 0.7583650995340957 0.33308214016578747 0.03176620076238882 0.050489826676714394
160 0.42376111817026685 0.3436322532027129 0.0385429902583651 0.04370761115297664
44 0.324862346463363 0.45214770158251694 0.08301567132570944 0.04822908816880181
7 0.35641677255400256 0.5261868877166541 0.04193138500635324 0.05011303692539563
7 0.6806437950021178 0.3215900527505652 0.04150783566285472 0.05237377543330821
118 0.7202456586192292 0.3281838733986436 0.04870817450232952 0.05124340617935192
224 0.39644218551461247 0.5282592313489073 0.053367217280813214 0.053504144687264506
32 0.3098263447691656 0.5819517709118311 0.04870817450232952 0.05614167294649586
119 0.7236340533672173 0.5640542577241899 0.04616687844133842 0.04295403165033911
211 0.4373146971622194 0.5288244159758855 0.037695891571368066 0.04634513941220799
200 0.31787378229563745 0.39657121326299927 0.03939008894536213 0.04785229841748304
211 0.66857263871241 0.49698568198944987 0.024989411266412537 0.04370761115297664
6 0.5514612452350699 0.3085908063300678 0.03727234222786955 0.04295403165033911
99 0.6723845828038967 0.2613036925395629 0.026683608640406607 0.05388093443858327
119 0.3847945785684032 0.2782592313489073 0.037695891571368066 0.04709871891484552
211 0.5470139771283354 0.4242652599849284 0.024989411266412537 0.04672192916352675
185 0.752011859381618 0.5052750565184627 0.03939008894536213 0.04973624717407687
224 0.6482422702244811 0.31631499623210246 0.04023718763235917 0.05162019593067069
13 0.5874629394324439 0.4819140919366993 0.043202033036848796 0.05727204220045215
99 0.6253706056755612 0.4382064807837227 0.03600169419737399 0.04973624717407687
110 0.5059296908089792 0.29879427279577997 0.037695891571368066 0.04973624717407687
211 0.6975857687420585 0.44800301431801054 0.022871664548919948 0.044461190655614165
7 0.34371029224904703 0.22626224566691786 0.051249470563320625 0.0493594574227581
211 0.7238458280389666 0.5092313489073097 0.021177467174925878 0.05011303692539563
224 0.6869970351545955 0.3856443104747551 0.02626005929690809 0.05312735493594574
7 0.469716221939856 0.2946495855312736 0.03473104616687844 0.04822908816880181
44 0.8337568826768319 0.34193669932177845 0.06819144430326134 0.04559155990957046
160 0.35726387124099956 0.4003391107761869 0.03939008894536213 0.05011303692539563
76 0.33989834815756037 0.3351544837980407 0.05633206268530284 0.06443104747550867
22 0.3566285472257518 0.584777694046722 0.049978822532825075 0.048982667671439335
58 0.5561202880135536 0.36699321778447624 0.05421431596781025 0.048982667671439335
32 0.6359593392630242 0.25489826676714394 0.04616687844133842 0.0493594574227581
22 0.6008047437526471 0.3733986435568952 0.03939008894536213 0.04370761115297664
7 0.34455739093604404 0.27995478522984174 0.0385429902583651 0.045968349660889224
13 0.5133418043202033 0.47456669178598343 0.04743752647183397 0.04031650339110776
6 0.5415078356628548 0.6013564431047476 0.05633206268530284 0.055011303692539565
110 0.4656925031766201 0.35229841748304447 0.03600169419737399 0.04672192916352675
58 0.4807285048708175 0.537490580256217 0.0677678949597628 0.04333082140165787
7 0.4714104193138501 0.4724943481537302 0.03727234222786955 0.048982667671439335
99 0.7842016094875053 0.6175584024114544 0.04531977975434138 0.04069329314242653
149 0.48856416772554 0.5940090429540317 0.04531977975434138 0.056895252449133384
149 0.5800508259212198 0.6085154483798041 0.04701397712833545 0.048982667671439335
118 0.7812367640830157 0.2729841748304446 0.044472681067344345 0.04483798040693293
160 0.39644218551461247 0.22682743029389602 0.043202033036848796 0.05576488319517709
13 0.5823803473104616 0.4297287113790505 0.049978822532825075 0.04333082140165787
22 0.34603981363828884 0.1554257724189902 0.03981363828886065 0.056895252449133384
22 0.3869123252858958 0.3434438583270535 0.030919102075391783 0.04333082140165787
13 0.5798390512494705 0.5414468726450641 0.04913172384582804 0.04370761115297664
22 0.5324015247776366 0.5414468726450641 0.04150783566285472 0.04672192916352675
200 0.6279119017365523 0.4924642049736247 0.047861075815332485 0.044461190655614165
200 0.7282930961457009 0.6139788997739262 0.04870817450232952 0.04031650339110776
118 0.8127911901736552 0.3960060286360211 0.048284625158831 0.05727204220045215
118 0.40830156713257093 0.5866616428033158 0.05252011859381618 0.053504144687264506
224 0.3811944091486658 0.45365486058779203 0.0338839474798814 0.04295403165033911
149 0.8284625158831004 0.6181235870384325 0.042354934349851756 0.03654860587792012
118 0.6450656501482422 0.3792388847023361 0.04913172384582804 0.05312735493594574
6 0.8218975010588734 0.573474001507159 0.041084286319356206 0.050489826676714394
110 0.7952138924184667 0.3381688018085908 0.03261329944938585 0.044084400904295405
185 0.6230410842863193 0.6117181612660135 0.05421431596781025 0.048605877920120576
13 0.5156713257094452 0.42106254709871893 0.03600169419737399 0.04483798040693293
7 0.40936044049131726 0.15825169555388094 0.03515459551037696 0.058025621703089676
110 0.7445997458703939 0.21288620949510173 0.02964845404489623 0.04069329314242653
149 0.7776365946632783 0.5683873398643556 0.05252011859381618 0.05312735493594574
13 0.4407030919102075 0.23040693293142425 0.04023718763235917 0.0546345139412208
44 0.48835239305379075 0.23455162019593068 0.045743329097839895 0.05086661642803316
7 0.740576027107158 0.26752072343632255 0.03261329944938585 0.05199698568198945
7 0.8420160948750529 0.457611152976639 0.03981363828886065 0.05312735493594574
119 0.427149512918255 0.28937452901281085 0.04193138500635324 0.05199698568198945
44 0.5004235493434985 0.35964581763376036 0.052096569250317665 0.04031650339110776
7 0.6255823803473105 0.549359457422758 0.043202033036848796 0.04295403165033911
22 0.4807285048708175 0.4129615674453655 0.03981363828886065 0.04144687264506405
118 0.7626005929690809 0.3950640542577242 0.04955527318932656 0.04785229841748304
149 0.8695468022024566 0.4024114544084401 0.04150783566285472 0.048982667671439335
