7 0.4931066176470588 0.7223039215686274 0.007904411764705882 0.0125
58 0.4868106617647059 0.5843137254901961 0.00818014705882353 0.013235294117647059
211 0.33506433823529413 0.21973039215686274 0.004503676470588235 0.013235294117647059
7 0.3180606617647059 0.2048406862745098 0.00818014705882353 0.012377450980392156
211 0.4558363970588235 0.2838848039215686 0.003400735294117647 0.009681372549019608
44 0.5708639705882353 0.7109681372549019 0.010477941176470587 0.010906862745098039
99 0.42922794117647056 0.29417892156862746 0.004595588235294118 0.012622549019607843
200 0.4918658088235294 0.5571691176470588 0.007077205882352941 0.009926470588235294
119 0.559375 0.7225490196078431 0.00974264705882353 0.011274509803921568
149 0.5881433823529412 0.34503676470588235 0.009926470588235294 0.010661764705882353
106 0.48823529411764705 0.2175857843137255 0.013235294117647059 0.014583333333333334
160 0.49921875 0.2613970588235294 0.0061580882352941175 0.013480392156862746
7 0.4994485294117647 0.5706495098039216 0.008088235294117648 0.011887254901960784
110 0.5049632352941177 0.2621936274509804 0.005698529411764706 0.011642156862745098
211 0.49590992647058824 0.6386642156862745 0.003216911764705882 0.01213235294117647
99 0.4080422794117647 0.32083333333333336 0.0046875 0.010294117647058823
224 0.4606617647058823 0.28480392156862744 0.0058823529411764705 0.011029411764705883
7 0.6314797794117647 0.26060049019607845 0.010202205882352941 0.015073529411764706
58 0.46626838235294116 0.4661151960784314 0.006617647058823529 0.013112745098039216
118 0.6204503676470589 0.34969362745098037 0.009099264705882354 0.012867647058823529
13 0.37196691176470587 0.22457107843137256 0.006801470588235294 0.011397058823529411
7 0.38235294117647056 0.24791666666666667 0.006617647058823529 0.011274509803921568
118 0.5062040441176471 0.5039828431372549 0.008363970588235294 0.011887254901960784
13 0.4704044117647059 0.2994485294117647 0.006985294117647059 0.010661764705882353
7 0.6145220588235294 0.3220588235294118 0.010661764705882353 0.011029411764705883
44 0.3999080882352941 0.21433823529411763 0.010294117647058823 0.012745098039215686
211 0.5795955882352941 0.2639093137254902 0.004227941176470588 0.013602941176470588
99 0.31364889705882354 0.19240196078431374 0.005238970588235294 0.010784313725490196
22 0.45762867647058825 0.325 0.006617647058823529 0.011519607843137256
211 0.4983455882352941 0.3931372549019608 0.004411764705882353 0.011029411764705883
7 0.4805606617647059 0.42322303921568627 0.00818014705882353 0.009681372549019608
118 0.5883731617647059 0.45177696078431373 0.007077205882352941 0.012622549019607843
118 0.39140625 0.2621936274509804 0.009099264705882354 0.009926470588235294
44 0.5808363970588235 0.29074754901960786 0.010753676470588235 0.012867647058823529
58 0.4642922794117647 0.3256127450980392 0.00744485294117647 0.01053921568627451
185 0.6041360294117647 0.6582107843137255 0.008639705882352942 0.010049019607843138
160 0.5466452205882353 0.47291666666666665 0.00744485294117647 0.011519607843137256
13 0.39972426470588235 0.2626838235294118 0.008272058823529412 0.011887254901960784
7 0.3667738970588235 0.3181985294117647 0.00744485294117647 0.013112745098039216
200 0.6458639705882353 0.7286151960784314 0.007536764705882353 0.013112745098039216
211 0.48198529411764707 0.5978553921568628 0.004963235294117647 0.011887254901960784
13 0.5607077205882353 0.38149509803921566 0.007996323529411764 0.00980392156862745
200 0.6120863970588235 0.3482843137254902 0.007628676470588235 0.0125
7 0.4072150735294118 0.33486519607843135 0.006893382352941176 0.009436274509803921
160 0.4706341911764706 0.36580882352941174 0.007628676470588235 0.011029411764705883
58 0.5892003676470589 0.38468137254901963 0.00854779411764706 0.011764705882352941
44 0.5229779411764706 0.3067401960784314 0.008823529411764706 0.01053921568627451
118 0.4924172794117647 0.5322916666666667 0.00854779411764706 0.010661764705882353
149 0.5917738970588236 0.6999387254901961 0.00818014705882353 0.01017156862745098
13 0.6228860294117647 0.32230392156862747 0.008455882352941176 0.010294117647058823
13 0.5766544117647059 0.3575980392156863 0.009926470588235294 0.011029411764705883
13 0.6208639705882353 0.7118259803921568 0.009191176470588236 0.011397058823529411
58 0.3089154411764706 0.21685049019607844 0.010477941176470587 0.013848039215686274
6 0.5152573529411765 0.3058210784313726 0.006617647058823529 0.011397058823529411
106 0.4947610294117647 0.30281862745098037 0.008455882352941176 0.012254901960784314
118 0.36778492647058825 0.24571078431372548 0.010569852941176471 0.011274509803921568
211 0.5058823529411764 0.5167279411764706 0.004779411764705883 0.011397058823529411
22 0.4768382352941177 0.639031862745098 0.007536764705882353 0.009926470588235294
149 0.48782169117647056 0.5969975490196079 0.007077205882352941 0.010661764705882353
8 0.5604319852941176 0.6856617647058824 0.009283088235294118 0.013970588235294118
44 0.5691636029411765 0.38327205882352944 0.010202205882352941 0.010661764705882353
211 0.49439338235294117 0.3170343137254902 0.0034926470588235296 0.009313725490196078
119 0.4432904411764706 0.2190563725490196 0.0058823529411764705 0.012867647058823529
224 0.4942095588235294 0.597671568627451 0.005330882352941177 0.011029411764705883
119 0.5129136029411765 0.21997549019607843 0.00854779411764706 0.01446078431372549
200 0.47771139705882354 0.5978553921568628 0.0061580882352941175 0.01017156862745098
7 0.5856617647058824 0.6450980392156863 0.007720588235294118 0.010294117647058823
200 0.3928768382352941 0.2261029411764706 0.0056066176470588236 0.011274509803921568
160 0.48175551470588235 0.38026960784313724 0.006709558823529411 0.010784313725490196
149 0.49301470588235297 0.5191789215686274 0.009375 0.009926470588235294
13 0.5783088235294118 0.30386029411764703 0.00974264705882353 0.01017156862745098
110 0.40105698529411765 0.24963235294117647 0.008363970588235294 0.0125
224 0.353125 0.3167279411764706 0.008455882352941176 0.011151960784313726
118 0.47265625 0.4939338235294118 0.00854779411764706 0.009926470588235294
200 0.5975643382352941 0.6727328431372549 0.007996323529411764 0.010661764705882353
118 0.3274816176470588 0.20625 0.00900735294117647 0.010784313725490196
160 0.5525735294117647 0.4863970588235294 0.008272058823529412 0.012009803921568628
119 0.3484375 0.26525735294117647 0.008272058823529412 0.01213235294117647
13 0.44448529411764703 0.3376838235294118 0.007904411764705882 0.010416666666666666
160 0.5860294117647059 0.33253676470588234 0.008088235294117648 0.011151960784313726
160 0.5003216911764706 0.4772671568627451 0.007261029411764706 0.011642156862745098
22 0.5179227941176471 0.27800245098039217 0.006617647058823529 0.009926470588235294
185 0.46571691176470587 0.37996323529411763 0.009191176470588236 0.010906862745098039
224 0.3701746323529412 0.28596813725490194 0.007628676470588235 0.013112745098039216
22 0.47568933823529413 0.5206495098039216 0.007261029411764706 0.011887254901960784
7 0.5963694852941176 0.2539828431372549 0.00818014705882353 0.011887254901960784
118 0.3876838235294118 0.2737132352941177 0.00900735294117647 0.011642156862745098
211 0.6129136029411765 0.24466911764705881 0.0078125 0.012377450980392156
224 0.46599264705882354 0.43848039215686274 0.006433823529411764 0.01053921568627451
211 0.47541360294117646 0.41507352941176473 0.0024816176470588234 0.007352941176470588
7 0.5615349264705882 0.6454044117647059 0.011488970588235295 0.012622549019607843
200 0.5755055147058824 0.24981617647058824 0.007996323529411764 0.010906862745098039
44 0.4596047794117647 0.4099264705882353 0.010569852941176471 0.009558823529411765
224 0.4720128676470588 0.5472426470588235 0.0059742647058823525 0.010416666666666666
13 0.4951746323529412 0.330453431372549 0.010569852941176471 0.011397058823529411
200 0.56640625 0.3162377450980392 0.008731617647058824 0.011151960784313726
200 0.6044577205882353 0.3352328431372549 0.00818014705882353 0.009926470588235294
211 0.43465073529411763 0.2803308823529412 0.005330882352941177 0.010661764705882353
22 0.4873161764705882 0.4502450980392157 0.007169117647058823 0.009558823529411765
7 0.4844669117647059 0.31580882352941175 0.008272058823529412 0.010784313725490196
106 0.5511488970588235 0.4454044117647059 0.008915441176470588 0.011887254901960784
22 0.5853860294117647 0.3587622549019608 0.007904411764705882 0.01017156862745098
99 0.6104319852941177 0.30839460784313727 0.00505514705882353 0.011642156862745098
211 0.3869944852941177 0.2479779411764706 0.0035845588235294116 0.010906862745098039
7 0.4795496323529412 0.21715686274509804 0.010018382352941177 0.013235294117647059
211 0.48134191176470587 0.5458946078431373 0.003676470588235294 0.009926470588235294
200 0.46130514705882353 0.42291666666666666 0.00625 0.010784313725490196
13 0.6038602941176471 0.34699754901960783 0.009191176470588236 0.012622549019607843
13 0.3553308823529412 0.28278186274509803 0.008272058823529412 0.010661764705882353
99 0.5659466911764706 0.4487745098039216 0.004503676470588235 0.011519607843137256
58 0.46801470588235294 0.5213235294117647 0.006985294117647059 0.00980392156862745
224 0.5006433823529411 0.518014705882353 0.005330882352941177 0.01053921568627451
185 0.4778952205882353 0.5847426470588235 0.009650735294117647 0.012377450980392156
44 0.5365349264705882 0.280453431372549 0.00854779411764706 0.011397058823529411
13 0.5784926470588235 0.31844362745098037 0.009375 0.010661764705882353
22 0.4753216911764706 0.4088848039215686 0.00744485294117647 0.009681372549019608
118 0.5752757352941177 0.4238970588235294 0.010477941176470587 0.011029411764705883
200 0.5607077205882353 0.6723039215686275 0.007996323529411764 0.010784313725490196
99 0.5556525735294118 0.46011029411764703 0.0056066176470588236 0.011397058823529411
185 0.421875 0.2920343137254902 0.009375 0.011274509803921568
13 0.6039981617647059 0.6857230392156862 0.008915441176470588 0.009926470588235294
119 0.4293658088235294 0.3550857843137255 0.006341911764705882 0.007720588235294118
13 0.3499080882352941 0.24013480392156863 0.006433823529411764 0.012867647058823529
176 0.5787224264705882 0.34448529411764706 0.010202205882352941 0.013235294117647059
176 0.5083180147058823 0.3045955882352941 0.00818014705882353 0.012867647058823529
118 0.4834099264705882 0.5208333333333334 0.009466911764705882 0.00980392156862745
22 0.5828125 0.23921568627450981 0.007352941176470588 0.013235294117647059
22 0.61015625 0.2674019607843137 0.006525735294117647 0.0125
8 0.5637408088235294 0.6033700980392157 0.010202205882352941 0.01629901960784314
200 0.42247242647058825 0.35551470588235295 0.007261029411764706 0.008823529411764706
22 0.48028492647058824 0.5330269607843138 0.007077205882352941 0.009926470588235294
58 0.4357077205882353 0.2670343137254902 0.009099264705882354 0.011764705882352941
149 0.42973345588235295 0.3648897058823529 0.0078125 0.009191176470588236
22 0.48299632352941174 0.47757352941176473 0.006433823529411764 0.01053921568627451
118 0.47619485294117647 0.4368872549019608 0.00974264705882353 0.010784313725490196
200 0.56328125 0.3435049019607843 0.007996323529411764 0.010784313725490196
149 0.4956801470588235 0.6114583333333333 0.009191176470588236 0.011887254901960784
211 0.3321691176470588 0.19411764705882353 0.004595588235294118 0.012745098039215686
224 0.5034007352941177 0.5574142156862745 0.00625 0.010416666666666666
200 0.4868106617647059 0.6944240196078432 0.0059742647058823525 0.011642156862745098
22 0.4709099264705882 0.22935049019607842 0.007261029411764706 0.01213235294117647
7 0.6220128676470589 0.2443014705882353 0.007628676470588235 0.013112745098039216
200 0.5678768382352941 0.7242647058823529 0.00854779411764706 0.011519607843137256
7 0.47541360294117646 0.4511642156862745 0.007077205882352941 0.009681372549019608
22 0.47761948529411763 0.5579044117647058 0.007261029411764706 0.01017156862745098
211 0.5278492647058823 0.2658700980392157 0.003860294117647059 0.010906862745098039
22 0.5840992647058824 0.43884803921568627 0.007536764705882353 0.010294117647058823
200 0.6032169117647059 0.6315563725490196 0.008455882352941176 0.008946078431372548
224 0.5720588235294117 0.36973039215686276 0.005698529411764706 0.011764705882352941
22 0.6284926470588236 0.7131127450980392 0.007904411764705882 0.012009803921568628
160 0.4871783088235294 0.3017156862745098 0.006709558823529411 0.012254901960784314
13 0.4817095588235294 0.25863970588235297 0.008455882352941176 0.010661764705882353
185 0.584375 0.7116421568627451 0.010294117647058823 0.009558823529411765
118 0.60703125 0.6729779411764706 0.009834558823529412 0.011151960784313726
200 0.5647518382352941 0.3289828431372549 0.00818014705882353 0.01213235294117647
110 0.5706341911764706 0.6591299019607844 0.008915441176470588 0.011151960784313726
185 0.39375 0.30545343137254904 0.00900735294117647 0.009926470588235294
44 0.41994485294117645 0.3212622549019608 0.009191176470588236 0.010661764705882353
6 0.6123161764705882 0.3363357843137255 0.007536764705882353 0.011642156862745098
211 0.5709558823529411 0.3299019607843137 0.004227941176470588 0.010784313725490196
118 0.39057904411764705 0.21378676470588234 0.008363970588235294 0.013357843137254901
149 0.6221966911764706 0.3366421568627451 0.010202205882352941 0.011029411764705883
32 0.4559283088235294 0.36495098039215684 0.009099264705882354 0.011274509803921568
200 0.3813419117647059 0.26066176470588237 0.009926470588235294 0.010049019607843138
118 0.4883731617647059 0.3651348039215686 0.00854779411764706 0.011642156862745098
211 0.6396599264705882 0.7271446078431373 0.003952205882352941 0.01213235294117647
200 0.5016084558823529 0.3041053921568627 0.006893382352941176 0.010906862745098039
118 0.39352022058823527 0.3191789215686274 0.00854779411764706 0.009191176470588236
118 0.5031709558823529 0.6115196078431373 0.007077205882352941 0.012745098039215686
22 0.4800551470588235 0.7099877450980392 0.009191176470588236 0.009926470588235294
99 0.4710477941176471 0.34074754901960785 0.005698529411764706 0.012377450980392156
211 0.5762408088235295 0.6321078431372549 0.004319852941176471 0.01053921568627451
22 0.5611213235294118 0.6591911764705882 0.009558823529411765 0.010294117647058823
118 0.6271599264705883 0.3088235294117647 0.00744485294117647 0.010294117647058823
13 0.5853860294117647 0.26427696078431373 0.007904411764705882 0.013602941176470588
13 0.5606158088235295 0.7105392156862745 0.009834558823529412 0.011274509803921568
7 0.5598805147058824 0.44724264705882355 0.00818014705882353 0.011397058823529411
200 0.5671875 0.3969975490196078 0.008272058823529412 0.010416666666666666
119 0.6013786764705882 0.26611519607843137 0.008823529411764706 0.012867647058823529
58 0.5288143382352941 0.27965686274509804 0.007628676470588235 0.012254901960784314
224 0.5965073529411765 0.3474264705882353 0.006433823529411764 0.011764705882352941
200 0.5645680147058824 0.5316176470588235 0.00854779411764706 0.011029411764705883
211 0.5037683823529412 0.6254289215686275 0.003860294117647059 0.009926470588235294
211 0.5700367647058824 0.46372549019607845 0.004044117647058824 0.010784313725490196
106 0.5107077205882353 0.3191789215686274 0.009099264705882354 0.011642156862745098
7 0.38419117647058826 0.3174019607843137 0.00900735294117647 0.011274509803921568
149 0.5634191176470589 0.4621936274509804 0.008088235294117648 0.011397058823529411
200 0.5551930147058823 0.4068627450980392 0.008731617647058824 0.01053921568627451
44 0.35822610294117646 0.24276960784313725 0.010386029411764705 0.01053921568627451
22 0.43754595588235295 0.23284313725490197 0.00744485294117647 0.014215686274509804
200 0.5630974264705882 0.35520833333333335 0.00818014705882353 0.011151960784313726
99 0.31245404411764705 0.2034313725490196 0.0046875 0.011274509803921568
44 0.3356158088235294 0.20667892156862744 0.009466911764705882 0.01213235294117647
118 0.4098805147058823 0.21403186274509803 0.010018382352941177 0.013848039215686274
160 0.4637408088235294 0.29840686274509803 0.007261029411764706 0.010784313725490196
200 0.5934742647058824 0.23020833333333332 0.008455882352941176 0.013112745098039216
44 0.44292279411764707 0.31011029411764707 0.00974264705882353 0.010906862745098039
200 0.38625919117647056 0.3050857843137255 0.007628676470588235 0.011887254901960784
7 0.48184742647058826 0.39424019607843136 0.007261029411764706 0.009313725490196078
118 0.5858915441176471 0.3712622549019608 0.010202205882352941 0.011397058823529411
13 0.5603860294117647 0.48792892156862744 0.007904411764705882 0.011151960784313726
211 0.49416360294117645 0.37916666666666665 0.0035845588235294116 0.01053921568627451
13 0.3767463235294118 0.2502450980392157 0.006985294117647059 0.016911764705882352
160 0.35698529411764707 0.2232230392156863 0.008088235294117648 0.012377450980392156
22 0.46870404411764705 0.271875 0.006893382352941176 0.011151960784313726
149 0.47853860294117645 0.34050245098039217 0.009283088235294118 0.011887254901960784
7 0.6131893382352941 0.7106004901960784 0.009650735294117647 0.012622549019607843
58 0.6057444852941176 0.2542279411764706 0.010386029411764705 0.010416666666666666
200 0.6106158088235294 0.7251838235294118 0.008363970588235294 0.012867647058823529
22 0.6090073529411765 0.2811887254901961 0.006433823529411764 0.013602941176470588
7 0.6012408088235294 0.2931372549019608 0.010202205882352941 0.013970588235294118
224 0.4811580882352941 0.7225490196078431 0.00625 0.010784313725490196
106 0.3263786764705882 0.25980392156862747 0.010477941176470587 0.011519607843137256
6 0.31888786764705884 0.23302696078431373 0.007077205882352941 0.011887254901960784
22 0.5806066176470588 0.4519607843137255 0.007904411764705882 0.011764705882352941
22 0.5110294117647058 0.26348039215686275 0.006801470588235294 0.012009803921568628
7 0.40418198529411764 0.2893995098039216 0.007628676470588235 0.011397058823529411
118 0.4860294117647059 0.32910539215686274 0.00900735294117647 0.009926470588235294
119 0.3409466911764706 0.2639705882352941 0.00744485294117647 0.011029411764705883
7 0.46636029411764707 0.3943014705882353 0.006985294117647059 0.012622549019607843
211 0.48216911764705883 0.365625 0.004595588235294118 0.011397058823529411
200 0.4134191176470588 0.36433823529411763 0.007352941176470588 0.010784313725490196
118 0.42136948529411766 0.3645220588235294 0.007628676470588235 0.008946078431372548
200 0.47205882352941175 0.3268995098039216 0.008088235294117648 0.009926470588235294
99 0.5761029411764705 0.6990808823529412 0.00625 0.010661764705882353
200 0.4569393382352941 0.22849264705882352 0.006893382352941176 0.010416666666666666
32 0.4212316176470588 0.27855392156862746 0.01011029411764706 0.011274509803921568
106 0.3338235294117647 0.2349877450980392 0.008088235294117648 0.012377450980392156
99 0.3294577205882353 0.24810049019607844 0.005238970588235294 0.011397058823529411
13 0.4727941176470588 0.7102941176470589 0.007536764705882353 0.011029411764705883
119 0.5055147058823529 0.21942401960784313 0.007904411764705882 0.013357843137254901
22 0.47095588235294117 0.2164828431372549 0.007904411764705882 0.015318627450980392
22 0.4727481617647059 0.4661151960784314 0.007077205882352941 0.012377450980392156
106 0.5916360294117647 0.41207107843137253 0.008455882352941176 0.009926470588235294
99 0.5846966911764706 0.7246323529411764 0.006525735294117647 0.012254901960784314
106 0.5940716911764706 0.35900735294117647 0.010018382352941177 0.010906862745098039
185 0.48097426470588234 0.2722426470588235 0.009558823529411765 0.01213235294117647
118 0.49025735294117645 0.46458333333333335 0.010661764705882353 0.012254901960784314
22 0.49453125 0.5833333333333334 0.006893382352941176 0.010784313725490196
32 0.577297794117647 0.7239583333333334 0.010294117647058823 0.012867647058823529
211 0.5896599264705882 0.6580882352941176 0.004136029411764706 0.011764705882352941
13 0.49131433823529413 0.5699142156862745 0.00818014705882353 0.011642156862745098
106 0.5941176470588235 0.6446078431372549 0.010294117647058823 0.010049019607843138
22 0.584420955882353 0.6582107843137255 0.006709558823529411 0.010294117647058823
176 0.32522977941176473 0.2737132352941177 0.00818014705882353 0.012377450980392156
32 0.4725643382352941 0.5339460784313725 0.009650735294117647 0.010784313725490196
7 0.42867647058823527 0.2794730392156863 0.00625 0.010416666666666666
211 0.4563419117647059 0.33878676470588237 0.004963235294117647 0.011151960784313726
160 0.5727941176470588 0.396875 0.007904411764705882 0.011397058823529411
44 0.5936580882352941 0.6177083333333333 0.009926470588235294 0.011887254901960784
200 0.5644761029411764 0.560171568627451 0.007996323529411764 0.010784313725490196
106 0.4167738970588235 0.35355392156862747 0.00818014705882353 0.009558823529411765
211 0.5481617647058824 0.5004901960784314 0.006617647058823529 0.011274509803921568
118 0.4479779411764706 0.296078431372549 0.009558823529411765 0.012254901960784314
118 0.4515625 0.3108455882352941 0.008272058823529412 0.010906862745098039
22 0.4885569852941177 0.3792892156862745 0.006893382352941176 0.009558823529411765
22 0.3720588235294118 0.2702205882352941 0.007352941176470588 0.011274509803921568
6 0.3938878676470588 0.33486519607843135 0.006893382352941176 0.009926470588235294
211 0.42651654411764706 0.230453431372549 0.0046875 0.012622549019607843
22 0.3328125 0.27561274509803924 0.007536764705882353 0.013235294117647059
160 0.49761029411764707 0.5575367647058823 0.006617647058823529 0.011887254901960784
224 0.6105238970588235 0.2940563725490196 0.011856617647058823 0.014338235294117646
118 0.48809742647058824 0.2875612745098039 0.010018382352941177 0.011151960784313726
211 0.4737591911764706 0.27242647058823527 0.00505514705882353 0.010294117647058823
118 0.32830882352941176 0.2181372549019608 0.00900735294117647 0.0125
176 0.5825827205882353 0.22542892156862746 0.009650735294117647 0.014338235294117646
99 0.4822610294117647 0.23057598039215688 0.005147058823529412 0.012377450980392156
7 0.45859375 0.38149509803921566 0.004503676470588235 0.009313725490196078
44 0.4975643382352941 0.5053921568627451 0.00854779411764706 0.010784313725490196
118 0.48846507352941176 0.5454044117647059 0.009650735294117647 0.01017156862745098
118 0.6303768382352941 0.24485294117647058 0.010753676470588235 0.013480392156862746
200 0.6166819852941177 0.2309436274509804 0.008363970588235294 0.011151960784313726
118 0.5948988970588235 0.6852328431372549 0.0109375 0.010906862745098039
211 0.4909466911764706 0.3164828431372549 0.003400735294117647 0.010661764705882353
211 0.5722886029411764 0.3031862745098039 0.004319852941176471 0.011029411764705883
200 0.4723345588235294 0.415625 0.003676470588235294 0.006740196078431373
200 0.41268382352941174 0.278125 0.007720588235294118 0.010906862745098039
32 0.46824448529411766 0.4520220588235294 0.006893382352941176 0.010661764705882353
22 0.4785845588235294 0.32738970588235294 0.007720588235294118 0.009681372549019608
7 0.4085477941176471 0.35208333333333336 0.007536764705882353 0.011274509803921568
7 0.5002757352941176 0.5974264705882353 0.006433823529411764 0.011029411764705883
13 0.43322610294117647 0.309375 0.007077205882352941 0.011151960784313726
7 0.41934742647058826 0.3079044117647059 0.00854779411764706 0.010416666666666666
44 0.4016544117647059 0.3064950980392157 0.009375 0.010049019607843138
7 0.48363970588235294 0.6248774509803922 0.007720588235294118 0.011029411764705883
6 0.45174632352941174 0.2358455882352941 0.007536764705882353 0.010661764705882353
160 0.5819393382352941 0.6721813725490197 0.007628676470588235 0.010294117647058823
7 0.5697150735294118 0.49019607843137253 0.010569852941176471 0.012009803921568628
224 0.4863970588235294 0.7223039215686274 0.006066176470588235 0.010784313725490196
200 0.4636488970588235 0.365625 0.010018382352941177 0.011397058823529411
200 0.6035845588235295 0.3079656862745098 0.007720588235294118 0.010784313725490196
119 0.6050551470588236 0.3215073529411765 0.009558823529411765 0.01017156862745098
143 0.37109375 0.2585171568627451 0.008731617647058824 0.01213235294117647
224 0.3655330882352941 0.22408088235294119 0.006433823529411764 0.011887254901960784
118 0.5794117647058824 0.38412990196078434 0.010845588235294117 0.011397058823529411
6 0.33832720588235293 0.19417892156862746 0.007720588235294118 0.01213235294117647
99 0.43120404411764707 0.23057598039215688 0.004319852941176471 0.011887254901960784
118 0.32265625 0.19301470588235295 0.011488970588235295 0.01053921568627451
6 0.5744944852941176 0.23866421568627452 0.00818014705882353 0.013602941176470588
32 0.5952205882352941 0.30606617647058826 0.011764705882352941 0.011642156862745098
211 0.48134191176470587 0.4511029411764706 0.004411764705882353 0.01053921568627451
118 0.41291360294117646 0.29068627450980394 0.010569852941176471 0.011274509803921568
7 0.5088694852941177 0.5571691176470588 0.0059742647058823525 0.01213235294117647
7 0.440625 0.36672794117647056 0.006801470588235294 0.01213235294117647
76 0.5834099264705882 0.6990808823529412 0.00818014705882353 0.015073529411764706
224 0.5842371323529412 0.4120098039215686 0.007077205882352941 0.011029411764705883
7 0.35284926470588235 0.2534926470588235 0.008455882352941176 0.009926470588235294
32 0.5697150735294118 0.2883578431372549 0.009283088235294118 0.013970588235294118
44 0.4995863970588235 0.4633578431372549 0.008915441176470588 0.010049019607843138
7 0.5228860294117647 0.22126225490196078 0.013051470588235295 0.01629901960784314
44 0.5006433823529411 0.5310049019607843 0.007904411764705882 0.01053921568627451
118 0.6079963235294118 0.23075980392156864 0.010294117647058823 0.0125
22 0.44430147058823527 0.23480392156862745 0.006066176470588235 0.014705882352941176
22 0.40197610294117647 0.35171568627450983 0.007628676470588235 0.01053921568627451
7 0.5954963235294117 0.7120098039215687 0.008639705882352942 0.011764705882352941
118 0.4806066176470588 0.664828431372549 0.009926470588235294 0.011274509803921568
118 0.6027113970588235 0.6170955882352941 0.007996323529411764 0.014583333333333334
99 0.4590533088235294 0.23952205882352942 0.0078125 0.014093137254901961
224 0.42775735294117645 0.26599264705882353 0.006801470588235294 0.009926470588235294
211 0.5613970588235294 0.40784313725490196 0.004044117647058824 0.011029411764705883
224 0.4764705882352941 0.365625 0.007352941176470588 0.012377450980392156
118 0.5014705882352941 0.7227328431372549 0.009191176470588236 0.011642156862745098
44 0.5735294117647058 0.2760416666666667 0.011948529411764705 0.013602941176470588
211 0.5669577205882353 0.671813725490196 0.0037683823529411765 0.009558823529411765
44 0.4892003676470588 0.23100490196078433 0.008731617647058824 0.011519607843137256
224 0.48106617647058825 0.6791053921568627 0.00900735294117647 0.010416666666666666
58 0.41116727941176473 0.22800245098039215 0.009650735294117647 0.011887254901960784
118 0.4984375 0.23272058823529412 0.009191176470588236 0.012745098039215686
211 0.3646139705882353 0.25765931372549017 0.003860294117647059 0.009926470588235294
106 0.5950827205882353 0.33339460784313724 0.010018382352941177 0.010906862745098039
118 0.626516544117647 0.23131127450980393 0.009834558823529412 0.014338235294117646
119 0.42302389705882354 0.2508578431372549 0.00744485294117647 0.012990196078431373
211 0.34558823529411764 0.3170955882352941 0.00625 0.009926470588235294
224 0.521920955882353 0.2653799019607843 0.006709558823529411 0.010906862745098039
13 0.5868566176470589 0.25183823529411764 0.009926470588235294 0.010784313725490196
6 0.3596507352941177 0.2548406862745098 0.006066176470588235 0.009681372549019608
149 0.618014705882353 0.28431372549019607 0.010477941176470587 0.016176470588235296
13 0.6344209558823529 0.23370098039215687 0.00818014705882353 0.013235294117647059
211 0.5675551470588235 0.3686887254901961 0.003676470588235294 0.010906862745098039
200 0.49278492647058825 0.39252450980392156 0.007077205882352941 0.011029411764705883
110 0.4627297794117647 0.27071078431372547 0.006341911764705882 0.010294117647058823
99 0.31043198529411764 0.2713848039215686 0.007077205882352941 0.010416666666666666
200 0.30877757352941176 0.1922794117647059 0.0056066176470588236 0.00857843137254902
32 0.34526654411764707 0.2520833333333333 0.011488970588235295 0.011274509803921568
185 0.40229779411764705 0.31893382352941174 0.00900735294117647 0.010661764705882353
224 0.5677849264705882 0.4354166666666667 0.007996323529411764 0.011764705882352941
13 0.5600183823529412 0.6985906862745098 0.008823529411764706 0.010416666666666666
176 0.4806066176470588 0.6941789215686275 0.007720588235294118 0.011642156862745098
6 0.5779871323529412 0.33112745098039215 0.008915441176470588 0.011519607843137256
224 0.44724264705882355 0.36740196078431375 0.006066176470588235 0.011764705882352941
32 0.59140625 0.4386029411764706 0.0056066176470588236 0.00980392156862745
44 0.5200367647058823 0.320343137254902 0.009558823529411765 0.01053921568627451
99 0.3801011029411765 0.2246936274509804 0.0078125 0.011151960784313726
118 0.6253216911764706 0.7261642156862745 0.009283088235294118 0.014338235294117646
160 0.4265625 0.30839460784313727 0.007169117647058823 0.011397058823529411
185 0.5678308823529412 0.4097426470588235 0.00974264705882353 0.011151960784313726
224 0.5647518382352941 0.5036764705882353 0.006893382352941176 0.012009803921568628
22 0.5866727941176471 0.3050245098039216 0.008088235294117648 0.010784313725490196
32 0.5661305147058824 0.5186274509803922 0.00818014705882353 0.011519607843137256
224 0.4834558823529412 0.40863970588235293 0.008272058823529412 0.008455882352941176
185 0.4193014705882353 0.21599264705882354 0.008823529411764706 0.01213235294117647
13 0.49021139705882355 0.5061274509803921 0.00854779411764706 0.012254901960784314
200 0.42931985294117647 0.2514705882352941 0.006066176470588235 0.011764705882352941
44 0.4795036764705882 0.2869485294117647 0.00900735294117647 0.011887254901960784
13 0.4705422794117647 0.557843137254902 0.006709558823529411 0.009068627450980393
7 0.5857536764705882 0.6856004901960784 0.007169117647058823 0.01017156862745098
106 0.47352941176470587 0.25735294117647056 0.010477941176470587 0.011519607843137256
211 0.6520220588235294 0.7037990196078432 0.009191176470588236 0.010784313725490196
118 0.31056985294117645 0.22965686274509803 0.008823529411764706 0.012009803921568628
211 0.4685202205882353 0.4806372549019608 0.004503676470588235 0.011029411764705883
118 0.41897977941176473 0.2644607843137255 0.010569852941176471 0.012009803921568628
44 0.5834558823529412 0.631985294117647 0.009926470588235294 0.01053921568627451
118 0.3111672794117647 0.2443014705882353 0.009466911764705882 0.011887254901960784
118 0.5297794117647059 0.32132352941176473 0.009375 0.0125
13 0.5638786764705882 0.5753063725490196 0.00900735294117647 0.011887254901960784
200 0.36277573529411766 0.28511029411764705 0.008455882352941176 0.011397058823529411
7 0.40818014705882355 0.24926470588235294 0.006617647058823529 0.010784313725490196
211 0.5229779411764706 0.2791666666666667 0.004411764705882353 0.011764705882352941
185 0.5796875 0.47873774509803924 0.010294117647058823 0.01213235294117647
119 0.4352481617647059 0.3657475490196078 0.007261029411764706 0.009926470588235294
22 0.3067095588235294 0.2034313725490196 0.006433823529411764 0.010784313725490196
118 0.6301930147058824 0.27365196078431375 0.009834558823529412 0.013970588235294118
22 0.4883731617647059 0.2740196078431373 0.00818014705882353 0.010294117647058823
211 0.6170496323529412 0.7256127450980392 0.0046875 0.0125
7 0.47582720588235294 0.3000612745098039 0.006801470588235294 0.010661764705882353
7 0.5479319852941177 0.4585171568627451 0.008363970588235294 0.011642156862745098
7 0.3846966911764706 0.28707107843137253 0.00818014705882353 0.012867647058823529
118 0.48331801470588237 0.5071078431372549 0.008363970588235294 0.011274509803921568
32 0.3821231617647059 0.21207107843137254 0.009834558823529412 0.013357843137254901
119 0.6002297794117647 0.27990196078431373 0.010386029411764705 0.0125
118 0.5067555147058823 0.5971200980392157 0.00854779411764706 0.010416666666666666
118 0.4538143382352941 0.2534926470588235 0.00744485294117647 0.013848039215686274
211 0.5021139705882353 0.33112745098039215 0.004411764705882353 0.009313725490196078
7 0.3920955882352941 0.24865196078431373 0.009191176470588236 0.010049019607843138
118 0.6279411764705882 0.286703431372549 0.010477941176470587 0.014338235294117646
224 0.5747702205882353 0.22487745098039216 0.00818014705882353 0.013970588235294118
118 0.48455882352941176 0.6386642156862745 0.009191176470588236 0.01213235294117647
7 0.35620404411764706 0.2667892156862745 0.00854779411764706 0.013235294117647059
13 0.5756433823529412 0.43786764705882353 0.009191176470588236 0.011029411764705883
224 0.6354779411764706 0.7132965686274509 0.007720588235294118 0.012377450980392156
119 0.5782628676470588 0.6452205882352942 0.0078125 0.010784313725490196
118 0.5940257352941176 0.6315563725490196 0.010661764705882353 0.011397058823529411
22 0.5103860294117647 0.6248161764705882 0.006801470588235294 0.011642156862745098
99 0.4508731617647059 0.2691176470588235 0.006709558823529411 0.011274509803921568
32 0.5743566176470588 0.671936274509804 0.00900735294117647 0.010784313725490196
118 0.39310661764705884 0.3503676470588235 0.00974264705882353 0.00857843137254902
119 0.44958639705882353 0.2827205882352941 0.008363970588235294 0.010784313725490196
22 0.6214154411764706 0.2951593137254902 0.010477941176470587 0.01213235294117647
13 0.5948069852941177 0.37285539215686275 0.009283088235294118 0.010906862745098039
149 0.5709558823529411 0.6858455882352941 0.010661764705882353 0.012867647058823529
99 0.47449448529411764 0.6946078431372549 0.007077205882352941 0.011274509803921568
22 0.40147058823529413 0.33400735294117645 0.006985294117647059 0.009681372549019608
211 0.48575367647058826 0.5319852941176471 0.0029411764705882353 0.011274509803921568
200 0.43988970588235293 0.29473039215686275 0.007536764705882353 0.011029411764705883
211 0.38777573529411763 0.22561274509803922 0.006433823529411764 0.010784313725490196
185 0.49806985294117645 0.42144607843137255 0.00900735294117647 0.010049019607843138
176 0.4853400735294118 0.5571691176470588 0.00818014705882353 0.009926470588235294
106 0.59765625 0.2426470588235294 0.00744485294117647 0.00980392156862745
224 0.45923713235294117 0.39540441176470587 0.007077205882352941 0.014093137254901961
160 0.43488051470588235 0.21899509803921569 0.00854779411764706 0.013480392156862746
7 0.44186580882352944 0.3547794117647059 0.006709558823529411 0.007598039215686274
13 0.4963694852941177 0.27475490196078434 0.00854779411764706 0.011029411764705883
200 0.5731158088235294 0.26372549019607844 0.007628676470588235 0.013970588235294118
32 0.47513786764705884 0.4789828431372549 0.008731617647058824 0.010416666666666666
119 0.41557904411764707 0.24987745098039216 0.00854779411764706 0.011519607843137256
22 0.4746783088235294 0.38026960784313724 0.0078125 0.011029411764705883
99 0.49370404411764707 0.2604779411764706 0.0059742647058823525 0.011887254901960784
7 0.4754595588235294 0.5081495098039216 0.008088235294117648 0.010416666666666666
44 0.5114430147058824 0.6104166666666667 0.007261029411764706 0.011519607843137256
99 0.48134191176470587 0.301531862745098 0.005330882352941177 0.010906862745098039
211 0.5153033088235294 0.5565563725490196 0.006893382352941176 0.013848039215686274
32 0.44191176470588234 0.2823529411764706 0.009926470588235294 0.011274509803921568
176 0.5774356617647058 0.6585171568627451 0.007996323529411764 0.01017156862745098
44 0.6184283088235294 0.3085171568627451 0.010202205882352941 0.010661764705882353
118 0.4621323529411765 0.2170343137254902 0.010294117647058823 0.01642156862745098
118 0.5891084558823529 0.6723651960784314 0.009650735294117647 0.011151960784313726
200 0.5635569852941177 0.5882965686274509 0.00854779411764706 0.01017156862745098
200 0.3425551470588235 0.23823529411764705 0.008088235294117648 0.01053921568627451
58 0.4807444852941177 0.4658700980392157 0.009650735294117647 0.012377450980392156
200 0.5673713235294118 0.30245098039215684 0.008272058823529412 0.010784313725490196
76 0.41994485294117645 0.22904411764705881 0.007904411764705882 0.01715686274509804
7 0.39499080882352944 0.2745710784313726 0.00818014705882353 0.009681372549019608
6 0.5725643382352941 0.45006127450980393 0.008363970588235294 0.011151960784313726
119 0.5702205882352941 0.6454656862745098 0.008639705882352942 0.010784313725490196
58 0.5614430147058823 0.6321691176470589 0.008915441176470588 0.01213235294117647
58 0.3950827205882353 0.2887254901960784 0.010018382352941177 0.012009803921568628
118 0.4948529411764706 0.6947303921568627 0.009558823529411765 0.012745098039215686
119 0.46792279411764703 0.422671568627451 0.006617647058823529 0.010294117647058823
118 0.3475643382352941 0.2800857843137255 0.009650735294117647 0.011642156862745098
211 0.4869485294117647 0.39301470588235293 0.004595588235294118 0.01053921568627451
44 0.31953125 0.21825980392156863 0.010753676470588235 0.012745098039215686
7 0.32642463235294117 0.23431372549019608 0.006709558823529411 0.011519607843137256
160 0.37362132352941174 0.21145833333333333 0.0058823529411764705 0.013848039215686274
7 0.4943014705882353 0.47818627450980394 0.006433823529411764 0.011029411764705883
7 0.57734375 0.370343137254902 0.007261029411764706 0.010294117647058823
200 0.3357996323529412 0.24963235294117647 0.00744485294117647 0.012009803921568628
118 0.6021139705882353 0.7253676470588235 0.009375 0.0125
224 0.5168658088235294 0.264828431372549 0.0056066176470588236 0.011274509803921568
22 0.5044117647058823 0.27567401960784316 0.007352941176470588 0.011151960784313726
7 0.45009191176470587 0.3379901960784314 0.006617647058823529 0.011029411764705883
22 0.5706341911764706 0.6322303921568627 0.00744485294117647 0.010294117647058823
160 0.651516544117647 0.7294117647058823 0.0056066176470588236 0.013480392156862746
6 0.45050551470588235 0.32450980392156864 0.00744485294117647 0.01053921568627451
211 0.6004595588235294 0.23002450980392156 0.004779411764705883 0.0125
44 0.46369485294117646 0.3399509803921569 0.009191176470588236 0.011519607843137256
44 0.4088235294117647 0.2638480392156863 0.010477941176470587 0.01053921568627451
32 0.3417279411764706 0.22126225490196078 0.009926470588235294 0.014338235294117646
7 0.31792279411764707 0.25882352941176473 0.008455882352941176 0.011029411764705883
32 0.475 0.3145833333333333 0.00974264705882353 0.011274509803921568
118 0.5021139705882353 0.5832720588235294 0.01011029411764706 0.011887254901960784
200 0.6038602941176471 0.6444852941176471 0.008823529411764706 0.00980392156862745
200 0.47794117647058826 0.6118259803921569 0.007904411764705882 0.010416666666666666
58 0.47472426470588236 0.625 0.009191176470588236 0.0125
44 0.5647058823529412 0.42169117647058824 0.011764705882352941 0.010784313725490196
13 0.4684742647058823 0.4090686274509804 0.007904411764705882 0.008823529411764706
160 0.4007352941176471 0.22849264705882352 0.00900735294117647 0.014583333333333334
7 0.4610753676470588 0.25582107843137253 0.007077205882352941 0.011642156862745098
32 0.3597886029411765 0.3177083333333333 0.009283088235294118 0.01017156862745098
22 0.4744025735294118 0.7219975490196079 0.007261029411764706 0.011397058823529411
22 0.60546875 0.24393382352941176 0.00744485294117647 0.012867647058823529
211 0.4775275735294118 0.23020833333333332 0.003400735294117647 0.009926470588235294
211 0.47987132352941175 0.4934436274509804 0.004963235294117647 0.010416666666666666
106 0.4635110294117647 0.4814950980392157 0.0055147058823529415 0.011029411764705883
118 0.5311121323529412 0.3079044117647059 0.009099264705882354 0.01213235294117647
211 0.46980698529411763 0.4372549019607843 0.003400735294117647 0.01053921568627451
58 0.43731617647058824 0.25300245098039215 0.009926470588235294 0.010906862745098039
200 0.33492647058823527 0.26237745098039217 0.007536764705882353 0.012254901960784314
118 0.4954503676470588 0.4508578431372549 0.008363970588235294 0.010294117647058823
118 0.5193933823529412 0.6261029411764706 0.008088235294117648 0.0125
22 0.4670955882352941 0.31176470588235294 0.007352941176470588 0.00980392156862745
176 0.4501838235294118 0.22567401960784314 0.006617647058823529 0.011642156862745098
7 0.3495404411764706 0.22279411764705884 0.006801470588235294 0.012745098039215686
200 0.4985294117647059 0.21924019607843137 0.007720588235294118 0.014705882352941176
200 0.5863051470588235 0.39797794117647056 0.008455882352941176 0.010661764705882353
211 0.5804227941176471 0.25 0.004779411764705883 0.01053921568627451
76 0.6228860294117647 0.2575367647058823 0.011029411764705883 0.02340686274509804
224 0.5788143382352942 0.6857843137254902 0.007077205882352941 0.010784313725490196
32 0.5839613970588236 0.27732843137254903 0.010753676470588235 0.015441176470588236
7 0.4569393382352941 0.26979166666666665 0.007077205882352941 0.012867647058823529
185 0.4629595588235294 0.22904411764705881 0.007352941176470588 0.011029411764705883
211 0.5698988970588236 0.3564338235294118 0.004503676470588235 0.010416666666666666
7 0.47555147058823527 0.5700367647058824 0.007536764705882353 0.012377450980392156
7 0.5683823529411764 0.6987745098039215 0.008272058823529412 0.011274509803921568
119 0.5612132352941176 0.6181985294117647 0.009191176470588236 0.011887254901960784
149 0.5960477941176471 0.6575980392156863 0.008639705882352942 0.010784313725490196
118 0.5450367647058824 0.280453431372549 0.007904411764705882 0.010661764705882353
7 0.6333639705882353 0.7270833333333333 0.008639705882352942 0.012254901960784314
200 0.33984375 0.278921568627451 0.005422794117647059 0.013480392156862746
44 0.3793198529411765 0.27236519607843135 0.009375 0.01213235294117647
106 0.32136948529411763 0.24644607843137256 0.0109375 0.012254901960784314
200 0.3173253676470588 0.2730392156862745 0.006893382352941176 0.011274509803921568
118 0.4289981617647059 0.3371936274509804 0.00818014705882353 0.011151960784313726
200 0.5646139705882353 0.5455882352941176 0.008455882352941176 0.011029411764705883
118 0.6013327205882353 0.6996323529411764 0.010202205882352941 0.0125
7 0.5924632352941176 0.2784313725490196 0.00900735294117647 0.0125
13 0.5550551470588235 0.4204656862745098 0.008823529411764706 0.010784313725490196
22 0.5562959558823529 0.5014705882352941 0.00818014705882353 0.011274509803921568
149 0.5017003676470588 0.6388480392156862 0.00744485294117647 0.011764705882352941
118 0.4111213235294118 0.3068014705882353 0.009191176470588236 0.010661764705882353
110 0.4178768382352941 0.3360294117647059 0.008363970588235294 0.008333333333333333
44 0.6197610294117647 0.2696078431372549 0.011580882352941177 0.016911764705882352
118 0.3447150735294118 0.20814950980392158 0.007996323529411764 0.01213235294117647
200 0.42734375 0.2175857843137255 0.006893382352941176 0.013602941176470588
200 0.4722426470588235 0.6650122549019608 0.007352941176470588 0.011642156862745098
58 0.4859375 0.6115808823529412 0.007720588235294118 0.009926470588235294
119 0.4357077205882353 0.35465686274509806 0.006341911764705882 0.007598039215686274
22 0.31043198529411764 0.2581495098039216 0.007628676470588235 0.009681372549019608
118 0.48915441176470587 0.422671568627451 0.009558823529411765 0.011274509803921568
7 0.44379595588235293 0.2681372549019608 0.009834558823529412 0.013235294117647059
22 0.5944393382352942 0.26574754901960784 0.009099264705882354 0.012867647058823529
118 0.4837316176470588 0.5701593137254902 0.009191176470588236 0.011642156862745098
22 0.4912224264705882 0.6378676470588235 0.0057904411764705885 0.012254901960784314
7 0.576608455882353 0.410906862745098 0.007996323529411764 0.011274509803921568
160 0.4739889705882353 0.42316176470588235 0.008272058823529412 0.012009803921568628
106 0.5948529411764706 0.3199142156862745 0.010661764705882353 0.010906862745098039
7 0.47164522058823527 0.28682598039215684 0.008363970588235294 0.010906862745098039
13 0.4591452205882353 0.3110294117647059 0.008915441176470588 0.009313725490196078
118 0.56796875 0.4756740196078431 0.010753676470588235 0.011642156862745098
22 0.49829963235294117 0.6264093137254902 0.008363970588235294 0.011887254901960784
44 0.5569852941176471 0.4735906862745098 0.012867647058823529 0.012377450980392156
7 0.4727941176470588 0.6791053921568627 0.007536764705882353 0.010416666666666666
224 0.5900275735294118 0.24227941176470588 0.00818014705882353 0.01053921568627451
211 0.4647518382352941 0.28535539215686273 0.003952205882352941 0.009436274509803921
13 0.49011948529411764 0.6256740196078432 0.008731617647058824 0.010416666666666666
44 0.5918658088235295 0.7247549019607843 0.009099264705882354 0.0125
106 0.40386029411764707 0.276593137254902 0.009191176470588236 0.010294117647058823
22 0.43667279411764703 0.33762254901960786 0.008455882352941176 0.011274509803921568
7 0.45602022058823527 0.29650735294117647 0.007628676470588235 0.009926470588235294
118 0.5610294117647059 0.3675857843137255 0.008272058823529412 0.011397058823529411
160 0.5603860294117647 0.43443627450980393 0.006801470588235294 0.011274509803921568
211 0.5721047794117647 0.3164828431372549 0.0030330882352941177 0.010906862745098039
200 0.553170955882353 0.43272058823529413 0.008731617647058824 0.010784313725490196
99 0.48846507352941176 0.4798406862745098 0.0057904411764705885 0.012622549019607843
32 0.5782169117647059 0.4650735294117647 0.010845588235294117 0.012254901960784314
32 0.37693014705882355 0.2870098039215686 0.006985294117647059 0.011519607843137256
149 0.5860753676470588 0.4252450980392157 0.0109375 0.012254901960784314
99 0.5792279411764706 0.3981004901960784 0.006801470588235294 0.010416666666666666
224 0.6423253676470588 0.7144607843137255 0.00818014705882353 0.013235294117647059
32 0.5585018382352941 0.39387254901960783 0.010018382352941177 0.012009803921568628
22 0.586764705882353 0.3194240196078431 0.006801470588235294 0.010661764705882353
22 0.44609375 0.2534926470588235 0.008363970588235294 0.011887254901960784
58 0.37440257352941175 0.3180147058823529 0.0078125 0.010784313725490196
211 0.4128676470588235 0.32046568627450983 0.004595588235294118 0.010784313725490196
7 0.6500459558823529 0.714828431372549 0.009466911764705882 0.011274509803921568
106 0.5013786764705882 0.31776960784313724 0.009558823529411765 0.011274509803921568
119 0.5111672794117647 0.2769607843137255 0.009099264705882354 0.00980392156862745
118 0.44136029411764705 0.3240808823529412 0.009191176470588236 0.011887254901960784
106 0.5911764705882353 0.2920343137254902 0.011580882352941177 0.014705882352941176
118 0.3640625 0.26948529411764705 0.009558823529411765 0.011029411764705883
176 0.4735753676470588 0.3943014705882353 0.008915441176470588 0.009926470588235294
7 0.43230698529411765 0.3232230392156863 0.0078125 0.011397058823529411
211 0.5931525735294118 0.3987132352941177 0.0057904411764705885 0.010661764705882353
22 0.4889705882352941 0.25968137254901963 0.006801470588235294 0.012009803921568628
110 0.5704963235294118 0.3431985294117647 0.006433823529411764 0.009926470588235294
211 0.43405330882352944 0.2940563725490196 0.004136029411764706 0.010416666666666666
224 0.47706801470588234 0.5457107843137254 0.005422794117647059 0.009558823529411765
