200 0.22680537075117937 0.7674897119341564 0.019837909761703156 0.0180612711476909
8 0.2418652473690577 0.8232167352537723 0.01947502116850127 0.022748056698673982
149 0.48336760614491353 0.46502057613168724 0.027337607354542156 0.021033379058070414
224 0.5734244586911819 0.6902720621856424 0.025039312930930206 0.023433927754915408
7 0.4392161606386839 0.7970964791952446 0.021289464134510706 0.02606310013717421
185 0.39851215676787227 0.30904206675811613 0.02770049594774404 0.02137631458619113
200 0.47018265392524494 0.22742341106538638 0.01572517237208177 0.01931870141746685
160 0.4623200677392041 0.4381572930955647 0.02032176121930567 0.0205761316872428
143 0.30954397000120965 0.5487540009144948 0.026369904439337122 0.016803840877914953
200 0.18083948227894037 0.7723479652491998 0.01935405830410064 0.020233196159122085
149 0.286923914358292 0.41466620941929583 0.02685375589693964 0.025034293552812073
13 0.5067739204064352 0.6395747599451304 0.02189427845651385 0.022862368541380886
13 0.36222329744768356 0.3859739368998628 0.022620055642917625 0.01726108824874257
58 0.3514576025160276 0.7971536351165981 0.03786137655739688 0.022748056698673982
7 0.370388290794726 0.7431984453589392 0.01935405830410064 0.022748056698673982
58 0.4854844562719245 0.43621399176954734 0.02310390710052014 0.018518518518518517
160 0.2318858110560058 0.744684499314129 0.02177331559211322 0.02137631458619113
224 0.4175638079109713 0.7167352537722909 0.01572517237208177 0.017604023776863282
6 0.399419378250877 0.5484110653863741 0.0362888593201887 0.022748056698673982
13 0.44018386355388894 0.8234453589391861 0.028547235998548446 0.01886145404663923
32 0.352122898270231 0.46753543667123915 0.026369904439337122 0.021033379058070414
149 0.36936010644732065 0.3096707818930041 0.02407161001572517 0.020118884316415182
160 0.2469456876738841 0.7173639689071788 0.01947502116850127 0.023205304069501602
211 0.24367969033506715 0.7689186099679927 0.01197532357566227 0.020233196159122085
149 0.32115640498367004 0.7952103337905807 0.026369904439337122 0.022290809327846366
224 0.365005443328898 0.692615454961134 0.02165235272771259 0.018518518518518517
149 0.23164388532720454 0.641803840877915 0.021289464134510706 0.019775948788294466
7 0.48844804644973994 0.4080361225422954 0.018870206846498126 0.021833561957018747
118 0.5168743195838877 0.6664951989026063 0.024918350066529576 0.01771833561957019
99 0.48112979315350185 0.7201074531321445 0.018991169710898755 0.022748056698673982
32 0.5624773194629249 0.7186213991769548 0.02056368694810693 0.032121627800640144
7 0.27246885206241683 0.611225422953818 0.026248941574936496 0.023319615912208505
22 0.2845651385024797 0.5512688614540466 0.02165235272771259 0.01771833561957019
200 0.47985968307729526 0.25817329675354367 0.02032176121930567 0.022290809327846366
22 0.2244465948953671 0.6673525377229081 0.01802346679569372 0.015089163237311385
58 0.39512519656465467 0.7455418381344308 0.02915205032055159 0.018975765889346137
32 0.2947260191121326 0.5777892089620484 0.028184347405346557 0.020233196159122085
32 0.4445385266723116 0.30858481938728854 0.02540220152413209 0.019775948788294466
224 0.3931897907342446 0.6663237311385459 0.01802346679569372 0.01646090534979424
110 0.5566711019716947 0.8225880201188843 0.022257167049715736 0.018975765889346137
22 0.35581226563445023 0.7697759487882945 0.019958872626103786 0.019433013260173753
7 0.3210959235514697 0.578875171467764 0.022620055642917625 0.021490626428898034
224 0.4191363251481795 0.4667352537722908 0.01717672674488932 0.019433013260173753
118 0.4364944961896698 0.7704046639231824 0.025039312930930206 0.019775948788294466
185 0.2635780815289706 0.7926954732510288 0.022257167049715736 0.022290809327846366
118 0.3218217007378735 0.6369455875628716 0.022136204185315107 0.021033379058070414
22 0.38762549897181564 0.28400777320530407 0.022620055642917625 0.01931870141746685
211 0.3999032297084795 0.691358024691358 0.009193177694447805 0.021033379058070414
7 0.34837304947381154 0.3607681755829904 0.02177331559211322 0.02263374485596708
118 0.419801620902383 0.33441929583904895 0.02310390710052014 0.01931870141746685
58 0.29037135599370995 0.7944101508916324 0.03326478771017298 0.019775948788294466
224 0.320188702068465 0.38511659807956106 0.02274101850731825 0.0205761316872428
32 0.21489052860771743 0.5510402377686329 0.017539615338091206 0.022290809327846366
58 0.45766299745977984 0.6663237311385459 0.02770049594774404 0.015546410608139003
22 0.4207088423853877 0.6616941015089163 0.017660578202491835 0.01726108824874257
160 0.36264666747308577 0.2307384545038866 0.02080561267690819 0.016803840877914953
13 0.3243619208902867 0.6106538637402835 0.026248941574936496 0.02446273433927755
110 0.3479496794484093 0.745713305898491 0.023587758558122656 0.01931870141746685
99 0.36706181202370874 0.6114540466392319 0.01802346679569372 0.02377686328303612
224 0.4266965041732188 0.3624256973022405 0.01947502116850127 0.021833561957018747
200 0.45935647756138864 0.772119341563786 0.01802346679569372 0.01886145404663923
211 0.5049594774404258 0.8225880201188843 0.012943026490867303 0.0180612711476909
119 0.26007015846135234 0.6604366712391404 0.02443449860892706 0.0206904435299497
118 0.4392161606386839 0.43649977137631457 0.021289464134510706 0.022290809327846366
22 0.5201403169227047 0.821787837219936 0.014757469456876738 0.0180612711476909
200 0.48754082496673523 0.49302697759487885 0.01705576388048869 0.021490626428898034
224 0.18168622232974477 0.6089391860996799 0.021289464134510706 0.021033379058070414
7 0.5097375105842507 0.7985825331504344 0.02177331559211322 0.02400548696844993
224 0.3691786621507197 0.5233196159122085 0.019837909761703156 0.0180612711476909
13 0.3414176847707754 0.6643804298125285 0.024555461473327687 0.01600365797896662
22 0.29085520745131244 0.7670324645633287 0.022136204185315107 0.0180612711476909
185 0.2177331559211322 0.7998399634202104 0.01935405830410064 0.02400548696844993
99 0.34395790492318856 0.25960219478737995 0.018507318253296236 0.020118884316415182
7 0.2009797992016451 0.7156492912665752 0.023587758558122656 0.028235025148605396
143 0.2096891254384904 0.6415752171925011 0.023587758558122656 0.020233196159122085
200 0.37498487964194993 0.5485825331504344 0.01935405830410064 0.018975765889346137
13 0.3574452643038587 0.5498399634202104 0.021289464134510706 0.021490626428898034
200 0.5737268658521834 0.8001257430269776 0.02564412725293335 0.0257201646090535
44 0.2785774767146486 0.49657064471879286 0.030966493286561026 0.01600365797896662
22 0.30561267690818916 0.5230909922267947 0.022136204185315107 0.018518518518518517
185 0.3293818797629128 0.5245770461819844 0.026369904439337122 0.027434842249657063
224 0.3900447562598282 0.7702331961591221 0.019958872626103786 0.021033379058070414
160 0.5056247731946293 0.7744055784179241 0.02540220152413209 0.02686328303612254
99 0.4161122535381638 0.44107224508459075 0.01572517237208177 0.022290809327846366
6 0.2644853030119753 0.7687471422039324 0.022136204185315107 0.0205761316872428
22 0.46903350671343896 0.35973936899862824 0.023587758558122656 0.0180612711476909
99 0.31994677633966373 0.6915866483767719 0.01935405830410064 0.0205761316872428
7 0.47030361678964555 0.3153292181069959 0.02564412725293335 0.022748056698673982
13 0.20479012943026492 0.6675811614083219 0.02032176121930567 0.018975765889346137
7 0.24706665053828475 0.6879858253315043 0.01802346679569372 0.021833561957018747
22 0.5486875529212532 0.6926726108824874 0.01814442966009435 0.0257201646090535
32 0.4063747429539131 0.23010973936899862 0.022136204185315107 0.0205761316872428
7 0.3911334220394339 0.5190900777320531 0.02407161001572517 0.02400548696844993
13 0.3428692391435829 0.6378600823045267 0.015604209507681143 0.027434842249657063
58 0.4594774404257893 0.5504686785550983 0.0325390105237692 0.02686328303612254
224 0.3978468610136688 0.7960676726108825 0.016209023829684286 0.025605852766346592
76 0.4161122535381638 0.6937014174668495 0.01935405830410064 0.03829446730681298
118 0.4669771380186283 0.49302697759487885 0.022136204185315107 0.021490626428898034
13 0.4876013063989355 0.8219593049839964 0.02080561267690819 0.01931870141746685
119 0.4720575783234547 0.3840877914951989 0.025039312930930206 0.01600365797896662
200 0.15979194387323092 0.6097393689986282 0.021289464134510706 0.02629172382258802
224 0.20418531510826177 0.7712620027434842 0.019837909761703156 0.018975765889346137
22 0.46352969638321034 0.8228166438042981 0.019837909761703156 0.019433013260173753
106 0.5564896576750937 0.77400548696845 0.022620055642917625 0.02194787379972565
7 0.2952703520019354 0.4406721536351166 0.02080561267690819 0.023090992226794695
22 0.36966251360832225 0.664437585733882 0.019837909761703156 0.016803840877914953
118 0.5025402201524132 0.6941015089163237 0.02407161001572517 0.0180612711476909
119 0.25250997943631304 0.7411408321902149 0.02310390710052014 0.022748056698673982
99 0.4595984032901899 0.46633516232281663 0.017539615338091206 0.020233196159122085
99 0.45929599612918837 0.6941015089163237 0.015241320914479255 0.018975765889346137
118 0.37843232127736787 0.41226566072245086 0.024555461473327687 0.01931870141746685
200 0.39040764485303014 0.6106538637402835 0.02431353574452643 0.023319615912208505
106 0.42766420708842384 0.3840877914951989 0.02407161001572517 0.017604023776863282
118 0.2685980404015967 0.6905006858710563 0.02310390710052014 0.021833561957018747
7 0.4329865731220515 0.28509373571101965 0.023587758558122656 0.021490626428898034
99 0.32829321398330713 0.7444558756287152 0.014757469456876738 0.01931870141746685
118 0.5143340994314746 0.5481252857796067 0.03193419620176606 0.02446273433927755
7 0.2910971331801137 0.7139917695473251 0.026248941574936496 0.02400548696844993
99 0.535200193540583 0.8223593964334706 0.01802346679569372 0.021033379058070414
22 0.37849280270956814 0.7970964791952446 0.02080561267690819 0.021033379058070414
13 0.551348735938067 0.7966963877457705 0.019837909761703156 0.020233196159122085
160 0.40843111164872387 0.49405578417924095 0.01802346679569372 0.021033379058070414
22 0.3775250997943631 0.4673639689071788 0.02177331559211322 0.019775948788294466
22 0.3206725535260675 0.4415294924554184 0.019837909761703156 0.018175582990397805
7 0.43849038345228014 0.4637631458619113 0.02080561267690819 0.023548239597622315
13 0.44683682109592354 0.3341906721536351 0.02443449860892706 0.019775948788294466
22 0.42234184105479616 0.3092135345221765 0.018991169710898755 0.021033379058070414
7 0.33706302165235275 0.41358024691358025 0.02310390710052014 0.021033379058070414
13 0.45143340994314746 0.22993827160493827 0.019837909761703156 0.020233196159122085
211 0.3548445627192452 0.49325560128029267 0.01342687794846982 0.018518518518518517
211 0.37431958388774644 0.8225880201188843 0.012459175033264788 0.021490626428898034
200 0.400387081166082 0.33607681755829905 0.01572517237208177 0.018518518518518517
200 0.3118422644248216 0.6638088705989941 0.019837909761703156 0.0180612711476909
7 0.3548445627192452 0.3375628715134888 0.025039312930930206 0.02400548696844993
211 0.4706665053828475 0.40975080018289894 0.014757469456876738 0.02114769090077732
119 0.502116850127011 0.7467992684042066 0.024918350066529576 0.021490626428898034
99 0.42742228135962257 0.4961705532693187 0.01342687794846982 0.021833561957018747
22 0.4713318011370509 0.3342478280749886 0.024555461473327687 0.018975765889346137
200 0.4493770412483368 0.38391632373113854 0.021289464134510706 0.01726108824874257
22 0.3470424579654046 0.6093392775491541 0.02322486996492077 0.023205304069501602
224 0.38556913027700496 0.691358024691358 0.016571912422886175 0.021033379058070414
110 0.38187976291278575 0.3356767261088249 0.021289464134510706 0.021833561957018747
76 0.4614128462561993 0.720679012345679 0.02310390710052014 0.029835390946502057
200 0.49981855570339906 0.7213648834019204 0.01572517237208177 0.022748056698673982
160 0.41593080924156284 0.823045267489712 0.019958872626103786 0.021490626428898034
200 0.47895246159429056 0.6936442615454961 0.022136204185315107 0.0180612711476909
22 0.3345228014999395 0.49491312299954276 0.01802346679569372 0.01931870141746685
200 0.40014515543728074 0.4675925925925926 0.02080561267690819 0.01931870141746685
22 0.4898391193903472 0.6654663923182441 0.02165235272771259 0.01726108824874257
119 0.47828716584008707 0.5192043895747599 0.021289464134510706 0.02857796067672611
119 0.3107535986452159 0.8203017832647462 0.024918350066529576 0.02446273433927755
22 0.3347647272287408 0.5485825331504344 0.022136204185315107 0.0180612711476909
149 0.2981734607475505 0.3863168724279835 0.02564412725293335 0.022290809327846366
200 0.38260554009918957 0.385745313214449 0.018870206846498126 0.01931870141746685
119 0.32297084794967945 0.46942158207590307 0.02443449860892706 0.019775948788294466
22 0.4320188702068465 0.2288523090992227 0.019958872626103786 0.023090992226794695
224 0.2748881093504294 0.4415294924554184 0.022620055642917625 0.01886145404663923
32 0.4862102334583283 0.7994398719707362 0.027216644490141526 0.02137631458619113
44 0.5797145276400145 0.8272748056698674 0.018749243982097496 0.025148605395518976
44 0.29248820612072096 0.6363168724279835 0.028305310269747187 0.0206904435299497
224 0.21041490262489415 0.7461705532693187 0.01947502116850127 0.020233196159122085
58 0.5289101245917504 0.7744627343392776 0.029635901778154106 0.021033379058070414
22 0.3423249062537801 0.6915866483767719 0.02080561267690819 0.0180612711476909
160 0.31510826176363854 0.3384202103337906 0.03435345348977864 0.0257201646090535
7 0.5437280754808274 0.7185642432556013 0.017418652473690576 0.028120713305898493
7 0.2372081770896335 0.5522976680384087 0.02782145881214467 0.019775948788294466
22 0.3377887988387565 0.8225880201188843 0.018991169710898755 0.02400548696844993
149 0.1868271440667715 0.7442844078646548 0.02407161001572517 0.0205761316872428
200 0.5852788194024434 0.7227366255144033 0.017539615338091206 0.030978509373571102
7 0.2984758679085521 0.46942158207590307 0.02165235272771259 0.022290809327846366
6 0.41774525220757225 0.7988111568358482 0.022620055642917625 0.021033379058070414
119 0.28577476714648603 0.8203017832647462 0.02407161001572517 0.02446273433927755
7 0.267690818918592 0.5780178326474623 0.02032176121930567 0.0206904435299497
119 0.46655376799322607 0.28960905349794236 0.03193419620176606 0.028692272519433012
200 0.3507318253296238 0.5237197073616827 0.01802346679569372 0.016346593507087333
118 0.14043788556913028 0.6095107453132145 0.028789161727349702 0.029263831732967534
176 0.2756138865368332 0.4709076360310928 0.02407161001572517 0.021833561957018747
110 0.2721664449014153 0.715249199817101 0.02540220152413209 0.0180612711476909
22 0.43970001209628645 0.6934727937814358 0.02032176121930567 0.020233196159122085
200 0.39179871779363734 0.43941472336534065 0.019837909761703156 0.0180612711476909
7 0.5756017902503932 0.6419181527206218 0.02431353574452643 0.029835390946502057
13 0.43068827869843956 0.4092935528120713 0.022620055642917625 0.020233196159122085
7 0.2843836942058788 0.743427069044353 0.022257167049715736 0.023205304069501602
118 0.5208660941091086 0.7202789208962048 0.02540220152413209 0.021490626428898034
7 0.35671948711745494 0.8207018747142204 0.02177331559211322 0.022748056698673982
13 0.33730494738115396 0.7154778235025149 0.023587758558122656 0.018518518518518517
224 0.368271440667715 0.4409007773205304 0.019958872626103786 0.018518518518518517
118 0.5058062174912302 0.4946273433927755 0.018749243982097496 0.027434842249657063
6 0.25916293697834764 0.5546982167352538 0.024555461473327687 0.020233196159122085
22 0.4131486633603484 0.7704046639231824 0.024555461473327687 0.01886145404663923
176 0.4081891859199226 0.2844650205761317 0.02407161001572517 0.01931870141746685
200 0.48923430506834403 0.5504686785550983 0.026974718761340267 0.02686328303612254
118 0.5577597677513003 0.7495999085505258 0.022499092778516996 0.01931870141746685
118 0.3086367485182049 0.4951417466849566 0.024555461473327687 0.018175582990397805
211 0.4141768477077537 0.5206904435299498 0.029514938913753477 0.02217649748513946
7 0.39131486633603485 0.25794467306812985 0.019837909761703156 0.022748056698673982
13 0.5290915688883513 0.6905006858710563 0.02274101850731825 0.025034293552812073
200 0.3937341236240474 0.8220164609053497 0.02274101850731825 0.021033379058070414
185 0.29587516632393857 0.6888431641518061 0.029514938913753477 0.020118884316415182
224 0.40292730131849525 0.3849451303155007 0.02177331559211322 0.01771833561957019
211 0.37081166082012823 0.77086191129401 0.01197532357566227 0.019775948788294466
7 0.4370993105116729 0.25954503886602653 0.01947502116850127 0.0257201646090535
22 0.42560783839361316 0.745713305898491 0.018991169710898755 0.016803840877914953
106 0.2974476835611467 0.6103680841335163 0.027579533083343412 0.025034293552812073
76 0.3127494859078263 0.4137517146776406 0.022620055642917625 0.028235025148605396
22 0.3107535986452159 0.7444558756287152 0.022257167049715736 0.021833561957018747
32 0.41538647635176 0.25771604938271603 0.026369904439337122 0.0206904435299497
160 0.43262368452884964 0.5492684042066758 0.026248941574936496 0.02217649748513946
200 0.389802830531027 0.49348422496570643 0.018507318253296236 0.0180612711476909
160 0.40710052014031695 0.3621970736168267 0.018991169710898755 0.019775948788294466
118 0.28178299262126527 0.5239483310470965 0.023587758558122656 0.01931870141746685
224 0.22595863070037497 0.716506630086877 0.02080561267690819 0.023090992226794695
149 0.2843232127736785 0.6593507087334248 0.022136204185315107 0.017604023776863282
211 0.22287407765815895 0.823045267489712 0.012943026490867303 0.021490626428898034
200 0.3165598161364461 0.7686899862825789 0.019837909761703156 0.019775948788294466
22 0.23956695294544575 0.7954389574759945 0.02407161001572517 0.01931870141746685
176 0.32666021531389866 0.3611682670324646 0.024555461473327687 0.01931870141746685
211 0.33428087577113824 0.7687471422039324 0.013910729406072336 0.018975765889346137
7 0.4514938913753478 0.40906492912665754 0.018991169710898755 0.019775948788294466
22 0.39929841538647637 0.7171353452217649 0.02080561267690819 0.020233196159122085
224 0.5316922704729647 0.7962962962962963 0.018507318253296236 0.021033379058070414
211 0.3677875892101125 0.3613968907178784 0.01342687794846982 0.019775948788294466
200 0.34123624047417445 0.44050068587105623 0.021289464134510706 0.020233196159122085
7 0.26127978710535865 0.8199016918152721 0.022257167049715736 0.02526291723822588
7 0.3028305310269747 0.35996799268404206 0.022136204185315107 0.021033379058070414
119 0.4813717188823031 0.7710905349794238 0.02407161001572517 0.022748056698673982
149 0.47671464860287893 0.7476566072245084 0.024918350066529576 0.01886145404663923
7 0.4440546752147091 0.4926268861454047 0.02177331559211322 0.023205304069501602
99 0.2689004475625983 0.63460219478738 0.015241320914479255 0.022290809327846366
99 0.3149268174670376 0.716506630086877 0.017539615338091206 0.0205761316872428
22 0.5301197532357567 0.7489140374942844 0.019958872626103786 0.019775948788294466
7 0.43691786621507195 0.7179926840420667 0.02685375589693964 0.023548239597622315
211 0.4389742349098827 0.6608367626886146 0.015241320914479255 0.0180612711476909
224 0.3848433530906012 0.2309670781893004 0.01802346679569372 0.018175582990397805
22 0.46238054917140436 0.7994398719707362 0.022136204185315107 0.02137631458619113
7 0.3409943147453732 0.3859739368998628 0.019837909761703156 0.023205304069501602
13 0.4461715253417201 0.36036808413351623 0.02310390710052014 0.016803840877914953
224 0.37171888230313294 0.4926268861454047 0.0166928752872868 0.019775948788294466
176 0.3255110681020927 0.25960219478737995 0.02032176121930567 0.02263374485596708
13 0.24253054312326117 0.6663237311385459 0.019837909761703156 0.015546410608139003
200 0.3864158703278094 0.36356881572930955 0.01681383815168743 0.02686328303612254
58 0.4482883754687311 0.7454846822130773 0.030966493286561026 0.019775948788294466
200 0.3663360348373049 0.2593735711019662 0.018991169710898755 0.0180612711476909
119 0.45977984758679086 0.25880201188843166 0.019837909761703156 0.021033379058070414
22 0.4077658158945204 0.41169410150891633 0.021289464134510706 0.019775948788294466
22 0.35792911576146125 0.7190786465477823 0.02032176121930567 0.022290809327846366
32 0.3752268053707512 0.716506630086877 0.02177331559211322 0.021490626428898034
13 0.34631668077900085 0.5780178326474623 0.02395064715132454 0.018175582990397805
211 0.3566590056852546 0.41335162322816643 0.01342687794846982 0.021490626428898034
