185 0.44958639705882353 0.5965686274509804 0.021783088235294117 0.02696078431372549
224 0.42302389705882354 0.5297794117647059 0.014246323529411764 0.025
7 0.4381893382352941 0.5275122549019607 0.0171875 0.025612745098039215
13 0.41613051470588236 0.5982230392156863 0.023805147058823528 0.023651960784313725
99 0.5403033088235294 0.6021446078431373 0.01369485294117647 0.035416666666666666
224 0.49572610294117647 0.5284926470588235 0.014613970588235294 0.022426470588235294
160 0.46911764705882353 0.5995710784313726 0.02022058823529412 0.031495098039215685
32 0.49471507352941174 0.560171568627451 0.019761029411764705 0.026225490196078432
224 0.5689338235294118 0.5614583333333333 0.014154411764705882 0.026348039215686275
22 0.43285845588235294 0.5966299019607844 0.01369485294117647 0.025612745098039215
22 0.4326286764705882 0.43069852941176473 0.013235294117647059 0.024877450980392155
22 0.41034007352941176 0.530453431372549 0.013143382352941177 0.028799019607843136
149 0.39512867647058825 0.5327818627450981 0.016176470588235296 0.025612745098039215
22 0.4301011029411765 0.5634191176470589 0.0171875 0.024877450980392155
224 0.4455422794117647 0.5643995098039216 0.015716911764705882 0.021691176470588235
200 0.3978860294117647 0.46574754901960785 0.016727941176470588 0.029534313725490195
160 0.49090073529411765 0.4641544117647059 0.016176470588235296 0.028799019607843136
13 0.5079963235294118 0.5264093137254902 0.016176470588235296 0.025122549019607844
99 0.5423713235294118 0.49466911764705884 0.014705882352941176 0.029534313725490195
106 0.5221047794117647 0.5976102941176471 0.023805147058823528 0.027573529411764705
13 0.41792279411764705 0.4319852941176471 0.02022058823529412 0.026225490196078432
118 0.50078125 0.5962622549019608 0.023805147058823528 0.027573529411764705
176 0.5370404411764705 0.5284926470588235 0.02022058823529412 0.023651960784313725
7 0.48230698529411764 0.49528186274509806 0.019209558823529413 0.025612745098039215
160 0.48359375 0.4306372549019608 0.015716911764705882 0.026225490196078432
22 0.4660845588235294 0.43167892156862747 0.017279411764705883 0.025612745098039215
58 0.45831801470588235 0.5270833333333333 0.021599264705882353 0.02426470588235294
211 0.5221047794117647 0.5261642156862745 0.01369485294117647 0.025612745098039215
200 0.4318474264705882 0.49528186274509806 0.015716911764705882 0.025612745098039215
106 0.5121783088235294 0.4939950980392157 0.021231617647058824 0.02426470588235294
160 0.5109375 0.5643995098039216 0.01875 0.033455882352941176
22 0.4830422794117647 0.5284926470588235 0.011672794117647059 0.024877450980392155
99 0.4625459558823529 0.4661151960784314 0.014246323529411764 0.027573529411764705
106 0.4465533088235294 0.46317401960784316 0.023805147058823528 0.025612745098039215
44 0.5585477941176471 0.5946691176470589 0.022794117647058822 0.025612745098039215
13 0.44885110294117647 0.4322916666666667 0.019209558823529413 0.029534313725490195
118 0.5314797794117647 0.564093137254902 0.026378676470588235 0.025
176 0.5025735294117647 0.4323529411764706 0.018198529411764707 0.030882352941176472
32 0.4108455882352941 0.46286764705882355 0.016176470588235296 0.026225490196078432
76 0.4645680147058823 0.5627450980392157 0.025275735294117647 0.03676470588235294
22 0.5089154411764706 0.4644607843137255 0.014705882352941176 0.028186274509803922
44 0.5758272058823529 0.5272058823529412 0.024816176470588234 0.02230392156862745
7 0.5284007352941177 0.4933823529411765 0.016176470588235296 0.02303921568627451
185 0.41613051470588236 0.495343137254902 0.019761029411764705 0.02696078431372549
200 0.42683823529411763 0.4641544117647059 0.014705882352941176 0.024877450980392155
211 0.4818014705882353 0.5628063725490197 0.01011029411764706 0.024877450980392155
22 0.5527573529411764 0.5611519607843137 0.016176470588235296 0.02696078431372549
106 0.5894761029411765 0.5621323529411765 0.020863970588235293 0.026225490196078432
7 0.3996783088235294 0.4962622549019608 0.0203125 0.027573529411764705
200 0.40197610294117647 0.4329656862745098 0.012591911764705883 0.02034313725490196
7 0.5552849264705882 0.4907475490196078 0.0171875 0.025612745098039215
13 0.5780790441176471 0.5966299019607844 0.022334558823529412 0.033455882352941176
200 0.4769761029411765 0.4618872549019608 0.014613970588235294 0.02034313725490196
13 0.4663143382352941 0.4959558823529412 0.019761029411764705 0.02696078431372549
99 0.5651194852941176 0.49638480392156864 0.021231617647058824 0.035416666666666666
185 0.4110753676470588 0.5637867647058824 0.023805147058823528 0.025612745098039215
22 0.4828125 0.5965686274509804 0.014154411764705882 0.028186274509803922
118 0.45114889705882355 0.49436274509803924 0.021783088235294117 0.026225490196078432
200 0.5552849264705882 0.5297794117647059 0.0171875 0.02230392156862745
