185 0.41561014263074486 0.2236355226641998 0.042789223454833596 0.04209065679925995
32 0.7769413629160064 0.7095282146160962 0.044374009508716325 0.0425531914893617
22 0.9106576862123613 0.20790934320074006 0.031299524564183834 0.030064754856614247
22 0.7200871632329635 0.4835800185013876 0.0384310618066561 0.03654024051803885
118 0.7288034865293186 0.3762719703977798 0.04397781299524564 0.04486586493987049
32 0.6420364500792393 0.263413506012951 0.03763866877971474 0.03839037927844589
224 0.22979397781299524 0.6637372802960222 0.022187004754358162 0.03515263644773358
200 0.28981774960380347 0.660268270120259 0.028922345483359747 0.028214616096207217
106 0.38114104595879555 0.4412580943570768 0.05229793977812995 0.04070305272895467
119 0.8288431061806656 0.48959296947271047 0.03486529318541997 0.04671600370027752
7 0.43165610142630745 0.06776133209990749 0.029714738510301108 0.026364477335800184
176 0.23870839936608557 0.33117483811285847 0.03526148969889065 0.043478260869565216
22 0.5689381933438986 0.1616558741905643 0.03645007923930269 0.04301572617946346
185 0.374405705229794 0.07169287696577244 0.03328050713153724 0.03885291396854764
99 0.4035261489698891 0.07215541165587419 0.022583201267828843 0.03330249768732655
118 0.6531299524564184 0.1593432007400555 0.04556259904912837 0.03839037927844589
118 0.8234944532488114 0.5402405180388529 0.03922345483359747 0.043478260869565216
106 0.3456814580031696 0.4976873265494912 0.05824088748019018 0.0425531914893617
22 0.48078446909667194 0.27636447733580016 0.034469096671949286 0.04394079555966698
7 0.31378763866877973 0.27867715078630895 0.03645007923930269 0.04486586493987049
185 0.0501188589540412 0.18200740055504164 0.03922345483359747 0.03283996299722479
22 0.5150554675118859 0.492368177613321 0.03724247226624406 0.04301572617946346
119 0.1596671949286846 0.07724329324699353 0.03486529318541997 0.02682701202590194
13 0.21236133122028525 0.12072155411655874 0.04041204437400951 0.04070305272895467
22 0.23375594294770205 0.2305735430157262 0.04120443740095087 0.035615171137835334
22 0.30427892234548337 0.6073080481036077 0.03645007923930269 0.036077705827937095
6 0.8137876386687797 0.26248843663274746 0.022979397781299524 0.03283996299722479
185 0.08260697305863708 0.2821461609620722 0.04873217115689382 0.03700277520814061
13 0.5960776545166403 0.7139222941720629 0.03763866877971474 0.0513413506012951
32 0.6632329635499208 0.5418593894542091 0.03565768621236133 0.0393154486586494
118 0.47048335974643424 0.1147086031452359 0.03288431061806656 0.03885291396854764
118 0.5295166402535658 0.16327474560592045 0.03922345483359747 0.039777983348751156
200 0.8112123613312203 0.7111470860314524 0.02496038034865293 0.031914893617021274
118 0.5760697305863708 0.38135985198889916 0.03724247226624406 0.04301572617946346
106 0.11667987321711569 0.3993987049028677 0.051901743264659274 0.04209065679925995
76 0.250594294770206 0.17067530064754857 0.04001584786053883 0.05920444033302498
119 0.2198890649762282 0.06776133209990749 0.03407290015847861 0.035615171137835334
200 0.42393026941362916 0.4401017576318224 0.03328050713153724 0.031914893617021274
211 0.22107765451664024 0.7735892691951897 0.026148969889064975 0.05226641998149861
13 0.758716323296355 0.15980573543015728 0.03724247226624406 0.05226641998149861
13 0.5780507131537242 0.32678075855689176 0.03486529318541997 0.04301572617946346
118 0.4130348652931854 0.16998149861239592 0.04239302694136292 0.04209065679925995
200 0.7408874801901744 0.1080018501387604 0.022979397781299524 0.031914893617021274
7 0.17789223454833597 0.4421831637372803 0.03407290015847861 0.04995374653098982
99 0.7622820919175911 0.263413506012951 0.02377179080824089 0.03654024051803885
13 0.0277337559429477 0.2802960222016651 0.03486529318541997 0.02960222016651249
149 0.7177099841521395 0.6461609620721555 0.04080824088748019 0.04810360777058279
106 0.2650554675118859 0.7148473635522664 0.05467511885895404 0.04671600370027752
7 0.7696117274167987 0.3732654949121184 0.036053882725832015 0.04902867715078631
185 0.07923930269413629 0.6158649398704903 0.04992076069730586 0.035615171137835334
7 0.1600633914421553 0.18293246993524515 0.03169572107765452 0.03469010175763182
22 0.6410459587955626 0.6493987049028677 0.03724247226624406 0.036077705827937095
7 0.2739698890649762 0.33024976873265494 0.033676703645007924 0.03885291396854764
58 0.7367274167987322 0.5411655874190564 0.07012678288431062 0.04995374653098982
58 0.205229793977813 0.1722941720629047 0.058637083993660855 0.04394079555966698
118 0.597662440570523 0.6530989824236818 0.04635499207606973 0.039777983348751156
118 0.37717908082408874 0.22664199814986125 0.042789223454833596 0.03330249768732655
7 0.22543581616481775 0.5545790934320074 0.03724247226624406 0.039777983348751156
224 0.178486529318542 0.1200277520814061 0.031299524564183834 0.04024051803885292
200 0.4934627575277338 0.5464847363552267 0.030507131537242473 0.028214616096207217
224 0.5414025356576863 0.10753931544865865 0.030507131537242473 0.03283996299722479
22 0.6323296354992076 0.48866790009250693 0.03724247226624406 0.03746530989824237
118 0.6721473851030111 0.7666512488436633 0.04001584786053883 0.04209065679925995
200 0.7906101426307448 0.16119333950046252 0.026545166402535656 0.033765032377428304
211 0.6723454833597464 0.31891766882516187 0.02694136291600634 0.04579093432007401
76 0.5493264659270999 0.21762257169287696 0.04080824088748019 0.06891766882516188
22 0.09409667194928685 0.17530064754856614 0.03526148969889065 0.02960222016651249
211 0.5707210776545166 0.7125346901017576 0.017828843106180665 0.05041628122109158
200 0.6499603803486529 0.4368640148011101 0.029714738510301108 0.03746530989824237
22 0.11905705229793978 0.612627197039778 0.032091917591125195 0.0393154486586494
6 0.6036053882725833 0.767113783533765 0.03288431061806656 0.04394079555966698
200 0.3429080824088748 0.07146160962072155 0.031299524564183834 0.03839037927844589
13 0.4435419968304279 0.7705827937095282 0.04080824088748019 0.04440333024976873
22 0.4106576862123613 0.7696577243293247 0.028129952456418382 0.04625346901017576
22 0.3409270998415214 0.6029139685476411 0.03526148969889065 0.033765032377428304
211 0.2820919175911252 0.1722941720629047 0.017432646592709985 0.04394079555966698
149 0.46038034865293187 0.3864477335800185 0.04833597464342314 0.04209065679925995
99 0.5992472266244057 0.5453283996299723 0.020206022187004756 0.0425531914893617
6 0.6939381933438986 0.15679925994449584 0.03526148969889065 0.036077705827937095
7 0.5382329635499208 0.38020351526364476 0.036053882725832015 0.03885291396854764
22 0.6967115689381933 0.5379278445883441 0.031299524564183834 0.03145235892691952
185 0.5140649762282092 0.2731267345050879 0.033676703645007924 0.04024051803885292
160 0.41679873217115687 0.27867715078630895 0.03248811410459588 0.04486586493987049
211 0.14976228209191758 0.11864014801110083 0.019809825673534072 0.04209065679925995
32 0.3373613312202853 0.5522664199814986 0.0384310618066561 0.04440333024976873
7 0.4421553090332805 0.3242368177613321 0.03328050713153724 0.04070305272895467
224 0.6206418383518225 0.43617021276595747 0.028922345483359747 0.039777983348751156
32 0.20067353407290014 0.2809898242368178 0.04001584786053883 0.0393154486586494
22 0.4304675118858954 0.10684551341350601 0.0384310618066561 0.04995374653098982
99 0.2018621236133122 0.612627197039778 0.030507131537242473 0.04394079555966698
211 0.231973058637084 0.43963922294172064 0.017828843106180665 0.04671600370027752
32 0.5101030110935024 0.7675763182238667 0.03922345483359747 0.04486586493987049
149 0.6093502377179081 0.16119333950046252 0.041996830427892234 0.04209065679925995
211 0.12183042789223456 0.2393617021276596 0.025752773375594295 0.04394079555966698
224 0.7745641838351822 0.10407030527289547 0.0277337559429477 0.030527289546716005
22 0.20463549920760699 0.3318686401480111 0.028922345483359747 0.04024051803885292
22 0.4780110935023772 0.7682701202590194 0.028129952456418382 0.043478260869565216
119 0.30665610142630745 0.3307123034227567 0.03169572107765452 0.037927844588344126
44 0.5635895404120443 0.4891304347826087 0.05824088748019018 0.03654024051803885
7 0.47820919175911253 0.5004625346901017 0.030903328050713153 0.04810360777058279
119 0.2662440570522979 0.6114708603145236 0.042789223454833596 0.041628122109158186
13 0.2571315372424723 0.6648936170212766 0.030903328050713153 0.03746530989824237
185 0.1677892234548336 0.333950046253469 0.04318541996830428 0.04440333024976873
13 0.2610935023771791 0.5543478260869565 0.05388272583201268 0.04024051803885292
99 0.7997226624405706 0.5876503237742831 0.02416798732171157 0.04116558741905643
200 0.37202852614896986 0.5536540240518039 0.03248811410459588 0.02960222016651249
58 0.14322503961965136 0.7162349676225717 0.034469096671949286 0.04949121184088807
185 0.303486529318542 0.38575393154486587 0.029318541996830427 0.04070305272895467
22 0.21513470681458002 0.49606845513413506 0.03803486529318542 0.03654024051803885
13 0.44790015847860537 0.49491211840888066 0.04318541996830428 0.043478260869565216
211 0.6786846275752774 0.43524514338575393 0.022979397781299524 0.04810360777058279
58 0.36509508716323297 0.769195189639223 0.05665610142630745 0.045328399629972246
110 0.20463549920760699 0.7146160962072156 0.03763866877971474 0.045328399629972246
106 0.47781299524564186 0.3274745605920444 0.04120443740095087 0.039777983348751156
160 0.6265847860538827 0.543940795559667 0.034469096671949286 0.039777983348751156
160 0.4954437400950872 0.16604995374653098 0.028922345483359747 0.04070305272895467
22 0.06715530903328051 0.4005550416281221 0.03922345483359747 0.03145235892691952
176 0.5249603803486529 0.4375578168362627 0.03803486529318542 0.04070305272895467
176 0.6006339144215531 0.5966697502312673 0.04041204437400951 0.03700277520814061
22 0.6671949286846276 0.10615171137835337 0.03486529318541997 0.028214616096207217
119 0.34409667194928684 0.16766882516188714 0.034469096671949286 0.04209065679925995
58 0.44671156893819336 0.545790934320074 0.053486529318541996 0.045328399629972246
118 0.4734548335974643 0.6012950971322849 0.04595879556259905 0.0425531914893617
211 0.24524564183835182 0.06938020351526364 0.01584786053882726 0.036077705827937095
106 0.6745245641838352 0.4861239592969473 0.04873217115689382 0.04440333024976873
200 0.3890649762282092 0.2765957446808511 0.028526148969889066 0.024051803885291396
200 0.6109350237717908 0.3230804810360777 0.03407290015847861 0.04116558741905643
32 0.27416798732171155 0.06914893617021277 0.03724247226624406 0.031914893617021274
58 0.8823296354992076 0.7164662349676225 0.05150554675118859 0.04625346901017576
149 0.8910459587955626 0.43408880666049954 0.04595879556259905 0.04579093432007401
22 0.38252773375594296 0.6491674375578168 0.036846275752773376 0.04116558741905643
224 0.5037638668779715 0.38506012950971324 0.034469096671949286 0.03746530989824237
200 0.5865689381933439 0.21669750231267346 0.029714738510301108 0.028214616096207217
32 0.3425118858954041 0.33233117483811286 0.04001584786053883 0.04116558741905643
118 0.2563391442155309 0.4976873265494912 0.043581616481774964 0.0425531914893617
211 0.23217115689381934 0.7141535615171137 0.014263074484944533 0.04440333024976873
185 0.18403328050713152 0.3906105457909343 0.04714738510301109 0.03469010175763182
7 0.3064580031695721 0.16766882516188714 0.028129952456418382 0.04671600370027752
149 0.8333993660855784 0.5911193339500462 0.03922345483359747 0.045328399629972246
118 0.7034469096671949 0.10938945420906568 0.04001584786053883 0.04116558741905643
185 0.7908082408874801 0.7617946345975948 0.044374009508716325 0.04810360777058279
22 0.8207210776545166 0.20698427382053655 0.03763866877971474 0.04116558741905643
7 0.12658478605388274 0.28445883441258096 0.033676703645007924 0.03700277520814061
176 0.03486529318541997 0.4891304347826087 0.03882725832012678 0.03654024051803885
7 0.6774960380348652 0.21091581868640147 0.03169572107765452 0.039777983348751156
32 0.2650554675118859 0.38737280296022203 0.04595879556259905 0.0513413506012951
6 0.8803486529318542 0.21137835337650324 0.028526148969889066 0.03700277520814061
22 0.18997622820919177 0.06544865864939871 0.021790808240887482 0.04209065679925995
200 0.3369651347068146 0.3859851988899167 0.03526148969889065 0.031914893617021274
58 0.2690174326465927 0.2828399629972248 0.060221870047543584 0.03839037927844589
22 0.7886291600633915 0.5397779833487512 0.034469096671949286 0.030527289546716005
106 0.5419968304278923 0.7143848288621647 0.039619651347068144 0.04856614246068455
22 0.17927892234548337 0.71577243293247 0.034469096671949286 0.03469010175763182
106 0.12480190174326466 0.1866327474560592 0.03724247226624406 0.04301572617946346
76 0.12480190174326466 0.12049028677150786 0.0277337559429477 0.04116558741905643
224 0.39025356576862125 0.11262719703977798 0.02694136291600634 0.030064754856614247
211 0.2299920760697306 0.2826086956521739 0.017828843106180665 0.045328399629972246
22 0.35578446909667194 0.11401480111008326 0.03248811410459588 0.031914893617021274
7 0.5679477020602218 0.7680388529139686 0.03526148969889065 0.04579093432007401
160 0.5695324881141046 0.6008325624421832 0.02416798732171157 0.034227567067530065
119 0.8613312202852615 0.4898242368177613 0.03486529318541997 0.05180388529139685
118 0.7042393026941363 0.3175300647548566 0.04080824088748019 0.04301572617946346
13 0.5219889064976229 0.6024514338575393 0.04239302694136292 0.04024051803885292
32 0.8456814580031695 0.43593894542090655 0.04318541996830428 0.04486586493987049
8 0.1687797147385103 0.6720629047178538 0.029318541996830427 0.04995374653098982
224 0.3219096671949287 0.6572617946345976 0.029714738510301108 0.027752081406105456
22 0.2446513470681458 0.11956521739130435 0.026545166402535656 0.03839037927844589
160 0.5431854199683043 0.32562442183163737 0.03248811410459588 0.04070305272895467
99 0.45047543581616484 0.2793709528214616 0.02456418383518225 0.045328399629972246
7 0.2981378763866878 0.5559666975023126 0.04001584786053883 0.045328399629972246
22 0.6747226624405706 0.25948196114708605 0.03169572107765452 0.028677150786308975
44 0.7299920760697306 0.7111470860314524 0.051109350237717906 0.03746530989824237
160 0.5499207606973059 0.2708140610545791 0.04041204437400951 0.04024051803885292
200 0.049722662440570525 0.28191489361702127 0.026545166402535656 0.03283996299722479
224 0.615689381933439 0.21322849213691028 0.02694136291600634 0.03330249768732655
22 0.981378763866878 0.2127659574468085 0.026148969889064975 0.037927844588344126
200 0.6368858954041204 0.7668825161887142 0.028922345483359747 0.0425531914893617
118 0.9480982567353408 0.21438482886216467 0.04120443740095087 0.04949121184088807
118 0.9385895404120443 0.43038852913968545 0.04595879556259905 0.04856614246068455
160 0.23435023771790808 0.6091581868640148 0.03288431061806656 0.039777983348751156
160 0.4849445324881141 0.4410268270120259 0.03645007923930269 0.05041628122109158
7 0.6265847860538827 0.7125346901017576 0.026545166402535656 0.04671600370027752
211 0.7953645007923931 0.3755781683626272 0.01862123613312203 0.0425531914893617
32 0.7066164817749604 0.2622571692876966 0.034469096671949286 0.03885291396854764
211 0.11390649762282092 0.44634597594819614 0.017036450079239304 0.04440333024976873
149 0.3623217115689382 0.7134597594819612 0.04080824088748019 0.04764107308048104
119 0.4843502377179081 0.22201665124884365 0.036846275752773376 0.03330249768732655
185 0.812202852614897 0.04486586493987049 0.045166402535657686 0.04440333024976873
200 0.508122028526149 0.11008325624421832 0.025752773375594295 0.02960222016651249
185 0.3518225039619651 0.27867715078630895 0.041996830427892234 0.04486586493987049
13 0.7559429477020603 0.4884366327474561 0.0491283676703645 0.041628122109158186
149 0.6852218700475435 0.37488436632747457 0.04318541996830428 0.04209065679925995
99 0.5566561014263075 0.43940795559666973 0.022979397781299524 0.04625346901017576
7 0.6117274167987322 0.38020351526364476 0.03248811410459588 0.043478260869565216
7 0.8607369255150554 0.5418593894542091 0.029714738510301108 0.04209065679925995
118 0.533676703645008 0.5485661424606846 0.04754358161648178 0.04625346901017576
200 0.37717908082408874 0.33209990749306195 0.03169572107765452 0.034227567067530065
13 0.312202852614897 0.07192414431082331 0.02377179080824089 0.03746530989824237
22 0.71513470681458 0.7638760407030527 0.029318541996830427 0.03283996299722479
6 0.6473851030110935 0.37580943570767805 0.03486529318541997 0.04301572617946346
224 0.8391442155309033 0.7111470860314524 0.03248811410459588 0.0393154486586494
185 0.195919175911252 0.23080481036077705 0.04397781299524564 0.043478260869565216
32 0.46473851030110935 0.16628122109158186 0.03407290015847861 0.04301572617946346
224 0.40530903328050716 0.5504162812210915 0.03645007923930269 0.04810360777058279
22 0.20166402535657688 0.6672062904717854 0.03407290015847861 0.04209065679925995
211 0.2606973058637084 0.2303422756706753 0.014263074484944533 0.04070305272895467
32 0.6487717908082409 0.21022201665124884 0.036846275752773376 0.04301572617946346
44 0.5106973058637084 0.06591119333950046 0.041996830427892234 0.031914893617021274
149 0.2991283676703645 0.4417206290471785 0.04595879556259905 0.05087881591119334
22 0.5738906497622821 0.545790934320074 0.030507131537242473 0.03885291396854764
76 0.6572900158478605 0.7146160962072156 0.03882725832012678 0.061979648473635525
7 0.3375594294770206 0.4440333024976873 0.03486529318541997 0.0425531914893617
118 0.3167591125198098 0.7715078630897317 0.036846275752773376 0.0425531914893617
58 0.8565768621236133 0.25693802035152635 0.061014263074484945 0.04209065679925995
106 0.40887480190174325 0.3876040703052729 0.056259904912836764 0.04625346901017576
22 0.22424722662440572 0.3871415356151711 0.025356576862123614 0.04070305272895467
224 0.40392234548335976 0.6017576318223867 0.029714738510301108 0.032377428307123035
160 0.36648177496038037 0.3871415356151711 0.03724247226624406 0.04070305272895467
7 0.5148573692551506 0.3209990749306198 0.033676703645007924 0.05180388529139685
185 0.35479397781299526 0.6519426456984274 0.036053882725832015 0.04209065679925995
224 0.6719492868462758 0.5920444033302498 0.0277337559429477 0.03515263644773358
13 0.679080824088748 0.6491674375578168 0.04120443740095087 0.05226641998149861
99 0.688985736925515 0.7169287696577243 0.021394611727416798 0.04717853839037928
106 0.31398573692551507 0.7129972247918593 0.05586370839936609 0.04486586493987049
44 0.0822107765451664 0.49421831637372804 0.05586370839936609 0.03283996299722479
224 0.20998415213946117 0.44148936170212766 0.0277337559429477 0.03746530989824237
118 0.46275752773375595 0.7148473635522664 0.04041204437400951 0.05041628122109158
211 0.01921553090332805 0.18362627197039777 0.022583201267828843 0.03515263644773358
200 0.5166402535657686 0.2206290471785384 0.0277337559429477 0.02312673450508788
76 0.3288431061806656 0.15703052728954672 0.028526148969889066 0.05041628122109158
76 0.28011093502377177 0.1167900092506938 0.043581616481774964 0.057816836262719704
211 0.41600633914421553 0.49306197964847365 0.015055467511885896 0.0425531914893617
8 0.4154120443740095 0.654486586493987 0.031299524564183834 0.04625346901017576
22 0.7317749603803486 0.15656799259944496 0.029318541996830427 0.03469010175763182
22 0.30408082408874804 0.49306197964847365 0.04001584786053883 0.032377428307123035
118 0.2967511885895404 0.2303422756706753 0.042789223454833596 0.03515263644773358
99 0.09072900158478606 0.23751156336725254 0.028526148969889066 0.04116558741905643
22 0.8538034865293186 0.04856614246068455 0.03248811410459588 0.04625346901017576
160 0.4334389857369255 0.601063829787234 0.03248811410459588 0.035615171137835334
22 0.6406497622820919 0.5948196114708603 0.03407290015847861 0.036077705827937095
106 0.16026148969889065 0.616558741905643 0.052694136291600635 0.04810360777058279
6 0.7200871632329635 0.5904255319148937 0.026545166402535656 0.03469010175763182
211 0.5400158478605388 0.7682701202590194 0.014263074484944533 0.045328399629972246
211 0.6909667194928685 0.5913506012950971 0.010301109350237718 0.03839037927844589
119 0.259310618066561 0.4405642923219241 0.034469096671949286 0.04856614246068455
22 0.12955625990491285 0.06567992599444958 0.03169572107765452 0.02960222016651249
6 0.7070126782884311 0.2074468085106383 0.031299524564183834 0.03746530989824237
118 0.15689381933438987 0.23704902867715077 0.04041204437400951 0.04209065679925995
119 0.16263866877971475 0.2816836262719704 0.036053882725832015 0.043478260869565216
160 0.7884310618066561 0.2611008325624422 0.0277337559429477 0.04116558741905643
44 0.5940966719492868 0.2645698427382054 0.052694136291600635 0.03145235892691952
106 0.7777337559429477 0.21253469010175763 0.05071315372424723 0.04116558741905643
200 0.7369255150554676 0.31706753006475485 0.02377179080824089 0.04486586493987049
13 0.8670760697305864 0.37303422756706756 0.036053882725832015 0.05226641998149861
118 0.7484152139461173 0.7617946345975948 0.03882725832012678 0.0425531914893617
160 0.804080824088748 0.4364014801110083 0.036053882725832015 0.04579093432007401
7 0.08518225039619651 0.44565217391304346 0.03645007923930269 0.03654024051803885
200 0.446513470681458 0.6530989824236818 0.028526148969889066 0.039777983348751156
211 0.15689381933438987 0.3954671600370028 0.017432646592709985 0.039777983348751156
200 0.2830824088748019 0.7705827937095282 0.025752773375594295 0.03885291396854764
149 0.8278526148969889 0.37349676225716927 0.04160063391442155 0.04856614246068455
22 0.7977416798732171 0.4879740980573543 0.031299524564183834 0.04070305272895467
8 0.14322503961965136 0.44518963922294175 0.030507131537242473 0.04209065679925995
22 0.3920364500792393 0.49491211840888066 0.034469096671949286 0.04070305272895467
110 0.25099049128367673 0.7715078630897317 0.033676703645007924 0.05180388529139685
200 0.7353407290015848 0.25925069380203514 0.02694136291600634 0.026364477335800184
99 0.8538034865293186 0.21091581868640147 0.02694136291600634 0.04625346901017576
160 0.5867670364500792 0.43709528214616095 0.03565768621236133 0.04902867715078631
58 0.7533676703645008 0.4345513413506013 0.07091917591125198 0.04671600370027752
44 0.41224247226624405 0.7143848288621647 0.05744849445324881 0.04764107308048104
58 0.16224247226624405 0.4958371877890842 0.06616481774960381 0.043478260869565216
224 0.4118462757527734 0.3307123034227567 0.029714738510301108 0.028677150786308975
119 0.45562599049128366 0.43940795559666973 0.03328050713153724 0.04625346901017576
22 0.5021790808240888 0.71577243293247 0.0384310618066561 0.05041628122109158
44 0.7606973058637084 0.586031452358927 0.05229793977812995 0.034227567067530065
160 0.7642630744849446 0.31475485661424607 0.029318541996830427 0.04301572617946346
22 0.5544770206022187 0.6537927844588344 0.04001584786053883 0.033765032377428304
224 0.37400950871632327 0.6017576318223867 0.030903328050713153 0.036077705827937095
160 0.7385103011093502 0.20883441258094357 0.03169572107765452 0.04671600370027752
200 0.7095879556259905 0.4343200740055504 0.03407290015847861 0.027752081406105456
200 0.3381537242472266 0.22895467160037003 0.029714738510301108 0.030527289546716005
22 0.32091917591125196 0.11563367252543941 0.03565768621236133 0.028677150786308975
32 0.4694928684627575 0.0698427382053654 0.03645007923930269 0.025901942645698426
22 0.4566164817749604 0.21877890841813136 0.03526148969889065 0.03330249768732655
44 0.7698098256735341 0.6473172987974098 0.060221870047543584 0.05689176688251619
200 0.37539619651347067 0.16604995374653098 0.029714738510301108 0.02682701202590194
