149 0.2795219407777381 0.5273722627737226 0.029611130931145202 0.032846715328467155
224 0.7804138423118088 0.25298606502986065 0.04388155547627542 0.032183145321831454
149 0.38512308241170173 0.6512939615129396 0.03175169461291474 0.028533510285335104
58 0.20924009989297182 0.3963171864631719 0.038173385658223334 0.032183145321831454
7 0.11309311452015698 0.5323490378234904 0.021405636817695327 0.030192435301924354
118 0.14145558330360328 0.7269409422694094 0.027470567249375667 0.025879230258792303
13 0.36782019265073135 0.25763105507631057 0.024973242953977882 0.02687458526874585
200 0.18836960399571887 0.4401128069011281 0.024973242953977882 0.026211015262110154
118 0.5501248662147699 0.5628732581287326 0.03139493399928648 0.025547445255474453
118 0.39475561897966466 0.12972793629727936 0.026757046022119157 0.027206370272063702
7 0.6027470567249376 0.43613138686131386 0.02176239743132358 0.03417385534173855
211 0.20692115590438814 0.6134704711347048 0.014983945772386728 0.025879230258792303
22 0.15305030324652158 0.1771731917717319 0.027113806635747414 0.025879230258792303
6 0.15608276846236174 0.2149966821499668 0.023902961113093115 0.028533510285335104
22 0.48162682839814486 0.4787657597876576 0.022119158044951837 0.026542800265428004
13 0.451123795932929 0.3921698739216987 0.02104887620406707 0.027206370272063702
32 0.26542989653942206 0.3029197080291971 0.034962540135569035 0.030524220305242204
200 0.40510167677488407 0.256635700066357 0.02104887620406707 0.023556735235567353
32 0.4252586514448805 0.34920371599203714 0.02425972172672137 0.032183145321831454
224 0.4252586514448805 0.170371599203716 0.022832679272208348 0.032846715328467155
106 0.1364609347128077 0.3536828135368281 0.029611130931145202 0.028533510285335104
22 0.671780235462005 0.6119774386197744 0.04352479486264716 0.02886529528865295
160 0.4705672493756689 0.3458858659588587 0.019978594363182306 0.032846715328467155
211 0.7459864430966822 0.7261114797611148 0.012129860863360684 0.02687458526874585
211 0.4809133071708883 0.5252156602521566 0.012843382090617196 0.027206370272063702
7 0.39939350695683196 0.08344392833443928 0.01890831252229754 0.025547445255474453
224 0.2741705315733143 0.39299933642999335 0.02033535497681056 0.02886529528865295
224 0.7324295397788084 0.7251161247511613 0.01641098822689975 0.033510285335102856
224 0.5763467713164466 0.6094890510948905 0.01890831252229754 0.030524220305242204
44 0.43328576525151624 0.12126741871267419 0.050303246521584015 0.040145985401459854
118 0.3669282911166607 0.7284339747843398 0.032465215840171244 0.032183145321831454
185 0.6248662147698893 0.5603848706038487 0.027470567249375667 0.027869940278699403
118 0.4158044951837317 0.6509621765096217 0.030324652158401712 0.025215660252156602
6 0.25330003567606135 0.5277040477770405 0.026400285408490903 0.03085600530856005
149 0.548876204067071 0.6111479761114798 0.03460577952194078 0.029860650298606503
149 0.20567249375668925 0.6514598540145985 0.029611130931145202 0.032846715328467155
44 0.6658936853371388 0.2982747179827472 0.04316803424901891 0.029860650298606503
211 0.20085622547270782 0.3032514930325149 0.011416339636104174 0.029860650298606503
119 0.4593292900463789 0.480092899800929 0.02104887620406707 0.027869940278699403
13 0.12147698894042097 0.6516257465162575 0.023902961113093115 0.027869940278699403
32 0.16946129147342134 0.7264432647644327 0.02425972172672137 0.032183145321831454
149 0.1280770602925437 0.2584605175846052 0.028540849090260435 0.025879230258792303
211 0.1737424188369604 0.5696748506967485 0.01569746699964324 0.027869940278699403
13 0.10060649304316803 0.2626078301260783 0.027827327863003924 0.024220305242203054
106 0.6655369247235106 0.2519907100199071 0.030324652158401712 0.02687458526874585
22 0.46485907955761685 0.43861977438619776 0.025686764181234393 0.029197080291970802
13 0.512486621476989 0.6493032514930325 0.02104887620406707 0.027206370272063702
22 0.33357117374241885 0.48125414731254146 0.022119158044951837 0.030192435301924354
106 0.5840171245094542 0.39416058394160586 0.025686764181234393 0.029197080291970802
224 0.5547627541919372 0.7294293297942933 0.022119158044951837 0.022229595222295954
200 0.1621476988940421 0.3535169210351692 0.02033535497681056 0.023556735235567353
224 0.18836960399571887 0.6108161911081619 0.022119158044951837 0.027869940278699403
160 0.28344630752764893 0.08344392833443928 0.02889760970388869 0.030192435301924354
118 0.3811987156617909 0.440278699402787 0.0360328219764538 0.029197080291970802
99 0.5199785943631823 0.25580623755806237 0.016767748840528007 0.030524220305242204
149 0.37352836246878346 0.526542800265428 0.029967891544773455 0.028533510285335104
176 0.4297181591152337 0.2584605175846052 0.029611130931145202 0.028533510285335104
13 0.5413842311808776 0.3911745189117452 0.023189439885836605 0.026542800265428004
8 0.4851944345344274 0.7285998672859987 0.027827327863003924 0.023888520238885203
118 0.23885123082411702 0.08742534837425349 0.027470567249375667 0.033510285335102856
118 0.2843382090617196 0.35169210351692104 0.027827327863003924 0.028533510285335104
58 0.45647520513735285 0.7294293297942933 0.031038173385658223 0.022229595222295954
13 0.4889404209775241 0.3480424684804247 0.017481270067784518 0.031187790311877902
118 0.30984659293613986 0.5273722627737226 0.033892258294684265 0.032846715328467155
6 0.2540135569033179 0.6551094890510949 0.024973242953977882 0.032183145321831454
149 0.6765965037459865 0.6519575315195754 0.04744916161255797 0.028533510285335104
13 0.3976097038886907 0.5272063702720637 0.022475918658580094 0.029860650298606503
7 0.5816981805208705 0.6519575315195754 0.02176239743132358 0.028533510285335104
76 0.4405993578308955 0.6224286662242866 0.026400285408490903 0.10086264100862641
7 0.5909739564752051 0.21201061712010616 0.02104887620406707 0.028533510285335104
211 0.27898679985729574 0.4829130723291307 0.010702818408847663 0.02488387524883875
211 0.32661434177666787 0.39233576642335766 0.010346057795219408 0.03151957531519575
211 0.2629325722440243 0.2154943596549436 0.009989297181591153 0.03151957531519575
106 0.14591509097395647 0.4847378898473789 0.028540849090260435 0.025879230258792303
224 0.7747056724937567 0.2997677504976775 0.032465215840171244 0.030192435301924354
149 0.7117374241883696 0.7221300597213006 0.022119158044951837 0.03085600530856005
44 0.2277916518016411 0.30408095554080955 0.04530859793078844 0.028201725282017254
143 0.6559043881555476 0.16688785666887856 0.026757046022119157 0.027206370272063702
224 0.09507670353193008 0.5323490378234904 0.02104887620406707 0.025547445255474453
58 0.09382804138423118 0.7271068347710683 0.028540849090260435 0.029528865295288653
106 0.2859436318230467 0.13138686131386862 0.033892258294684265 0.028533510285335104
22 0.5033892258294684 0.5622096881220969 0.02425972172672137 0.025547445255474453
211 0.30806278986799857 0.6123092236230923 0.01962183374955405 0.03085600530856005
58 0.20121298608633606 0.5680159256801592 0.038530146271851584 0.027206370272063702
200 0.6182661434177666 0.48158593231585933 0.029254370317516945 0.04744525547445255
16 0.4800214056368177 0.30059721300597214 0.029611130931145202 0.025879230258792303
224 0.7565108811987157 0.342899800928998 0.027470567249375667 0.03881884538818845
7 0.44809133071708884 0.6493032514930325 0.024973242953977882 0.027206370272063702
22 0.27577595433464147 0.17219641672196417 0.02425972172672137 0.027869940278699403
118 0.6031038173385658 0.34505640345056404 0.031038173385658223 0.028533510285335104
200 0.5260435247948626 0.5623755806237558 0.023902961113093115 0.027206370272063702
22 0.45665358544416695 0.30192435301924353 0.022119158044951837 0.025879230258792303
211 0.2900463788797717 0.39764432647644327 0.011416339636104174 0.03085600530856005
58 0.22832679272208348 0.35252156602521567 0.04209775240813414 0.02488387524883875
22 0.2618622904031395 0.3508626410086264 0.026400285408490903 0.024220305242203054
44 0.4810916874777025 0.6114797611147976 0.04459507670353193 0.026542800265428004
22 0.38833392793435606 0.16970802919708028 0.022475918658580094 0.03417385534173855
118 0.34712807706029253 0.08593231585932316 0.027827327863003924 0.030524220305242204
58 0.4550481626828398 0.1712010617120106 0.04459507670353193 0.0325149303251493
200 0.33820906171958615 0.5670205706702057 0.025686764181234393 0.026542800265428004
200 0.7245808062789868 0.29927007299270075 0.023546200499464858 0.028533510285335104
7 0.4657509810916875 0.5255474452554745 0.02104887620406707 0.03185136031851361
224 0.3583660363895826 0.5670205706702057 0.01962183374955405 0.026542800265428004
32 0.6963967178023546 0.29528865295288653 0.029967891544773455 0.0378234903782349
22 0.38191223688904746 0.6098208360982084 0.016767748840528007 0.0245520902455209
22 0.3391009632536568 0.3025879230258792 0.02176239743132358 0.028533510285335104
211 0.3146628612201213 0.2149966821499668 0.010702818408847663 0.029860650298606503
224 0.6509097395647521 0.34372926343729265 0.02104887620406707 0.031187790311877902
58 0.10916874777024617 0.39615129396151294 0.03781662504459508 0.027869940278699403
211 0.2285051730288976 0.5680159256801592 0.016767748840528007 0.025879230258792303
58 0.5472707813057438 0.2563039150630392 0.038530146271851584 0.030192435301924354
99 0.6455583303603282 0.6531187790311878 0.01962183374955405 0.03085600530856005
211 0.5240813414199073 0.39416058394160586 0.012843382090617196 0.027869940278699403
99 0.4844809133071709 0.08725945587259455 0.01569746699964324 0.019243530192435302
200 0.6302176239743132 0.34472461844724617 0.023189439885836605 0.027869940278699403
118 0.30396004281127365 0.25829462508294626 0.03139493399928648 0.03151957531519575
160 0.6667855868712094 0.43613138686131386 0.024973242953977882 0.032846715328467155
200 0.35033892258294685 0.43994691439946915 0.022832679272208348 0.028533510285335104
32 0.5965037459864431 0.254479097544791 0.023546200499464858 0.03185136031851361
200 0.7841598287549054 0.5615461181154612 0.04209775240813414 0.03151957531519575
44 0.36906885479843027 0.2969475779694758 0.04316803424901891 0.0325149303251493
211 0.6687477702461648 0.3433974784339748 0.016054227613271493 0.03185136031851361
211 0.7154834106314663 0.3402455209024552 0.011059579022475919 0.03417385534173855
7 0.3694256154120585 0.4829130723291307 0.022475918658580094 0.033510285335102856
99 0.3877987870139137 0.2594558725945587 0.013556903317873707 0.025215660252156602
119 0.6412772029967891 0.4781021897810219 0.01962183374955405 0.027869940278699403
22 0.4170531573314306 0.5255474452554745 0.026400285408490903 0.027869940278699403
7 0.2310024973242954 0.13022561380225614 0.02033535497681056 0.02488387524883875
211 0.1337852301105958 0.21333775713337758 0.014270424545130217 0.028533510285335104
160 0.6600071352122726 0.4781021897810219 0.02425972172672137 0.029197080291970802
22 0.39867998572957547 0.7262773722627737 0.03317873706742776 0.027206370272063702
22 0.29521940777738137 0.30341738553417386 0.026757046022119157 0.040145985401459854
160 0.18052087049589724 0.3526874585268746 0.025686764181234393 0.026542800265428004
22 0.13877987870139136 0.5700066357000664 0.025686764181234393 0.028533510285335104
200 0.48876204067070994 0.1712010617120106 0.02425972172672137 0.031187790311877902
22 0.3699607563325009 0.3939946914399469 0.023546200499464858 0.032183145321831454
224 0.6637531216553693 0.3933311214333112 0.02033535497681056 0.029528865295288653
22 0.6890831252229754 0.559555408095554 0.02104887620406707 0.03483742534837425
211 0.5979307884409562 0.6506303915063039 0.013556903317873707 0.028533510285335104
118 0.43792365322868354 0.4401128069011281 0.030324652158401712 0.03085600530856005
58 0.30413842311808775 0.482249502322495 0.04174099179450589 0.026211015262110154
58 0.5087406350338922 0.4820836098208361 0.04138423118087763 0.028533510285335104
22 0.6469853728148413 0.43729263437292637 0.01962183374955405 0.030524220305242204
118 0.7297538351765965 0.561877903118779 0.025330003567606136 0.032183145321831454
211 0.643952907599001 0.2541473125414731 0.012843382090617196 0.025879230258792303
106 0.2668569389939351 0.44376244193762443 0.03210845522654299 0.03483742534837425
7 0.6464502318943989 0.1259124087591241 0.022832679272208348 0.027538155275381553
118 0.7698894042097753 0.7257796947577969 0.03995718872636461 0.032183145321831454
99 0.509810916874777 0.7285998672859987 0.019978594363182306 0.025215660252156602
211 0.22689975026757045 0.17285998672859987 0.014983945772386728 0.029197080291970802
119 0.36710667142347486 0.17236230922362308 0.022832679272208348 0.033510285335102856
143 0.6236175526221905 0.4376244193762442 0.028540849090260435 0.034505640345056404
118 0.47716732072779167 0.25580623755806237 0.029611130931145202 0.026542800265428004
7 0.1924723510524438 0.7279362972793629 0.023189439885836605 0.029197080291970802
149 0.628433820906172 0.20703384207033843 0.03175169461291474 0.038487060384870604
32 0.546200499464859 0.3007631055076311 0.034962540135569035 0.032183145321831454
7 0.8071708883339279 0.1265759787657598 0.03175169461291474 0.033510285335102856
106 0.4728861933642526 0.130557398805574 0.027470567249375667 0.025547445255474453
119 0.44951837317160187 0.3483742534837425 0.025686764181234393 0.033178500331785
118 0.5667142347484838 0.21300597213005973 0.027470567249375667 0.027869940278699403
211 0.3901177310024973 0.3964830789648308 0.01962183374955405 0.028533510285335104
118 0.08954691402069212 0.6139681486396815 0.029254370317516945 0.03483742534837425
118 0.6157688191223689 0.6033510285335103 0.025686764181234393 0.045454545454545456
211 0.3501605422761327 0.5273722627737226 0.015340706386014985 0.025547445255474453
211 0.18176953264359616 0.25829462508294626 0.010346057795219408 0.032846715328467155
22 0.5952550838387441 0.6030192435301924 0.01890831252229754 0.03948241539482415
224 0.40189083125222974 0.6089913735899137 0.01890831252229754 0.024220305242203054
149 0.47520513735283626 0.21267418712674188 0.025686764181234393 0.027206370272063702
6 0.3093114520156975 0.440278699402787 0.025686764181234393 0.026542800265428004
7 0.6705315733143061 0.7229595222295953 0.02104887620406707 0.025215660252156602
185 0.13146628612201214 0.30690112806901126 0.033892258294684265 0.028533510285335104
200 0.5067784516589369 0.34654943596549437 0.02104887620406707 0.030192435301924354
160 0.34855511951480556 0.25049767750497676 0.02425972172672137 0.0371599203715992
211 0.4552265429896539 0.21317186463171864 0.01569746699964324 0.026211015262110154
58 0.5925793792365323 0.12408759124087591 0.04138423118087763 0.0325149303251493
76 0.3371387798787014 0.6131386861313869 0.038530146271851584 0.0650298606502986
224 0.35479843025330005 0.3501990710019907 0.02033535497681056 0.021566025215660253
160 0.48626471637531216 0.4387856668878567 0.025686764181234393 0.03085600530856005
118 0.7652515162326079 0.12773722627737227 0.027827327863003924 0.029860650298606503
185 0.0965037459864431 0.48059057730590576 0.01890831252229754 0.032846715328467155
200 0.6792722083481983 0.16755142667551426 0.024973242953977882 0.027206370272063702
211 0.32090617195861576 0.17153284671532848 0.017481270067784518 0.026542800265428004
7 0.3358901177310025 0.5293629727936298 0.022475918658580094 0.03151957531519575
32 0.34213342846949696 0.17219641672196417 0.027113806635747414 0.030524220305242204
211 0.4518373171601855 0.08477106834771068 0.008919015340706386 0.024220305242203054
7 0.562968248305387 0.39266755142667553 0.021405636817695327 0.032183145321831454
119 0.32964680699250803 0.21383543463835433 0.021405636817695327 0.029528865295288653
211 0.6064930431680342 0.21267418712674188 0.012843382090617196 0.029860650298606503
211 0.19639671780235463 0.5277040477770405 0.01890831252229754 0.029528865295288653
118 0.4780592222618623 0.561877903118779 0.03567606136282554 0.027538155275381553
185 0.2675704602211916 0.7259455872594559 0.028540849090260435 0.027206370272063702
160 0.08954691402069212 0.572826808228268 0.033535497681056015 0.030192435301924354
22 0.5486978237602569 0.3480424684804247 0.022119158044951837 0.028533510285335104
7 0.699607563325009 0.3409090909090909 0.020692115590438816 0.03417385534173855
160 0.7463432037103104 0.2524883875248839 0.02425972172672137 0.029197080291970802
106 0.6901534070638602 0.7254479097544791 0.023902961113093115 0.02886529528865295
6 0.6170174812700678 0.1705374917053749 0.02104887620406707 0.025879230258792303
118 0.4068854798430253 0.3025879230258792 0.033892258294684265 0.028533510285335104
22 0.6059579022475918 0.39266755142667553 0.02104887620406707 0.026211015262110154
200 0.410631466286122 0.43994691439946915 0.027113806635747414 0.028533510285335104
76 0.4002854084909026 0.5650298606502986 0.03567606136282554 0.06702057067020571
224 0.7759543346414556 0.480092899800929 0.04637887977167321 0.029197080291970802
22 0.24188369603995719 0.44193762441937623 0.029254370317516945 0.029860650298606503
32 0.652336782019265 0.7247843397478434 0.02104887620406707 0.024220305242203054
99 0.30984659293613986 0.13122096881220968 0.016767748840528007 0.02886529528865295
13 0.39867998572957547 0.2148307896483079 0.02176239743132358 0.02687458526874585
224 0.5665358544416697 0.08344392833443928 0.034962540135569035 0.029528865295288653
22 0.37798787013913665 0.5646980756469807 0.022475918658580094 0.026542800265428004
7 0.7006778451658937 0.39017916390179164 0.020692115590438816 0.031187790311877902
118 0.2547270781305744 0.13122096881220968 0.027113806635747414 0.02687458526874585
224 0.21280770602925436 0.5278699402786994 0.018194791295041028 0.028533510285335104
200 0.20478059222261863 0.21300597213005973 0.024973242953977882 0.027869940278699403
200 0.2759543346414556 0.6542800265428003 0.023189439885836605 0.025879230258792303
99 0.3176953264359615 0.5680159256801592 0.01962183374955405 0.027206370272063702
106 0.5347841598287549 0.12508294625082947 0.029967891544773455 0.030524220305242204
211 0.2895112379593293 0.4397810218978102 0.014627185158758473 0.02687458526874585
200 0.7101320014270425 0.5613802256138023 0.01962183374955405 0.031187790311877902
32 0.5583303603282198 0.6512939615129396 0.027827327863003924 0.029860650298606503
7 0.5752764894755619 0.25547445255474455 0.02033535497681056 0.028533510285335104
211 0.49250802711380665 0.12740544127405443 0.013913663931501962 0.029197080291970802
110 0.6814127720299679 0.34372926343729265 0.01569746699964324 0.031187790311877902
7 0.6168391009632537 0.2528201725282017 0.01712450945415626 0.029860650298606503
185 0.2013913663931502 0.25895819508958196 0.027470567249375667 0.03417385534173855
13 0.15750981091687477 0.5695089581950896 0.02104887620406707 0.02289316522893165
99 0.53068141277203 0.5235567352355673 0.018194791295041028 0.029197080291970802
22 0.4191937210132001 0.21350364963503649 0.022119158044951837 0.030192435301924354
22 0.11469853728148413 0.7254479097544791 0.023189439885836605 0.03151957531519575
7 0.4284694969675348 0.7314200398142005 0.026400285408490903 0.023556735235567353
200 0.2425972172672137 0.39084273390842733 0.023546200499464858 0.0457863304578633
211 0.6311095255083838 0.7307564698075647 0.012843382090617196 0.029528865295288653
119 0.41669639671780234 0.08344392833443928 0.01712450945415626 0.028201725282017254
224 0.6823046735640386 0.391506303915063 0.018194791295041028 0.029860650298606503
224 0.24348911880128435 0.48374253483742535 0.01962183374955405 0.026542800265428004
22 0.16589368533713877 0.2584605175846052 0.021405636817695327 0.031187790311877902
118 0.5750981091687478 0.3462176509621765 0.029254370317516945 0.029528865295288653
32 0.4425615412058509 0.5245520902455209 0.02818408847663218 0.031187790311877902
224 0.7233321441312879 0.3964830789648308 0.031038173385658223 0.029860650298606503
32 0.375668926150553 0.08410749834107498 0.027113806635747414 0.02687458526874585
106 0.29967891544773456 0.17219641672196417 0.024973242953977882 0.029197080291970802
211 0.6316446664288262 0.25364963503649635 0.010346057795219408 0.026211015262110154
118 0.5169461291473422 0.6114797611147976 0.028540849090260435 0.035169210351692105
13 0.30859793078844094 0.39548772395487725 0.022832679272208348 0.027869940278699403
22 0.24420264002854086 0.7261114797611148 0.02104887620406707 0.03881884538818845
200 0.4537995005351409 0.2559721300597213 0.020692115590438816 0.026211015262110154
211 0.5708169818052087 0.730258792302588 0.013556903317873707 0.027206370272063702
118 0.6740991794505886 0.12508294625082947 0.032465215840171244 0.027869940278699403
99 0.3301819479129504 0.4397810218978102 0.017481270067784518 0.030192435301924354
224 0.12986086336068497 0.44127405441274054 0.022832679272208348 0.028533510285335104
160 0.11541205850874063 0.4785998672859987 0.031038173385658223 0.032183145321831454
13 0.6245094541562611 0.39200398142003984 0.017481270067784518 0.026211015262110154
106 0.2904031394933999 0.5671864631718646 0.03781662504459508 0.024220305242203054
110 0.35105244381020334 0.482249502322495 0.01712450945415626 0.033510285335102856
6 0.3171601855155191 0.3064034505640345 0.024973242953977882 0.023556735235567353
211 0.4065287192293971 0.17402123424021235 0.015340706386014985 0.03151957531519575
99 0.695504816268284 0.2095222295952223 0.04316803424901891 0.036164565361645654
118 0.3018194791295041 0.6516257465162575 0.025686764181234393 0.027869940278699403
224 0.689975026757046 0.4369608493696085 0.021405636817695327 0.034505640345056404
176 0.5217623974313236 0.08609820836098209 0.026043524794862646 0.028201725282017254
22 0.5096325365679629 0.39200398142003984 0.017481270067784518 0.033510285335102856
119 0.261148769175883 0.08642999336429993 0.022119158044951837 0.032846715328467155
149 0.590795576168391 0.7304246848042468 0.024973242953977882 0.02886529528865295
160 0.6022119158044952 0.5640345056403451 0.025686764181234393 0.026542800265428004
211 0.6375312165536925 0.16921035169210352 0.01641098822689975 0.028533510285335104
7 0.5007135212272565 0.25298606502986065 0.023189439885836605 0.027538155275381553
13 0.46539422047805923 0.08443928334439284 0.018194791295041028 0.023556735235567353
22 0.2579379236532287 0.6133045786330458 0.024973242953977882 0.030192435301924354
211 0.5087406350338922 0.16904445919044458 0.01569746699964324 0.030192435301924354
7 0.3219764537995005 0.08543463835434638 0.022475918658580094 0.032846715328467155
118 0.21334284694969674 0.4394492368944924 0.027827327863003924 0.032183145321831454
224 0.24848376739207992 0.21582614465826144 0.02176239743132358 0.032183145321831454
22 0.5340706386014984 0.6512939615129396 0.022119158044951837 0.031187790311877902
224 0.529432750624331 0.16871267418712674 0.025686764181234393 0.03085600530856005
211 0.5497681056011416 0.1678832116788321 0.013556903317873707 0.030524220305242204
143 0.554405993578309 0.4807564698075647 0.029967891544773455 0.026542800265428004
149 0.4894755618979665 0.6516257465162575 0.03068141277202997 0.027869940278699403
200 0.1789154477345701 0.17485069674850698 0.024616482340349626 0.021234240212342402
106 0.7226186229040314 0.4794293297942933 0.03175169461291474 0.029197080291970802
44 0.17267213699607564 0.395985401459854 0.03781662504459508 0.03417385534173855
22 0.18176953264359616 0.21350364963503649 0.023902961113093115 0.024220305242203054
106 0.41473421334284694 0.482249502322495 0.02889760970388869 0.02488387524883875
76 0.6245094541562611 0.1320504313205043 0.0360328219764538 0.0789648307896483
211 0.501427042454513 0.08526874585268746 0.02104887620406707 0.026542800265428004
7 0.4682483053870853 0.39266755142667553 0.02176239743132358 0.03085600530856005
22 0.5053514092044238 0.29993364299933645 0.022475918658580094 0.029860650298606503
22 0.43970745629682484 0.4804246848042468 0.02104887620406707 0.025879230258792303
44 0.08954691402069212 0.6512939615129396 0.038530146271851584 0.0245520902455209
224 0.303068141277203 0.0869276708692767 0.02104887620406707 0.027206370272063702
22 0.3747770246164823 0.347378898473789 0.022475918658580094 0.025879230258792303
211 0.22672136996075634 0.20753151957531518 0.02176239743132358 0.04213669542136696
13 0.5881198715661791 0.30009953550099533 0.023189439885836605 0.026211015262110154
119 0.4356047092400999 0.08493696084936961 0.024973242953977882 0.025879230258792303
106 0.5783089546914021 0.4377903118779031 0.028540849090260435 0.03417385534173855
224 0.2638244737780949 0.4847378898473789 0.02104887620406707 0.027206370272063702
200 0.5331787370674278 0.730092899800929 0.025330003567606136 0.02090245520902455
7 0.5611844452372458 0.12558062375580623 0.022832679272208348 0.03151957531519575
22 0.14252586514448806 0.650464499004645 0.02104887620406707 0.02289316522893165
6 0.2545486978237603 0.25763105507631057 0.026043524794862646 0.03151957531519575
119 0.30788440956118446 0.35136031851360316 0.023546200499464858 0.029197080291970802
99 0.15037459864430966 0.25895819508958196 0.013200142704245452 0.03417385534173855
58 0.5099892971815911 0.21317186463171864 0.04530859793078844 0.026211015262110154
119 0.48804851944345345 0.3921698739216987 0.02425972172672137 0.029860650298606503
44 0.43792365322868354 0.5633709356337093 0.04744916161255797 0.025215660252156602
22 0.1596503745986443 0.30474452554744524 0.023902961113093115 0.02687458526874585
76 0.2882625758116304 0.22246184472461844 0.036389582590082056 0.07199734571997346
211 0.5239029611130931 0.30126078301260784 0.014627185158758473 0.028533510285335104
22 0.1525151623260792 0.44210351692103517 0.022475918658580094 0.024220305242203054
44 0.12183374955404923 0.6142999336429993 0.04744916161255797 0.032183145321831454
211 0.466464502318944 0.6524552090245521 0.016767748840528007 0.03085600530856005
118 0.24991080984659295 0.17319177173191772 0.031038173385658223 0.028533510285335104
22 0.5774170531573314 0.4794293297942933 0.02033535497681056 0.026542800265428004
149 0.5046378879771674 0.5245520902455209 0.033892258294684265 0.031187790311877902
200 0.32768462361755263 0.13221632382216325 0.02176239743132358 0.03085600530856005
106 0.6956831965750981 0.25298606502986065 0.029967891544773455 0.027538155275381553
200 0.7227970032108455 0.2519907100199071 0.025686764181234393 0.028201725282017254
200 0.745808062789868 0.4794293297942933 0.017481270067784518 0.025215660252156602
6 0.3571173742418837 0.6512939615129396 0.025686764181234393 0.027206370272063702
211 0.1962183374955405 0.1736894492368945 0.01569746699964324 0.02488387524883875
149 0.16107741705315734 0.6123092236230923 0.033892258294684265 0.032183145321831454
200 0.7340349625401356 0.34306569343065696 0.022475918658580094 0.031187790311877902
13 0.6389582590082055 0.6138022561380225 0.026400285408490903 0.0338420703384207
211 0.18230467356403854 0.6522893165228931 0.014270424545130217 0.035169210351692105
118 0.3745986443096682 0.21632382216323823 0.029254370317516945 0.031187790311877902
7 0.3417766678558687 0.7264432647644327 0.022119158044951837 0.03085600530856005
200 0.7004994648590795 0.12408759124087591 0.023189439885836605 0.025879230258792303
13 0.5990010702818409 0.4781021897810219 0.027113806635747414 0.029197080291970802
200 0.669104530859793 0.21350364963503649 0.02033535497681056 0.02687458526874585
118 0.7147698894042098 0.16589250165892502 0.050303246521584015 0.035169210351692105
13 0.43721013200142705 0.21532846715328466 0.02033535497681056 0.026542800265428004
149 0.22886193364252586 0.25763105507631057 0.02818408847663218 0.032846715328467155
106 0.19782376025686765 0.48573324485733244 0.031038173385658223 0.026542800265428004
7 0.23118087763110953 0.5275381552753815 0.022119158044951837 0.029197080291970802
7 0.602033535497681 0.16274054412740543 0.02889760970388869 0.04280026542800265
200 0.6073849447021049 0.30059721300597214 0.01962183374955405 0.031187790311877902
224 0.20299678915447736 0.35185799601858 0.022119158044951837 0.02488387524883875
7 0.5444166963967177 0.08460517584605176 0.034962540135569035 0.028533510285335104
224 0.3219764537995005 0.7254479097544791 0.02104887620406707 0.02886529528865295
224 0.21209418480199785 0.1712010617120106 0.02033535497681056 0.0245520902455209
13 0.7829111666072066 0.12707365627073655 0.02033535497681056 0.028533510285335104
76 0.17641812343917232 0.5295288652952886 0.022475918658580094 0.06702057067020571
99 0.5064216910453087 0.43795620437956206 0.01962183374955405 0.035169210351692105
149 0.29700321084552267 0.7267750497677505 0.03175169461291474 0.03151957531519575
211 0.5344273992151266 0.4814200398142004 0.012843382090617196 0.027869940278699403
7 0.43471280770602927 0.393828798938288 0.018194791295041028 0.027206370272063702
118 0.2841598287549055 0.6136363636363636 0.029611130931145202 0.03085600530856005
185 0.4363182304673564 0.30374917053749173 0.03068141277202997 0.027538155275381553
13 0.7524081341419907 0.5620437956204379 0.022832679272208348 0.028533510285335104
32 0.41277202996789153 0.3933311214333112 0.025686764181234393 0.032183145321831454
149 0.6227256510881198 0.6519575315195754 0.02889760970388869 0.029860650298606503
106 0.10560114163396361 0.3546781685467817 0.03068141277202997 0.029197080291970802
13 0.16268283981448448 0.6517916390179164 0.026400285408490903 0.03085600530856005
7 0.6441312879058152 0.3905109489051095 0.023189439885836605 0.03185136031851361
200 0.5775954334641455 0.5646980756469807 0.027827327863003924 0.026542800265428004
6 0.3448091330717089 0.39548772395487725 0.02889760970388869 0.03185136031851361
58 0.14199072422404566 0.5301924353019244 0.03995718872636461 0.027206370272063702
7 0.5107028184088477 0.12524883875248838 0.022475918658580094 0.032183145321831454
13 0.6496610774170531 0.20985401459854014 0.021405636817695327 0.03417385534173855
99 0.36068498037816626 0.6123092236230923 0.013556903317873707 0.02488387524883875
200 0.1724937566892615 0.4858991373589914 0.01962183374955405 0.02488387524883875
44 0.733321441312879 0.1234240212342402 0.0424545130217624 0.028533510285335104
185 0.10934712807706029 0.5698407431984074 0.03175169461291474 0.02488387524883875
22 0.3287549054584374 0.25763105507631057 0.01962183374955405 0.030192435301924354
118 0.39921512665001785 0.3487060384870604 0.0328219764537995 0.027206370272063702
13 0.21833749554049234 0.7276045122760452 0.025686764181234393 0.029860650298606503
22 0.6500178380306814 0.559721300597213 0.026400285408490903 0.03185136031851361
32 0.5733143061006065 0.16821499668214995 0.027113806635747414 0.029860650298606503
8 0.13913663931501963 0.3944923689449237 0.026400285408490903 0.038487060384870604
211 0.4177666785586871 0.6114797611147976 0.012843382090617196 0.027869940278699403
224 0.3913663931501962 0.48241539482415396 0.02425972172672137 0.029197080291970802
200 0.35087406350338923 0.21632382216323823 0.01962183374955405 0.027206370272063702
118 0.2534784159828755 0.5680159256801592 0.03317873706742776 0.0245520902455209
22 0.5417409917945059 0.21383543463835433 0.02104887620406707 0.02488387524883875
118 0.23207277916518015 0.6118115461181155 0.032465215840171244 0.028533510285335104
211 0.25900820549411346 0.39432647644326474 0.009989297181591153 0.032846715328467155
58 0.6881912236889047 0.47909754479097544 0.0392436674991081 0.027206370272063702
160 0.5280057081698181 0.43812209688122095 0.026400285408490903 0.033510285335102856
22 0.5713521227256511 0.30126078301260784 0.02176239743132358 0.029860650298606503
6 0.6293257224402427 0.3004313205043132 0.02425972172672137 0.03151957531519575
99 0.6687477702461648 0.5605507631055077 0.01962183374955405 0.032846715328467155
224 0.11880128433820906 0.21267418712674188 0.01569746699964324 0.025879230258792303
200 0.5526221905101677 0.4397810218978102 0.027113806635747414 0.03151957531519575
160 0.33357117374241885 0.3424021234240212 0.027827327863003924 0.0411413404114134
224 0.6141633963610418 0.7272727272727273 0.01890831252229754 0.025215660252156602
185 0.18194791295041027 0.3045786330457863 0.027827327863003924 0.029197080291970802
22 0.36978237602568675 0.12740544127405443 0.023189439885836605 0.027869940278699403
160 0.1029254370317517 0.4397810218978102 0.031038173385658223 0.025547445255474453
200 0.2226186229040314 0.4852355673523557 0.020692115590438816 0.02488387524883875
118 0.0997145915090974 0.30938951559389516 0.031038173385658223 0.026211015262110154
224 0.5274705672493757 0.3468812209688122 0.02033535497681056 0.032183145321831454
211 0.16910453085979307 0.4414399469143995 0.012129860863360684 0.023556735235567353
224 0.23207277916518015 0.6499668214996682 0.02033535497681056 0.029860650298606503
22 0.2741705315733143 0.2569674850696749 0.024616482340349626 0.030192435301924354
149 0.5561897966464502 0.5247179827471798 0.0328219764537995 0.032183145321831454
7 0.3314306100606493 0.6512939615129396 0.029967891544773455 0.031187790311877902
160 0.7488405280057082 0.2991041804910418 0.026400285408490903 0.030192435301924354
224 0.34837673920799145 0.13088918380889183 0.02104887620406707 0.029528865295288653
