118 0.5493630573248408 0.7786196672706309 0.01950636942675159 0.015812880909240653
211 0.7337778662420382 0.45659693625432385 0.010151273885350318 0.019436666117608303
200 0.5976313694267515 0.28562016142315927 0.020103503184713375 0.01548344589029814
22 0.4807921974522293 0.4187942678306704 0.016918789808917197 0.01894251358919453
224 0.9086385350318471 0.7124032284631856 0.02746815286624204 0.02042497117443584
106 0.28503184713375795 0.3636139021577994 0.021894904458598725 0.015977598418711908
185 0.34295382165605093 0.4215944654916818 0.02109872611464968 0.018613078570252017
22 0.32115843949044587 0.27244276066545875 0.018511146496815286 0.01811892604183825
22 0.2981687898089172 0.34640092241805304 0.02109872611464968 0.016142315928183167
32 0.42147691082802546 0.6685060121890957 0.022492038216560508 0.014000988305056828
160 0.4605891719745223 0.2299456432218745 0.017914012738853503 0.016142315928183167
118 0.5616042993630573 0.15129303244934936 0.020103503184713375 0.01960138362707956
13 0.6909832802547771 0.4162411464338659 0.014928343949044586 0.017789491022895735
118 0.6765525477707006 0.4559380662164388 0.020302547770700636 0.01811892604183825
13 0.7441281847133758 0.7016142315928183 0.014928343949044586 0.01630703343765442
44 0.7022292993630573 0.28520836764948115 0.01950636942675159 0.01894251358919453
200 0.7085987261146497 0.7764783396475046 0.016321656050955414 0.01811892604183825
7 0.3340963375796178 0.1134080052709603 0.021695859872611464 0.01795420853236699
118 0.7135748407643312 0.7587712073793444 0.022292993630573247 0.018283643551309504
118 0.5766321656050956 0.3226816010541921 0.01950636942675159 0.017130620985010708
143 0.6945660828025477 0.35982539943996045 0.01572452229299363 0.018283643551309504
7 0.2301950636942675 0.4420194366661176 0.02289012738853503 0.01795420853236699
7 0.5580214968152867 0.7987152034261242 0.016918789808917197 0.016801185966068194
7 0.7040207006369427 0.700790644045462 0.018312101910828025 0.01795420853236699
119 0.2135748407643312 0.3285290726404217 0.01910828025477707 0.015977598418711908
22 0.3831608280254777 0.38066216438807443 0.016719745222929936 0.01548344589029814
22 0.40843949044585987 0.251111843188931 0.018312101910828025 0.016636468456596935
224 0.4179936305732484 0.4385603689672212 0.01910828025477707 0.01894251358919453
22 0.6685907643312102 0.7991269971998023 0.014729299363057325 0.01894251358919453
7 0.4768113057324841 0.6263383297644539 0.020103503184713375 0.020919123702849613
22 0.7303941082802548 0.5333552956679295 0.016918789808917197 0.01548344589029814
200 0.6519705414012739 0.8180695107889969 0.01930732484076433 0.018283643551309504
58 0.2783638535031847 0.541014659858343 0.026871019108280256 0.015318728380826882
22 0.714968152866242 0.11159611266677648 0.017914012738853503 0.015318728380826882
200 0.46835191082802546 0.3610607807609949 0.018312101910828025 0.01746005600395322
211 0.5629976114649682 0.3972986328446714 0.010151273885350318 0.016142315928183167
200 0.23198646496815287 0.5033767089441608 0.020103503184713375 0.01910723109866579
211 0.5511544585987261 0.19156646351507164 0.010350318471337579 0.017789491022895735
224 0.20979299363057324 0.5224839400428265 0.019904458598726114 0.01548344589029814
13 0.5388136942675159 0.45700873002800196 0.01751592356687898 0.01894251358919453
22 0.4239649681528662 0.24987646186789655 0.018312101910828025 0.01746005600395322
7 0.5504578025477707 0.6858837094383133 0.01930732484076433 0.017789491022895735
200 0.6113654458598726 0.19066051721297975 0.018113057324840764 0.01630703343765442
22 0.4564092356687898 0.7990446384450667 0.016719745222929936 0.016142315928183167
44 0.7196457006369427 0.3042332399934113 0.023288216560509552 0.015154010871355626
13 0.8729100318471338 0.5634162411464338 0.018909235668789808 0.015318728380826882
185 0.9289410828025477 0.8459891286443749 0.022292993630573247 0.01811892604183825
211 0.6584394904458599 0.7422170976774831 0.011146496815286623 0.02009553615549333
22 0.3002587579617834 0.542332399934113 0.018113057324840764 0.01696590347553945
211 0.22501990445859874 0.1557404052050733 0.011743630573248409 0.0205896886839071
7 0.6484872611464968 0.5534508318234228 0.018312101910828025 0.02009553615549333
32 0.6205214968152867 0.7237687366167024 0.011743630573248409 0.015812880909240653
106 0.7264132165605095 0.6652940207544062 0.01771496815286624 0.016142315928183167
224 0.7286027070063694 0.22928677318398946 0.01572452229299363 0.014495140833470598
160 0.5071656050955414 0.30563333882391697 0.018312101910828025 0.017624773513424476
149 0.1731687898089172 0.5586394333717675 0.024681528662420384 0.01960138362707956
160 0.7078025477707006 0.45643221874485257 0.016321656050955414 0.01910723109866579
7 0.7293988853503185 0.7021907428759677 0.016520700636942675 0.016801185966068194
224 0.45979299363057324 0.6273266348212815 0.016321656050955414 0.018283643551309504
149 0.9133160828025477 0.6737769724921759 0.028065286624203822 0.020919123702849613
22 0.746218152866242 0.8538955690989952 0.01552547770700637 0.016142315928183167
32 0.19735270700636942 0.19560204249711743 0.022093949044585986 0.01795420853236699
76 0.6180334394904459 0.643386591994729 0.021496815286624203 0.028660846647998683
7 0.504578025477707 0.15302256629879757 0.018710191082802547 0.017130620985010708
149 0.6749601910828026 0.5331905781584583 0.017914012738853503 0.01910723109866579
185 0.9020700636942676 0.8071157964091583 0.02269108280254777 0.016801185966068194
32 0.5669785031847133 0.21067369461373744 0.019705414012738853 0.018448361060780762
44 0.7846337579617835 0.3212815022236864 0.02109872611464968 0.017295338494481963
22 0.460390127388535 0.7263218580135068 0.016719745222929936 0.017624773513424476
118 0.6329617834394905 0.24748805798056334 0.020302547770700636 0.016636468456596935
185 0.4707404458598726 0.1328446713885686 0.018710191082802547 0.01894251358919453
149 0.7133757961783439 0.60550156481634 0.018710191082802547 0.015154010871355626
7 0.2880175159235669 0.6134080052709603 0.01592356687898089 0.016801185966068194
13 0.9346138535031847 0.789902816669412 0.01930732484076433 0.01894251358919453
8 0.3349920382165605 0.15606984022401582 0.01711783439490446 0.01795420853236699
118 0.5772292993630573 0.28578487893263055 0.021496815286624203 0.015812880909240653
224 0.8094148089171974 0.5322022731016307 0.016520700636942675 0.019766101136550817
200 0.8770899681528662 0.7525119420194367 0.019705414012738853 0.015318728380826882
200 0.7666202229299363 0.47545709108878276 0.016520700636942675 0.01960138362707956
7 0.8785828025477707 0.6591994729039697 0.018312101910828025 0.01548344589029814
119 0.4879578025477707 0.4001811892604184 0.016122611464968153 0.015318728380826882
58 0.45402070063694266 0.8370120243781914 0.01910828025477707 0.01630703343765442
22 0.628781847133758 0.39746335035414265 0.015127388535031847 0.016801185966068194
185 0.5534434713375797 0.8363531543403063 0.02607484076433121 0.01696590347553945
13 0.628781847133758 0.35924888815681105 0.01751592356687898 0.01548344589029814
13 0.33240445859872614 0.23241640586394333 0.014331210191082803 0.016142315928183167
13 0.37201433121019106 0.2894910228957338 0.01910828025477707 0.018613078570252017
160 0.35897691082802546 0.3076923076923077 0.019705414012738853 0.02009553615549333
149 0.6101711783439491 0.3599077581946961 0.019705414012738853 0.01811892604183825
13 0.26582404458598724 0.4607148739911053 0.018113057324840764 0.016801185966068194
7 0.6170382165605095 0.8370120243781914 0.017914012738853503 0.017624773513424476
13 0.28423566878980894 0.42365343436007247 0.01711783439490446 0.017130620985010708
7 0.6558519108280255 0.8365178718497777 0.01711783439490446 0.015977598418711908
200 0.6781449044585988 0.17048262230275077 0.016321656050955414 0.016801185966068194
7 0.43441480891719747 0.8189754570910888 0.016122611464968153 0.015812880909240653
118 0.883359872611465 0.4724921759183001 0.02388535031847134 0.01795420853236699
149 0.7490047770700637 0.266842365343436 0.020302547770700636 0.01647175094712568
200 0.26522691082802546 0.3105748641080547 0.020103503184713375 0.016636468456596935
7 0.4247611464968153 0.45832647010377203 0.020700636942675158 0.01960138362707956
99 0.6095740445859873 0.3228463185636633 0.01214171974522293 0.016142315928183167
44 0.759952229299363 0.6423982869379015 0.02428343949044586 0.015812880909240653
224 0.6998407643312102 0.13127985504859166 0.014729299363057325 0.018777796079723276
99 0.5687699044585988 0.22887497941031132 0.011345541401273885 0.01696590347553945
149 0.35638933121019106 0.4402075440619338 0.020103503184713375 0.01960138362707956
143 0.7706011146496815 0.5320375555921595 0.018909235668789808 0.019436666117608303
7 0.4713375796178344 0.8192225333552957 0.018710191082802547 0.0205896886839071
224 0.27488057324840764 0.11521989787514413 0.01711783439490446 0.015318728380826882
168 0.6257961783439491 0.4351013012683248 0.02269108280254777 0.019930818646022072
119 0.238953025477707 0.5591335859001811 0.018113057324840764 0.019271948608137045
160 0.21536624203821655 0.27334870696755065 0.017914012738853503 0.020260253664964586
13 0.681031050955414 0.47636303739087466 0.018113057324840764 0.01910723109866579
149 0.9122213375796179 0.7901498929336188 0.02308917197452229 0.016801185966068194
200 0.5806130573248408 0.1516224674682919 0.018710191082802547 0.015648163399769394
22 0.6075835987261147 0.5350848295173777 0.01771496815286624 0.017624773513424476
76 0.7008359872611465 0.11233734145939714 0.01910828025477707 0.027343106572228628
200 0.5328423566878981 0.4982704661505518 0.01592356687898089 0.01548344589029814
13 0.8740047770700637 0.3940866414099819 0.018312101910828025 0.01960138362707956
7 0.6184315286624203 0.2670894416076429 0.01592356687898089 0.01795420853236699
58 0.8876393312101911 0.6763300938889804 0.02567675159235669 0.021083841212320868
200 0.2451234076433121 0.13465656399275244 0.016520700636942675 0.015318728380826882
200 0.8965963375796179 0.7720309668917806 0.018909235668789808 0.01548344589029814
22 0.25636942675159236 0.11678471421512107 0.019904458598726114 0.014165705814528085
118 0.17555732484076433 0.48221050897710427 0.02308917197452229 0.021907428759677154
211 0.2717953821656051 0.5596277384285949 0.011743630573248409 0.017624773513424476
118 0.5608081210191083 0.5903475539449844 0.024880573248407645 0.01811892604183825
22 0.7729896496815286 0.8338000329435019 0.014928343949044586 0.018448361060780762
76 0.2089968152866242 0.38379179706802835 0.023487261146496817 0.027013671553286114
22 0.23477308917197454 0.29262065557568767 0.020103503184713375 0.01696590347553945
22 0.8812699044585988 0.8462362049085818 0.02129777070063694 0.014659858342941855
160 0.48736066878980894 0.13177400757700544 0.02129777070063694 0.02306045132597595
99 0.8986863057324841 0.4940701696590348 0.016321656050955414 0.020260253664964586
118 0.7452229299363057 0.30464503376708946 0.027070063694267517 0.018283643551309504
118 0.7652269108280255 0.3228463185636633 0.02089968152866242 0.01746005600395322
22 0.4872611464968153 0.8562839729863284 0.02308917197452229 0.01894251358919453
118 0.48835589171974525 0.5173776972492176 0.02567675159235669 0.017130620985010708
13 0.6351512738853503 0.34038873332235214 0.019904458598726114 0.01696590347553945
58 0.47302945859872614 0.7800197661011365 0.030055732484076433 0.016636468456596935
160 0.33240445859872614 0.1740240487563828 0.021496815286624203 0.01960138362707956
200 0.7117834394904459 0.3411299621149728 0.01552547770700637 0.016142315928183167
22 0.5378184713375797 0.1910723109866579 0.016321656050955414 0.016801185966068194
149 0.8794785031847133 0.11464338659199473 0.02567675159235669 0.02470762642068852
13 0.7674164012738853 0.7566298797562181 0.02129777070063694 0.0205896886839071
44 0.7609474522292994 0.7194037226157141 0.016321656050955414 0.018283643551309504
149 0.6216162420382165 0.4162411464338659 0.019904458598726114 0.017130620985010708
118 0.5163216560509554 0.746005600395322 0.018710191082802547 0.02042497117443584
200 0.5188097133757962 0.47809257124032284 0.020103503184713375 0.018613078570252017
224 0.6648089171974523 0.33981222203920275 0.013535031847133758 0.014165705814528085
149 0.17655254777070065 0.29451490693460713 0.020302547770700636 0.019766101136550817
185 0.33320063694267515 0.4407016965903476 0.026273885350318472 0.019930818646022072
224 0.7278065286624203 0.5527919617855378 0.016520700636942675 0.01746005600395322
211 0.7238256369426752 0.5700049415252841 0.010947452229299362 0.01795420853236699
119 0.2119824840764331 0.442595947949267 0.01910828025477707 0.016801185966068194
185 0.5715565286624203 0.45552627244276067 0.021695859872611464 0.019271948608137045
143 0.17824442675159236 0.27425465326964255 0.022093949044585986 0.023389886344918464
22 0.8812699044585988 0.8258935924888816 0.019705414012738853 0.013177400757700544
99 0.509156050955414 0.45865590512271454 0.013535031847133758 0.020919123702849613
224 0.41321656050955413 0.3800032943501894 0.015127388535031847 0.016801185966068194
22 0.6503781847133758 0.49654093230110363 0.015326433121019108 0.01960138362707956
7 0.5309514331210191 0.7801844836106078 0.020501592356687897 0.015648163399769394
200 0.7436305732484076 0.6654587382638775 0.015127388535031847 0.01647175094712568
99 0.3145899681528662 0.1734475374732334 0.014928343949044586 0.01647175094712568
200 0.6957603503184714 0.5162246746829188 0.014132165605095542 0.019436666117608303
7 0.7838375796178344 0.26461867896557406 0.01711783439490446 0.017624773513424476
32 0.2474124203821656 0.44267830670400266 0.020302547770700636 0.01795420853236699
7 0.25696656050955413 0.5959479492670071 0.017914012738853503 0.01647175094712568
7 0.613156847133758 0.3053862625597101 0.01771496815286624 0.016801185966068194
176 0.8960987261146497 0.7534178883215286 0.021496815286624203 0.01647175094712568
22 0.34355095541401276 0.4625267665952891 0.016719745222929936 0.017130620985010708
22 0.54578025477707 0.3430242134738923 0.016321656050955414 0.01696590347553945
211 0.7438296178343949 0.6845659693625432 0.011544585987261146 0.016801185966068194
118 0.6921775477707006 0.7792785373085159 0.014928343949044586 0.018448361060780762
99 0.7159633757961783 0.5341788832152858 0.015127388535031847 0.017130620985010708
22 0.351015127388535 0.23266348212815022 0.018909235668789808 0.01894251358919453
224 0.5860867834394905 0.43518366002306047 0.014928343949044586 0.01746005600395322
185 0.5960390127388535 0.19066051721297975 0.022492038216560508 0.01894251358919453
200 0.7367635350318471 0.19230769230769232 0.015326433121019108 0.01696590347553945
119 0.599422770700637 0.7791961785537803 0.016520700636942675 0.01630703343765442
211 0.7474124203821656 0.1911546697413935 0.009156050955414012 0.018613078570252017
7 0.4724323248407643 0.8376708944160765 0.016918789808917197 0.01630703343765442
22 0.29120222929936307 0.27318398945807937 0.018312101910828025 0.0205896886839071
13 0.7032245222929936 0.8545544391368802 0.01751592356687898 0.01811892604183825
160 0.37908041401273884 0.46277384285949597 0.012539808917197453 0.02256629879756218
58 0.587281050955414 0.6630703343765443 0.026871019108280256 0.023554603854389723
22 0.47253184713375795 0.39985175424147584 0.014729299363057325 0.015977598418711908
160 0.7250199044585988 0.34063580958655904 0.013335987261146497 0.015154010871355626
118 0.5221934713375797 0.17064733981222205 0.02289012738853503 0.01647175094712568
99 0.4890525477707006 0.15186954373249875 0.01393312101910828 0.018777796079723276
106 0.42277070063694266 0.41920606160434853 0.021496815286624203 0.01647175094712568
13 0.4317277070063694 0.6269148410476033 0.023487261146496817 0.022401581288090923
224 0.568968949044586 0.7447702190742876 0.01731687898089172 0.019930818646022072
118 0.6951632165605095 0.26651293032449347 0.01930732484076433 0.015812880909240653
22 0.5677746815286624 0.47759841871190906 0.018909235668789808 0.01960138362707956
118 0.7836385350318471 0.4765277549003459 0.020700636942675158 0.021742711250205896
118 0.28682324840764334 0.5783231757535826 0.02308917197452229 0.019766101136550817
13 0.5360270700636943 0.20960303080217427 0.01592356687898089 0.017295338494481963
16 0.3044386942675159 0.23282819963762147 0.020103503184713375 0.018613078570252017
22 0.5576234076433121 0.5714050403557899 0.016918789808917197 0.01746005600395322
224 0.5042794585987261 0.13045626750123537 0.021695859872611464 0.023719321363860978
22 0.2822452229299363 0.381650469444902 0.017914012738853503 0.014165705814528085
7 0.43580812101910826 0.6482457585241311 0.01731687898089172 0.018283643551309504
22 0.5119426751592356 0.5744523142810081 0.01751592356687898 0.01630703343765442
110 0.5427945859872612 0.8193872508647669 0.018312101910828025 0.01960138362707956
22 0.4853702229299363 0.45832647010377203 0.01731687898089172 0.01960138362707956
224 0.2594546178343949 0.13523307527590184 0.01731687898089172 0.018448361060780762
7 0.2089968152866242 0.23422829846812715 0.01950636942675159 0.017130620985010708
211 0.6544585987261147 0.26717180036237853 0.010350318471337579 0.01647175094712568
58 0.7085987261146497 0.322022731016307 0.02428343949044586 0.017130620985010708
22 0.2880175159235669 0.29097348048097516 0.019904458598726114 0.01696590347553945
22 0.7460191082802548 0.6047603360237194 0.015127388535031847 0.016636468456596935
224 0.7112858280254777 0.5874649975292373 0.016122611464968153 0.01630703343765442
149 0.7838375796178344 0.6638939219239005 0.017914012738853503 0.01630703343765442
7 0.23656449044585987 0.21454455608631198 0.019705414012738853 0.01630703343765442
211 0.6623208598726115 0.6242793608960633 0.011743630573248409 0.013177400757700544
149 0.22999601910828024 0.3109042991269972 0.022492038216560508 0.017295338494481963
22 0.6343550955414012 0.45667929500905946 0.016719745222929936 0.020260253664964586
13 0.653562898089172 0.43576017130620986 0.01930732484076433 0.017295338494481963
118 0.549562101910828 0.8547191566463515 0.025477707006369428 0.017789491022895735
58 0.881468949044586 0.37687366167023556 0.02567675159235669 0.02042497117443584
22 0.6412221337579618 0.5340141657058145 0.018511146496815286 0.016142315928183167
22 0.7299960191082803 0.4765277549003459 0.016918789808917197 0.019436666117608303
118 0.39281449044585987 0.32614066875308845 0.02089968152866242 0.017789491022895735
6 0.5704617834394905 0.6848130456267502 0.021894904458598725 0.01894251358919453
22 0.28423566878980894 0.09215944654916818 0.02428343949044586 0.0205896886839071
22 0.5237858280254777 0.45717344753747324 0.01731687898089172 0.01795420853236699
118 0.7387539808917197 0.5707461703179048 0.018909235668789808 0.019436666117608303
76 0.5744426751592356 0.4164058639433372 0.019904458598726114 0.03294350189425136
185 0.5223925159235668 0.1902487234393016 0.020103503184713375 0.01910723109866579
185 0.8598726114649682 0.592406522813375 0.02388535031847134 0.026519519024872346
22 0.5877786624203821 0.4561851424806457 0.01552547770700637 0.021248558721792127
13 0.4185907643312102 0.6496458573546368 0.018710191082802547 0.01746005600395322
22 0.6753582802547771 0.6441278207873496 0.01552547770700637 0.019930818646022072
211 0.7376592356687898 0.5136715532861144 0.011146496815286623 0.017295338494481963
58 0.30901671974522293 0.309174765277549 0.02607484076433121 0.018448361060780762
13 0.2713972929936306 0.27310163070334376 0.018113057324840764 0.018777796079723276
118 0.4459593949044586 0.15252841377038379 0.0240843949044586 0.018777796079723276
185 0.4811902866242038 0.17040026354801516 0.021695859872611464 0.018283643551309504
13 0.7232285031847133 0.45667929500905946 0.016918789808917197 0.01960138362707956
99 0.2099920382165605 0.17616537637950913 0.013535031847133758 0.018613078570252017
58 0.2989649681528662 0.4617031790479328 0.026671974522292995 0.016801185966068194
44 0.6753582802547771 0.7408993576017131 0.021894904458598725 0.01746005600395322
44 0.589968152866242 0.6065722286279032 0.026273885350318472 0.01795420853236699
22 0.7664211783439491 0.11052544885521332 0.019705414012738853 0.018448361060780762
22 0.48417595541401276 0.43757206391039366 0.020501592356687897 0.01894251358919453
185 0.4885549363057325 0.24962938560368966 0.019705414012738853 0.020260253664964586
211 0.4336186305732484 0.5752759018283643 0.01214171974522293 0.01795420853236699
22 0.7062101910828026 0.7980563333882392 0.01552547770700637 0.016801185966068194
224 0.6251990445859873 0.1919782572887498 0.012738853503184714 0.015648163399769394
200 0.46656050955414013 0.2880909240652281 0.01711783439490446 0.017130620985010708
106 0.2151671974522293 0.29270301433042334 0.022292993630573247 0.016801185966068194
110 0.319765127388535 0.2906440454620326 0.01731687898089172 0.017624773513424476
13 0.17436305732484075 0.31238675671223853 0.019904458598726114 0.017624773513424476
13 0.5534434713375797 0.37835611925547685 0.019705414012738853 0.01548344589029814
118 0.6587380573248408 0.1705649810574864 0.023288216560509552 0.018613078570252017
32 0.8812699044585988 0.7334047109207709 0.020501592356687897 0.018613078570252017
22 0.6739649681528662 0.5526272442760666 0.01592356687898089 0.017130620985010708
110 0.42456210191082805 0.34475374732334046 0.018710191082802547 0.01746005600395322
118 0.644406847133758 0.7407346400922418 0.01771496815286624 0.017789491022895735
13 0.4381966560509554 0.380991599407017 0.016520700636942675 0.01746005600395322
22 0.5267714968152867 0.5355789820457915 0.01771496815286624 0.015977598418711908
32 0.7256170382165605 0.24814692801844837 0.02089968152866242 0.018613078570252017
58 0.22243232484076433 0.48253994399604677 0.027269108280254778 0.0205896886839071
118 0.49263535031847133 0.5740405205073299 0.02269108280254777 0.015154010871355626
22 0.1982484076433121 0.15705814528084336 0.016321656050955414 0.0205896886839071
200 0.3867436305732484 0.28874979410311313 0.01910828025477707 0.017130620985010708
200 0.6393312101910829 0.19230769230769232 0.013136942675159236 0.01630703343765442
7 0.623109076433121 0.13127985504859166 0.018511146496815286 0.021083841212320868
200 0.3609673566878981 0.4215944654916818 0.016520700636942675 0.015977598418711908
160 0.4786027070063694 0.47784549497611595 0.019705414012738853 0.01746005600395322
224 0.5822054140127388 0.37868555427441936 0.017914012738853503 0.014824575852413112
99 0.4804936305732484 0.5373085158952396 0.01194267515923567 0.01746005600395322
110 0.7329816878980892 0.6844836106078076 0.01572452229299363 0.018283643551309504
44 0.1800358280254777 0.4625267665952891 0.030453821656050956 0.017130620985010708
119 0.6822253184713376 0.22986328446713886 0.01572452229299363 0.01696590347553945
118 0.7293988853503185 0.26700708285290725 0.02289012738853503 0.016801185966068194
185 0.40774283439490444 0.2879262065557569 0.02129777070063694 0.016801185966068194
200 0.5543391719745223 0.45667929500905946 0.01592356687898089 0.01960138362707956
6 0.5649880573248408 0.26816010541920604 0.01731687898089172 0.017789491022895735
76 0.49761146496815284 0.420441442925383 0.022292993630573247 0.026848954043814856
149 0.7321855095541401 0.13235051886015484 0.016520700636942675 0.01894251358919453
13 0.7664211783439491 0.7950090594630209 0.01930732484076433 0.01630703343765442
200 0.7538813694267515 0.08977104266183496 0.01930732484076433 0.018777796079723276
160 0.6218152866242038 0.15096359743040685 0.01393312101910828 0.01630703343765442
99 0.6343550955414012 0.644951408334706 0.013535031847133758 0.020260253664964586
200 0.26801353503184716 0.42464173941690003 0.01771496815286624 0.017130620985010708
160 0.4721337579617834 0.7436171965079889 0.013136942675159236 0.01894251358919453
224 0.785031847133758 0.8334705979245594 0.014729299363057325 0.01910723109866579
22 0.49920382165605093 0.49719980233898864 0.022292993630573247 0.01630703343765442
211 0.18799761146496816 0.40322846318563665 0.01214171974522293 0.02207214626914841
22 0.4822850318471338 0.2685718991928842 0.018710191082802547 0.02157799374073464
200 0.6359474522292994 0.8538955690989952 0.01751592356687898 0.01548344589029814
118 0.4039609872611465 0.34491846483281174 0.0240843949044586 0.017130620985010708
149 0.7101910828025477 0.5530390380497446 0.020302547770700636 0.017295338494481963
118 0.8225517515923567 0.8344589029813869 0.018909235668789808 0.019766101136550817
200 0.650577229299363 0.34096524460550154 0.014928343949044586 0.015154010871355626
119 0.6588375796178344 0.5335200131774007 0.018312101910828025 0.01910723109866579
224 0.6291799363057324 0.5544391368802504 0.01950636942675159 0.016801185966068194
160 0.6755573248407644 0.7040026354801515 0.020700636942675158 0.02042497117443584
7 0.3244426751592357 0.1354801515401087 0.017914012738853503 0.01894251358919453
211 0.6407245222929936 0.3610607807609949 0.011146496815286623 0.01910723109866579
13 0.7428343949044586 0.5322022731016307 0.01751592356687898 0.018448361060780762
106 0.5384156050955414 0.3621314445725581 0.018312101910828025 0.019930818646022072
185 0.2630374203821656 0.1745182012847966 0.019705414012738853 0.01795420853236699
224 0.2048168789808917 0.25358260583099984 0.018312101910828025 0.018283643551309504
22 0.6614251592356688 0.21149728216109373 0.017914012738853503 0.01811892604183825
22 0.6129578025477707 0.6071487399110526 0.02129777070063694 0.015812880909240653
160 0.7089968152866242 0.8159281831658706 0.01711783439490446 0.016636468456596935
58 0.6202229299363057 0.17015318728380827 0.02109872611464968 0.016801185966068194
211 0.4693471337579618 0.5163893921923901 0.012340764331210192 0.017130620985010708
13 0.5705613057324841 0.854389721627409 0.01731687898089172 0.01647175094712568
200 0.49492436305732485 0.536567287102619 0.016918789808917197 0.015977598418711908
7 0.880672770700637 0.4930818646022072 0.01930732484076433 0.014989293361884369
32 0.7468152866242038 0.7560533684730687 0.018312101910828025 0.018777796079723276
22 0.589171974522293 0.41731181024542907 0.013136942675159236 0.01795420853236699
185 0.41759554140127386 0.11316092900675342 0.022292993630573247 0.018448361060780762
160 0.7131767515923567 0.2300280019766101 0.016719745222929936 0.015318728380826882
211 0.5182125796178344 0.43765442266512933 0.00855891719745223 0.01548344589029814
99 0.6281847133757962 0.37736781419864934 0.010748407643312101 0.016142315928183167
211 0.3163813694267516 0.3818975457091089 0.011345541401273885 0.015977598418711908
211 0.3431528662420382 0.3090924065228134 0.012738853503184714 0.01894251358919453
8 0.6456011146496815 0.2105089771042662 0.016918789808917197 0.018777796079723276
211 0.5551353503184714 0.36007247570416734 0.011146496815286623 0.019436666117608303
200 0.7113853503184714 0.26626585406028663 0.014729299363057325 0.015648163399769394
149 0.17117834394904458 0.5784055345083182 0.02308917197452229 0.02157799374073464
149 0.7951831210191083 0.853483775325317 0.018312101910828025 0.01960138362707956
200 0.6967555732484076 0.2296985669576676 0.016918789808917197 0.015977598418711908
160 0.3963972929936306 0.4604677977268984 0.01771496815286624 0.021248558721792127
149 0.22064092356687898 0.5578982045791467 0.023686305732484078 0.016801185966068194
211 0.6436106687898089 0.5884533025860649 0.00855891719745223 0.018283643551309504
110 0.285828025477707 0.5219074287596771 0.01950636942675159 0.01960138362707956
149 0.634156050955414 0.6236204908581783 0.01910828025477707 0.015154010871355626
118 0.3231488853503185 0.4222533355295668 0.020103503184713375 0.017295338494481963
200 0.8934116242038217 0.3950749464668094 0.019705414012738853 0.018283643551309504
211 0.33578821656050956 0.40388733322352166 0.010748407643312101 0.01910723109866579
224 0.7386544585987261 0.6442101795420854 0.01950636942675159 0.019436666117608303
211 0.4128184713375796 0.21248558721792127 0.010350318471337579 0.01548344589029814
7 0.6675955414012739 0.24732334047109208 0.018312101910828025 0.01960138362707956
22 0.6216162420382165 0.5719815516389393 0.01751592356687898 0.016636468456596935
76 0.6246019108280255 0.5362378520836765 0.01711783439490446 0.026519519024872346
22 0.5085589171974523 0.8376708944160765 0.018710191082802547 0.01630703343765442
211 0.6999402866242038 0.5867237687366167 0.01054936305732484 0.01647175094712568
22 0.7282046178343949 0.3236699061110196 0.016520700636942675 0.018448361060780762
118 0.8050358280254777 0.3211167847142151 0.02289012738853503 0.01894251358919453
149 0.4365047770700637 0.10970186130785703 0.01910828025477707 0.017789491022895735
200 0.7807523885350318 0.6847306868720145 0.018511146496815286 0.017130620985010708
200 0.17237261146496816 0.5234722450996541 0.01552547770700637 0.01746005600395322
99 0.5618033439490446 0.3417888321528578 0.012539808917197453 0.016801185966068194
211 0.4046576433121019 0.4206061604348542 0.010748407643312101 0.016636468456596935
224 0.30354299363057324 0.48130456267501237 0.016719745222929936 0.01811892604183825
7 0.4703423566878981 0.7627244276066546 0.01552547770700637 0.018283643551309504
16 0.5421974522292994 0.32498764618678966 0.020302547770700636 0.02009553615549333
224 0.7442277070063694 0.45610278372591007 0.017914012738853503 0.017789491022895735
119 0.6321656050955414 0.7793608960632515 0.018710191082802547 0.017295338494481963
149 0.38923168789808915 0.230275078240817 0.020103503184713375 0.019436666117608303
22 0.27716958598726116 0.1349036402569593 0.020501592356687897 0.016801185966068194
211 0.3551950636942675 0.3639433371767419 0.01054936305732484 0.017295338494481963
22 0.6730692675159236 0.5882885850765937 0.016122611464968153 0.01630703343765442
7 0.5744426751592356 0.3411299621149728 0.016719745222929936 0.01548344589029814
76 0.36156449044585987 0.46244440784055346 0.0240843949044586 0.031131609290067534
7 0.1949641719745223 0.21454455608631198 0.01731687898089172 0.01696590347553945
176 0.49522292993630573 0.555180365672871 0.025477707006369428 0.017624773513424476
118 0.37639331210191085 0.4408664140998188 0.021496815286624203 0.017624773513424476
110 0.6903861464968153 0.5328611431395157 0.014530254777070064 0.01647175094712568
22 0.19655652866242038 0.2737605007412288 0.020501592356687897 0.018777796079723276
7 0.6673964968152867 0.47603360237193215 0.018710191082802547 0.018448361060780762
13 0.5227906050955414 0.5168835447208038 0.01930732484076433 0.016801185966068194
200 0.5788216560509554 0.5160599571734475 0.01751592356687898 0.01647175094712568
22 0.7054140127388535 0.642727721956844 0.01711783439490446 0.018448361060780762
44 0.7433320063694268 0.21067369461373744 0.02607484076433121 0.01647175094712568
200 0.6371417197452229 0.22986328446713886 0.014331210191082803 0.01630703343765442
160 0.7420382165605095 0.47578652610772526 0.01592356687898089 0.01960138362707956
118 0.5879777070063694 0.5350848295173777 0.022292993630573247 0.01960138362707956
160 0.30583200636942676 0.596853895569099 0.019705414012738853 0.017624773513424476
118 0.7197452229299363 0.4355954537967386 0.018710191082802547 0.017624773513424476
22 0.4211783439490446 0.6876132432877615 0.018710191082802547 0.023554603854389723
13 0.8783837579617835 0.7713720968538955 0.019904458598726114 0.014165705814528085
149 0.6271894904458599 0.7978916158787679 0.01910828025477707 0.018448361060780762
160 0.5965366242038217 0.49752923735793114 0.016321656050955414 0.017624773513424476
118 0.3096138535031847 0.4416900016471751 0.021695859872611464 0.017295338494481963
149 0.7311902866242038 0.6250205896886839 0.01731687898089172 0.01630703343765442
149 0.6943670382165605 0.3946631526931313 0.022492038216560508 0.019436666117608303
13 0.5477707006369427 0.6257618184813045 0.018312101910828025 0.017130620985010708
118 0.580015923566879 0.24732334047109208 0.020700636942675158 0.018283643551309504
58 0.6963574840764332 0.681518695437325 0.02567675159235669 0.017624773513424476
119 0.4833797770700637 0.3608960632515236 0.018909235668789808 0.017789491022895735
118 0.71875 0.09133585900181189 0.01910828025477707 0.019930818646022072
32 0.23815684713375795 0.5954537967385933 0.019705414012738853 0.016801185966068194
224 0.8011544585987261 0.6669411958491187 0.01910828025477707 0.01811892604183825
22 0.5215963375796179 0.7261571405040356 0.01930732484076433 0.0205896886839071
110 0.5127388535031847 0.7806786361390216 0.01592356687898089 0.01795420853236699
7 0.2565684713375796 0.27301927194860814 0.01950636942675159 0.020260253664964586
76 0.6907842356687898 0.5541920606160435 0.01771496815286624 0.022895733816504695
7 0.2662221337579618 0.5776643057156976 0.018909235668789808 0.017789491022895735
185 0.9183917197452229 0.824905287432054 0.024681528662420384 0.017130620985010708
7 0.6240047770700637 0.7614890462856202 0.015127388535031847 0.01746005600395322
13 0.599422770700637 0.30349201120079067 0.018113057324840764 0.015977598418711908
185 0.26522691082802546 0.381650469444902 0.01930732484076433 0.014824575852413112
99 0.3431528662420382 0.3818975457091089 0.014331210191082803 0.01795420853236699
13 0.6491839171974523 0.6246911546697413 0.015326433121019108 0.014000988305056828
106 0.3252388535031847 0.4610443090100478 0.021496815286624203 0.018777796079723276
58 0.3330015923566879 0.32647010377203095 0.03144904458598726 0.01647175094712568
22 0.5851910828025477 0.7435348377532531 0.015127388535031847 0.01548344589029814
160 0.17336783439490447 0.4057815845824411 0.018710191082802547 0.01960138362707956
224 0.17396496815286625 0.23455773348706968 0.01910828025477707 0.015812880909240653
211 0.20839968152866242 0.21487399110525449 0.012738853503184714 0.017624773513424476
32 0.1907842356687898 0.2340635809586559 0.020103503184713375 0.01746005600395322
22 0.648984872611465 0.28471421512106737 0.01572452229299363 0.015318728380826882
149 0.883359872611465 0.27993740734640093 0.020700636942675158 0.0205896886839071
211 0.48059315286624205 0.2879262065557569 0.011743630573248409 0.01811892604183825
211 0.7551751592356688 0.552544885521331 0.01194267515923567 0.01894251358919453
160 0.6507762738853503 0.19214297479822104 0.015326433121019108 0.019930818646022072
13 0.6315684713375797 0.26634821281502224 0.016719745222929936 0.01548344589029814
22 0.660828025477707 0.570252017789491 0.019904458598726114 0.01647175094712568
13 0.44158041401273884 0.8009388898039862 0.01930732484076433 0.015977598418711908
22 0.7412420382165605 0.7980563333882392 0.016719745222929936 0.01811892604183825
58 0.7559713375796179 0.776148904628562 0.018710191082802547 0.019436666117608303
7 0.6083797770700637 0.5154010871355625 0.018511146496815286 0.01647175094712568
119 0.6087778662420382 0.1505518036567287 0.016122611464968153 0.016801185966068194
6 0.47054140127388533 0.2105089771042662 0.01552547770700637 0.016801185966068194
22 0.24860668789808918 0.4620326140668753 0.01950636942675159 0.016801185966068194
7 0.6812300955414012 0.3764618678965574 0.018511146496815286 0.016636468456596935
106 0.7240246815286624 0.7969033108219403 0.021695859872611464 0.017130620985010708
99 0.5123407643312102 0.2871026190084006 0.012738853503184714 0.017789491022895735
7 0.899781050955414 0.734722450996541 0.019705414012738853 0.019271948608137045
6 0.4645700636942675 0.37868555427441936 0.014729299363057325 0.01548344589029814
224 0.5297571656050956 0.644951408334706 0.01731687898089172 0.01894251358919453
13 0.1992436305732484 0.3468950749464668 0.01910828025477707 0.018448361060780762
224 0.6325636942675159 0.5905946302091912 0.01552547770700637 0.01795420853236699
22 0.6164410828025477 0.7793608960632515 0.01592356687898089 0.016636468456596935
7 0.693172770700637 0.45692637127326635 0.016918789808917197 0.018777796079723276
44 0.7587579617834395 0.1705649810574864 0.02388535031847134 0.018613078570252017
224 0.7668192675159236 0.5518036567287102 0.01771496815286624 0.01746005600395322
22 0.520203025477707 0.2695602042497117 0.018113057324840764 0.02157799374073464
7 0.6851114649681529 0.13152693131279855 0.019904458598726114 0.019271948608137045
7 0.42754777070063693 0.22986328446713886 0.021496815286624203 0.019271948608137045
44 0.6125597133757962 0.24715862296162083 0.026871019108280256 0.017295338494481963
22 0.22860270700636942 0.3291879426783067 0.018113057324840764 0.017295338494481963
106 0.49134156050955413 0.8186460220721463 0.023686305732484078 0.02042497117443584
22 0.5537420382165605 0.22879262065557568 0.01950636942675159 0.015812880909240653
224 0.7268113057324841 0.8356119255476857 0.015326433121019108 0.016801185966068194
200 0.7833399681528662 0.7017789491022896 0.016520700636942675 0.016636468456596935
118 0.6749601910828026 0.8361884368308351 0.02428343949044586 0.017295338494481963
149 0.419984076433121 0.19164882226980728 0.022292993630573247 0.019930818646022072
7 0.4395899681528662 0.6680118596606819 0.01731687898089172 0.015977598418711908
76 0.5459792993630573 0.5357436995552627 0.022292993630573247 0.026848954043814856
211 0.3557921974522293 0.5012353813210344 0.02129777070063694 0.018448361060780762
13 0.43441480891719747 0.43971339153352 0.015326433121019108 0.019271948608137045
22 0.7125796178343949 0.8354472080382145 0.016321656050955414 0.017130620985010708
106 0.4618829617834395 0.708120573216933 0.022492038216560508 0.021413276231263382
7 0.5851910828025477 0.2100148245758524 0.019904458598726114 0.01647175094712568
118 0.5796178343949044 0.3949925877120738 0.020700636942675158 0.014824575852413112
118 0.40714570063694266 0.30728051391862954 0.024880573248407645 0.01960138362707956
16 0.6572452229299363 0.7787843847801021 0.01751592356687898 0.016142315928183167
106 0.23815684713375795 0.27285455443913686 0.0276671974522293 0.019930818646022072
176 0.5790207006369427 0.6248558721792127 0.01711783439490446 0.017295338494481963
7 0.5758359872611465 0.8356119255476857 0.021894904458598725 0.014824575852413112
13 0.6965565286624203 0.8361884368308351 0.019705414012738853 0.018613078570252017
22 0.5887738853503185 0.7987152034261242 0.016719745222929936 0.016801185966068194
7 0.6725716560509554 0.3028331411629056 0.017914012738853503 0.015977598418711908
211 0.9115246815286624 0.7738428594959644 0.01214171974522293 0.016142315928183167
22 0.8772890127388535 0.639186295503212 0.022492038216560508 0.01894251358919453
224 0.41261942675159236 0.3618843683083512 0.01552547770700637 0.017130620985010708
149 0.9257563694267515 0.8081041014659859 0.022292993630573247 0.017130620985010708
211 0.46576433121019106 0.17097677483116455 0.009952229299363057 0.017789491022895735
22 0.2890127388535032 0.48303409652446055 0.017914012738853503 0.01960138362707956
224 0.41938694267515925 0.5744523142810081 0.01711783439490446 0.015648163399769394
7 0.6749601910828026 0.6630703343765443 0.014729299363057325 0.019271948608137045
119 0.584593949044586 0.7236863778619668 0.018710191082802547 0.01894251358919453
118 0.6967555732484076 0.7431230439795751 0.023288216560509552 0.018613078570252017
185 0.23447452229299362 0.5412617361225498 0.020700636942675158 0.01910723109866579
7 0.4552149681528662 0.2105913358590018 0.016719745222929936 0.019271948608137045
58 0.5950437898089171 0.8359413605666283 0.02129777070063694 0.016801185966068194
32 0.5305533439490446 0.24905287432054027 0.02129777070063694 0.01746005600395322
76 0.4445660828025478 0.7474880579805633 0.022093949044585986 0.028660846647998683
99 0.45710589171974525 0.10978422006259266 0.024482484076433123 0.021907428759677154
6 0.6559514331210191 0.5884533025860649 0.018909235668789808 0.015977598418711908
185 0.5939490445859873 0.3226816010541921 0.01910828025477707 0.017130620985010708
200 0.42496019108280253 0.30579805633338825 0.016321656050955414 0.018613078570252017
99 0.658937101910828 0.6646351507165211 0.01373407643312102 0.019436666117608303
32 0.4395899681528662 0.20985010706638116 0.01771496815286624 0.01746005600395322
32 0.5035828025477707 0.7254982704661506 0.01910828025477707 0.018613078570252017
22 0.3183718152866242 0.15417558886509636 0.016122611464968153 0.016801185966068194
160 0.5947452229299363 0.15096359743040685 0.01592356687898089 0.018283643551309504
7 0.7040207006369427 0.4156646351507165 0.01751592356687898 0.018283643551309504
149 0.5806130573248408 0.8177400757700544 0.025079617834394906 0.01960138362707956
13 0.6248009554140127 0.515730522154505 0.020700636942675158 0.017130620985010708
200 0.5291600318471338 0.5557568769560204 0.01930732484076433 0.015154010871355626
6 0.5384156050955414 0.2291220556745182 0.018312101910828025 0.017789491022895735
22 0.5976313694267515 0.816916488222698 0.018511146496815286 0.016636468456596935
13 0.2763734076433121 0.19395486740240486 0.018511146496815286 0.016636468456596935
224 0.6517714968152867 0.23035743699555264 0.01731687898089172 0.015977598418711908
160 0.7959792993630573 0.5311316092900675 0.014331210191082803 0.019930818646022072
149 0.7586584394904459 0.7019436666117608 0.014132165605095542 0.014000988305056828
149 0.238953025477707 0.2334870696755065 0.018909235668789808 0.018613078570252017
44 0.4637738853503185 0.30752759018283643 0.02746815286624204 0.017789491022895735
160 0.5356289808917197 0.6641409981881073 0.01751592356687898 0.019436666117608303
224 0.44287420382165604 0.537885027178389 0.015127388535031847 0.01696590347553945
32 0.1773487261146497 0.21487399110525449 0.01950636942675159 0.01696590347553945
118 0.6461982484076433 0.3223521660352495 0.020501592356687897 0.01647175094712568
58 0.8745023885350318 0.6228792620655575 0.01930732484076433 0.02915499917641245
149 0.7035230891719745 0.6244440784055345 0.022093949044585986 0.015154010871355626
118 0.6987460191082803 0.15129303244934936 0.02089968152866242 0.015648163399769394
7 0.2945859872611465 0.3283643551309504 0.01711783439490446 0.01696590347553945
160 0.5 0.3618020095536155 0.018312101910828025 0.020919123702849613
7 0.6700835987261147 0.09084170647339812 0.015326433121019108 0.020919123702849613
99 0.21337579617834396 0.15590512271454457 0.011544585987261146 0.018283643551309504
22 0.28562898089171973 0.23249876461867897 0.01910828025477707 0.017295338494481963
118 0.28403662420382164 0.3099159940701697 0.02308917197452229 0.017295338494481963
32 0.4437699044585987 0.7263218580135068 0.019705414012738853 0.01894251358919453
7 0.7836385350318471 0.7959973645198485 0.020700636942675158 0.018283643551309504
99 0.585390127388535 0.1696590347553945 0.013136942675159236 0.015812880909240653
118 0.6184315286624203 0.28677318398945806 0.022292993630573247 0.017130620985010708
211 0.35300557324840764 0.32704661505518035 0.010947452229299362 0.01630703343765442
44 0.8829617834394905 0.7166035249547027 0.02269108280254777 0.013012683248229287
22 0.7167595541401274 0.6833305880415088 0.016719745222929936 0.018613078570252017
7 0.4856687898089172 0.7076264206885192 0.025079617834394906 0.01746005600395322
211 0.600218949044586 0.2100148245758524 0.014132165605095542 0.017789491022895735
211 0.37420382165605093 0.30818646022072144 0.013136942675159236 0.01910723109866579
22 0.5184116242038217 0.6860484269477846 0.01930732484076433 0.02470762642068852
58 0.7442277070063694 0.3230110360731346 0.020302547770700636 0.017789491022895735
22 0.21476910828025478 0.46186789655740407 0.020700636942675158 0.018448361060780762
224 0.7124800955414012 0.5690166364684566 0.020501592356687897 0.015977598418711908
7 0.8075238853503185 0.8323999341129962 0.013535031847133758 0.01795420853236699
185 0.26940684713375795 0.23282819963762147 0.018909235668789808 0.017295338494481963
224 0.46695859872611467 0.41805303903804975 0.01393312101910828 0.016142315928183167
13 0.42197452229299365 0.5572393345412617 0.021496815286624203 0.01548344589029814
58 0.6749601910828026 0.3968044803162576 0.02269108280254777 0.01811892604183825
99 0.44357085987261147 0.2305221545050239 0.012937898089171975 0.018613078570252017
13 0.6612261146496815 0.6428924394663152 0.016719745222929936 0.018777796079723276
13 0.1721735668789809 0.38354472080382146 0.018710191082802547 0.021248558721792127
13 0.559812898089172 0.643386591994729 0.018113057324840764 0.02042497117443584
118 0.529359076433121 0.7037555592159447 0.020501592356687897 0.015977598418711908
119 0.7733877388535032 0.7013671553286114 0.01731687898089172 0.016801185966068194
106 0.17426353503184713 0.11612584417723604 0.02925955414012739 0.02042497117443584
7 0.5467754777070064 0.7039202767254159 0.020700636942675158 0.01630703343765442
185 0.6874004777070064 0.7015318728380827 0.014132165605095542 0.017130620985010708
7 0.7097929936305732 0.37662658540602867 0.017914012738853503 0.01696590347553945
211 0.43660429936305734 0.24954702684895405 0.00855891719745223 0.016801185966068194
13 0.59375 0.5901828364355131 0.016321656050955414 0.017789491022895735
22 0.6747611464968153 0.7787020260253665 0.018312101910828025 0.017295338494481963
44 0.3625597133757962 0.3800032943501894 0.025278662420382167 0.014824575852413112
99 0.3047372611464968 0.29196178553780266 0.013535031847133758 0.01696590347553945
200 0.37201433121019106 0.2712073793444243 0.01910828025477707 0.016636468456596935
224 0.6404259554140127 0.6086311974962939 0.014530254777070064 0.016142315928183167
118 0.9054538216560509 0.8471421512106737 0.022292993630573247 0.01647175094712568
224 0.19148089171974522 0.5224015812880909 0.019904458598726114 0.017295338494481963
200 0.6442078025477707 0.26750123538132103 0.01572452229299363 0.01647175094712568
200 0.22840366242038215 0.19510788996870368 0.016122611464968153 0.018283643551309504
118 0.6008160828025477 0.26692472409817164 0.023288216560509552 0.017624773513424476
44 0.28861464968152867 0.44267830670400266 0.028264331210191083 0.017295338494481963
22 0.28234474522292996 0.1745182012847966 0.02089968152866242 0.01795420853236699
22 0.28005573248407645 0.46219733157634657 0.014331210191082803 0.015812880909240653
22 0.8815684713375797 0.30060945478504364 0.018312101910828025 0.018777796079723276
119 0.7219347133757962 0.7769724921759184 0.014331210191082803 0.015812880909240653
7 0.8819665605095541 0.4150881238675671 0.025477707006369428 0.017130620985010708
118 0.5198049363057324 0.2291220556745182 0.020501592356687897 0.017789491022895735
200 0.5471735668789809 0.30546862131444574 0.015127388535031847 0.017295338494481963
200 0.32862261146496813 0.3095042002964915 0.017914012738853503 0.017130620985010708
13 0.38923168789808915 0.4202767254159117 0.020103503184713375 0.017295338494481963
7 0.6943670382165605 0.47776313622138034 0.01771496815286624 0.019930818646022072
200 0.6095740445859873 0.5900181189260418 0.014530254777070064 0.018777796079723276
224 0.7215366242038217 0.6428924394663152 0.01592356687898089 0.01811892604183825
185 0.19655652866242038 0.5592159446549169 0.026871019108280256 0.016801185966068194
119 0.17595541401273884 0.25275901828364356 0.01910828025477707 0.019271948608137045
106 0.4605891719745223 0.5367320046120903 0.025079617834394906 0.01696590347553945
22 0.5703622611464968 0.17048262230275077 0.01771496815286624 0.01548344589029814
58 0.2359673566878981 0.3468950749464668 0.032046178343949044 0.017789491022895735
160 0.5043789808917197 0.19074287596771536 0.019904458598726114 0.02009553615549333
22 0.6137539808917197 0.39655740405205075 0.01731687898089172 0.020260253664964586
22 0.5970342356687898 0.6246911546697413 0.020501592356687897 0.017624773513424476
44 0.7359673566878981 0.4351013012683248 0.022492038216560508 0.016636468456596935
185 0.5695660828025477 0.779690331082194 0.01771496815286624 0.021248558721792127
211 0.7246218152866242 0.5870532037555592 0.011345541401273885 0.017130620985010708
119 0.7280055732484076 0.16982375226486576 0.018511146496815286 0.016801185966068194
224 0.5909633757961783 0.34096524460550154 0.01711783439490446 0.015812880909240653
13 0.24462579617834396 0.1942843024213474 0.017914012738853503 0.019271948608137045
211 0.6577428343949044 0.39573381650469447 0.01373407643312102 0.019930818646022072
211 0.4928343949044586 0.37950914182177564 0.009554140127388535 0.014495140833470598
118 0.2262141719745223 0.1162905616867073 0.01731687898089172 0.01746005600395322
44 0.3791799363057325 0.34524789985175425 0.02786624203821656 0.01647175094712568
118 0.6461982484076433 0.7600889474551145 0.02289012738853503 0.020260253664964586
211 0.32046178343949044 0.23282819963762147 0.012738853503184714 0.01795420853236699
200 0.6030055732484076 0.644045462032614 0.01731687898089172 0.018448361060780762
106 0.7208399681528662 0.19148410476033603 0.022492038216560508 0.01795420853236699
7 0.3948049363057325 0.6288090924065228 0.01771496815286624 0.019271948608137045
7 0.49104299363057324 0.3241640586394334 0.018710191082802547 0.018448361060780762
200 0.6883957006369427 0.43576017130620986 0.01214171974522293 0.015977598418711908
118 0.6174363057324841 0.855048591665294 0.023487261146496817 0.017789491022895735
22 0.33976910828025475 0.34409487728545546 0.02109872611464968 0.016142315928183167
110 0.679140127388535 0.322022731016307 0.018312101910828025 0.017789491022895735
7 0.6481886942675159 0.6435513095042003 0.018909235668789808 0.02009553615549333
119 0.6903861464968153 0.6435513095042003 0.016122611464968153 0.019436666117608303
200 0.4627786624203822 0.15219897875144128 0.015127388535031847 0.016801185966068194
110 0.5320461783439491 0.34351836600230606 0.01751592356687898 0.019271948608137045
224 0.21934713375796178 0.25473562839729863 0.01711783439490446 0.019930818646022072
99 0.41779458598726116 0.17221215615219898 0.010748407643312101 0.01960138362707956
119 0.740843949044586 0.17007082852907265 0.016719745222929936 0.017624773513424476
118 0.4471536624203822 0.3615549332894087 0.023288216560509552 0.017789491022895735
224 0.3940087579617834 0.2507824081699885 0.016918789808917197 0.01795420853236699
200 0.5972332802547771 0.37852083676494813 0.016122611464968153 0.015154010871355626
22 0.17714968152866242 0.17600065887003788 0.01751592356687898 0.017624773513424476
7 0.4263535031847134 0.15219897875144128 0.014331210191082803 0.016801185966068194
58 0.3369824840764331 0.3624608795915006 0.026671974522292995 0.01696590347553945
22 0.49721337579617836 0.7808433536484929 0.019904458598726114 0.01630703343765442
185 0.5461783439490446 0.43658375885356615 0.021894904458598725 0.01696590347553945
211 0.7541799363057324 0.7964091582935267 0.009952229299363057 0.01746005600395322
22 0.7359673566878981 0.09133585900181189 0.016520700636942675 0.019930818646022072
110 0.2870222929936306 0.5594630209191237 0.018710191082802547 0.01795420853236699
119 0.6111664012738853 0.2091088782737605 0.016918789808917197 0.01630703343765442
13 0.23974920382165604 0.11472574534673036 0.018511146496815286 0.017295338494481963
7 0.19556130573248406 0.5030472739252182 0.02089968152866242 0.018448361060780762
44 0.5673765923566879 0.43666611760830176 0.02129777070063694 0.01647175094712568
149 0.8799761146496815 0.8063745676165376 0.019904458598726114 0.0205896886839071
118 0.5243829617834395 0.15154010871355625 0.023288216560509552 0.01746005600395322
185 0.47880175159235666 0.49687036732004614 0.016918789808917197 0.01696590347553945
211 0.7709992038216561 0.513506835776643 0.014132165605095542 0.01894251358919453
118 0.4156050955414013 0.4008400592983034 0.020700636942675158 0.015318728380826882
224 0.41052945859872614 0.09446549168176577 0.030055732484076433 0.020919123702849613
22 0.6873009554140127 0.11241970021413276 0.012738853503184714 0.014659858342941855
211 0.31986464968152867 0.21454455608631198 0.011544585987261146 0.01696590347553945
106 0.6382364649681529 0.8368473068687201 0.02129777070063694 0.015318728380826882
22 0.26642117834394907 0.5227310163070334 0.018113057324840764 0.01696590347553945
58 0.6135549363057324 0.6246087959150057 0.02567675159235669 0.013177400757700544
211 0.5366242038216561 0.5160599571734475 0.010748407643312101 0.017130620985010708
176 0.48835589171974525 0.3430242134738923 0.018511146496815286 0.01696590347553945
224 0.7680135350318471 0.3411299621149728 0.016918789808917197 0.016142315928183167
99 0.522093949044586 0.38008565310492504 0.01751592356687898 0.01894251358919453
22 0.4863654458598726 0.21075605336847306 0.01771496815286624 0.01960138362707956
185 0.4098328025477707 0.2308515895239664 0.017914012738853503 0.018613078570252017
118 0.2997611464968153 0.1545873826387745 0.023487261146496817 0.01894251358919453
160 0.7379578025477707 0.7764783396475046 0.01771496815286624 0.01811892604183825
7 0.6285828025477707 0.2099324658211168 0.018710191082802547 0.01795420853236699
32 0.32703025477707004 0.19477845494976115 0.018710191082802547 0.018283643551309504
160 0.6796377388535032 0.190825234722451 0.020103503184713375 0.018613078570252017
22 0.24303343949044587 0.40528743205402734 0.020302547770700636 0.017295338494481963
200 0.3873407643312102 0.3071981551638939 0.016321656050955414 0.018448361060780762
22 0.4782046178343949 0.646928018448361 0.018909235668789808 0.01894251358919453
32 0.6018113057324841 0.7432877614890463 0.018909235668789808 0.020260253664964586
99 0.5465764331210191 0.24888815681106902 0.013136942675159236 0.017789491022895735
160 0.19516321656050956 0.17616537637950913 0.018511146496815286 0.018613078570252017
149 0.26681926751592355 0.29130291549991766 0.021695859872611464 0.017624773513424476
13 0.32902070063694266 0.3814857519354307 0.016321656050955414 0.01647175094712568
7 0.6923765923566879 0.3216109372426289 0.01930732484076433 0.017295338494481963
224 0.529359076433121 0.43666611760830176 0.016520700636942675 0.016801185966068194
185 0.6361464968152867 0.49719980233898864 0.01711783439490446 0.01696590347553945
99 0.5639928343949044 0.49868225992422993 0.015326433121019108 0.018613078570252017
7 0.6202229299363057 0.4761983198814034 0.017914012738853503 0.018777796079723276
211 0.5953423566878981 0.24781749299950584 0.010748407643312101 0.01795420853236699
200 0.18998805732484075 0.3828858507659364 0.016918789808917197 0.016636468456596935
6 0.3335987261146497 0.215203426124197 0.01751592356687898 0.017624773513424476
200 0.45063694267515925 0.43954867402404874 0.020302547770700636 0.020260253664964586
7 0.8835589171974523 0.45091418217756546 0.01910828025477707 0.0205896886839071
224 0.3885350318471338 0.4019107231098666 0.01393312101910828 0.017130620985010708
76 0.45362261146496813 0.4019107231098666 0.020700636942675158 0.02404875638280349
110 0.7291998407643312 0.6047603360237194 0.015326433121019108 0.018613078570252017
211 0.754578025477707 0.663564486904958 0.010748407643312101 0.017624773513424476
22 0.4736265923566879 0.32498764618678966 0.01771496815286624 0.016142315928183167
118 0.6679936305732485 0.6073134574205238 0.019904458598726114 0.016142315928183167
211 0.897890127388535 0.8253170812057322 0.01194267515923567 0.014989293361884369
13 0.5545382165605095 0.1708120573216933 0.016321656050955414 0.01746005600395322
200 0.8817675159235668 0.3372591006423983 0.020302547770700636 0.018613078570252017
58 0.7309912420382165 0.815598748146928 0.023686305732484078 0.017295338494481963
149 0.3535031847133758 0.15631691648822268 0.018710191082802547 0.02207214626914841
200 0.7601512738853503 0.19098995223192225 0.017914012738853503 0.01696590347553945
119 0.19615843949044587 0.3624608795915006 0.020501592356687897 0.01630703343765442
149 0.20919585987261147 0.5769230769230769 0.021496815286624203 0.017295338494481963
119 0.4885549363057325 0.1902487234393016 0.018909235668789808 0.017789491022895735
22 0.679140127388535 0.41722945149069346 0.01751592356687898 0.015154010871355626
118 0.6107683121019108 0.685718991928842 0.020103503184713375 0.019436666117608303
106 0.7166600318471338 0.7021907428759677 0.014530254777070064 0.01746005600395322
32 0.6517714968152867 0.4761983198814034 0.018909235668789808 0.01811892604183825
185 0.3017515923566879 0.09215944654916818 0.02109872611464968 0.018283643551309504
22 0.21815286624203822 0.5956185142480646 0.01711783439490446 0.015812880909240653
200 0.6888933121019108 0.5887003788502718 0.01751592356687898 0.01548344589029814
160 0.2997611464968153 0.1737769724921759 0.014729299363057325 0.018448361060780762
200 0.6793391719745223 0.8153516718827212 0.012340764331210192 0.012189095700873002
44 0.5904657643312102 0.7600889474551145 0.018113057324840764 0.01795420853236699
160 0.7240246815286624 0.7226980728051392 0.020103503184713375 0.01795420853236699
106 0.6955613057324841 0.3412946796244441 0.01771496815286624 0.017130620985010708
22 0.544984076433121 0.644951408334706 0.018710191082802547 0.018283643551309504
211 0.4455613057324841 0.6266677647833965 0.01373407643312102 0.022895733816504695
7 0.6264928343949044 0.6867896557404052 0.019705414012738853 0.020260253664964586
58 0.4465565286624204 0.2879262065557569 0.026871019108280256 0.01746005600395322
224 0.3977906050955414 0.380991599407017 0.01572452229299363 0.01548344589029814
7 0.17784633757961785 0.3626255971009718 0.022093949044585986 0.015977598418711908
6 0.6361464968152867 0.13045626750123537 0.01910828025477707 0.02042497117443584
224 0.710390127388535 0.5160599571734475 0.01592356687898089 0.017130620985010708
7 0.7561703821656051 0.5331905781584583 0.017914012738853503 0.019766101136550817
7 0.5265724522292994 0.3234228298468127 0.018909235668789808 0.019271948608137045
6 0.9150079617834395 0.7540767583594136 0.01751592356687898 0.01746005600395322
22 0.2783638535031847 0.25325317081205734 0.020103503184713375 0.01696590347553945
106 0.479796974522293 0.2300280019766101 0.02289012738853503 0.01630703343765442
211 0.5027866242038217 0.7441113490364025 0.012738853503184714 0.017295338494481963
13 0.2783638535031847 0.3273760500741229 0.020103503184713375 0.017624773513424476
58 0.5893710191082803 0.36007247570416734 0.025079617834394906 0.017789491022895735
200 0.44834792993630573 0.47842200625926534 0.01930732484076433 0.01795420853236699
13 0.5361265923566879 0.26807774666447043 0.020103503184713375 0.0205896886839071
118 0.5374203821656051 0.41887662658540603 0.025079617834394906 0.017130620985010708
106 0.3195660828025478 0.5039532202273102 0.016122611464968153 0.020919123702849613
200 0.5959394904458599 0.8551309504200296 0.01751592356687898 0.019930818646022072
110 0.4122213375796178 0.15285784878932632 0.013136942675159236 0.016801185966068194
149 0.17784633757961785 0.3468950749464668 0.023686305732484078 0.017789491022895735
224 0.762937898089172 0.415335200131774 0.016321656050955414 0.01894251358919453
106 0.18023487261146498 0.13762147916323506 0.023686305732484078 0.019930818646022072
149 0.5397093949044586 0.6078076099489376 0.020501592356687897 0.019766101136550817
118 0.6953622611464968 0.1705649810574864 0.022093949044585986 0.018613078570252017
22 0.7091958598726115 0.6651293032449349 0.016719745222929936 0.017789491022895735
224 0.7282046178343949 0.8552133091747652 0.018113057324840764 0.01811892604183825
58 0.3245421974522293 0.4808104101465986 0.024482484076433123 0.017789491022895735
58 0.5279657643312102 0.3048097512765607 0.0240843949044586 0.01795420853236699
200 0.4312300955414013 0.17262394992587712 0.01771496815286624 0.015812880909240653
149 0.1741640127388535 0.5028001976610114 0.020302547770700636 0.020260253664964586
118 0.439390923566879 0.6882721133256465 0.02129777070063694 0.017624773513424476
13 0.674562101910828 0.11258441772360402 0.017914012738853503 0.01630703343765442
7 0.5752388535031847 0.6452808433536485 0.01910828025477707 0.017624773513424476
22 0.19576035031847133 0.29253829682095206 0.018909235668789808 0.01647175094712568
211 0.39958200636942676 0.4019107231098666 0.008160828025477707 0.017130620985010708
76 0.6449044585987261 0.6661999670564981 0.01552547770700637 0.02157799374073464
160 0.41261942675159236 0.32589359248888156 0.020302547770700636 0.018613078570252017
58 0.9102308917197452 0.5460385438972163 0.020700636942675158 0.02404875638280349
99 0.3057324840764331 0.27310163070334376 0.01393312101910828 0.01811892604183825
110 0.5740445859872612 0.7983857684071817 0.015127388535031847 0.01811892604183825
224 0.5105493630573248 0.5370614396310328 0.017914012738853503 0.01630703343765442
160 0.5531449044585988 0.7438642727721957 0.015127388535031847 0.016801185966068194
224 0.4681528662420382 0.8580958655905123 0.01751592356687898 0.018283643551309504
200 0.5855891719745223 0.47784549497611595 0.018312101910828025 0.01746005600395322
224 0.4879578025477707 0.7441113490364025 0.016918789808917197 0.01795420853236699
211 0.5621019108280255 0.6260912535002471 0.01393312101910828 0.017789491022895735
22 0.2412420382165605 0.4822928677318399 0.01751592356687898 0.01746005600395322
13 0.25019904458598724 0.42414758688848625 0.020302547770700636 0.016801185966068194
99 0.1907842356687898 0.5781584582441114 0.016122611464968153 0.01746005600395322
22 0.2650278662420382 0.44185471915664637 0.020501592356687897 0.01696590347553945
106 0.2585589171974522 0.21281502223686377 0.02428343949044586 0.01746005600395322
200 0.40216958598726116 0.21265030472739252 0.013335987261146497 0.015154010871355626
211 0.33578821656050956 0.27310163070334376 0.011544585987261146 0.016801185966068194
149 0.39798964968152867 0.440372261571405 0.023288216560509552 0.019930818646022072
106 0.5897691082802548 0.5537802668423654 0.018710191082802547 0.01548344589029814
13 0.5027866242038217 0.43658375885356615 0.02388535031847134 0.018283643551309504
7 0.5623009554140127 0.7226980728051392 0.021894904458598725 0.019930818646022072
22 0.6533638535031847 0.35801350683577665 0.01731687898089172 0.017295338494481963
22 0.5798168789808917 0.49785867237687365 0.018710191082802547 0.015648163399769394
7 0.29050557324840764 0.1136550815351672 0.021695859872611464 0.014165705814528085
22 0.46865047770700635 0.2497117443584253 0.020103503184713375 0.019436666117608303
118 0.4368033439490446 0.13309174765277548 0.023686305732484078 0.019436666117608303
224 0.4651671974522293 0.26873661670235544 0.022292993630573247 0.017624773513424476
99 0.6963574840764332 0.6055839235710756 0.01930732484076433 0.017624773513424476
22 0.596437101910828 0.7061439631032779 0.020103503184713375 0.019436666117608303
22 0.5033837579617835 0.3423653434360073 0.017914012738853503 0.017624773513424476
118 0.45163216560509556 0.5744523142810081 0.02388535031847134 0.01894251358919453
211 0.49104299363057324 0.7984681271619173 0.010748407643312101 0.01894251358919453
106 0.4534235668789809 0.19156646351507164 0.021894904458598725 0.015154010871355626
211 0.4820859872611465 0.7616537637950914 0.010748407643312101 0.01746005600395322
200 0.5499601910828026 0.21017954208532366 0.01592356687898089 0.01746005600395322
7 0.23218550955414013 0.36443748970515566 0.018909235668789808 0.017624773513424476
106 0.4104299363057325 0.5183660023060451 0.026273885350318472 0.02042497117443584
118 0.6218152866242038 0.22953384944819635 0.01950636942675159 0.01630703343765442
185 0.42356687898089174 0.2693954867402405 0.022292993630573247 0.017624773513424476
44 0.34136146496815284 0.29014989293361887 0.025079617834394906 0.015977598418711908
58 0.5384156050955414 0.7994564322187449 0.024681528662420384 0.017624773513424476
118 0.6593351910828026 0.7048262230275079 0.018113057324840764 0.021083841212320868
149 0.1790406050955414 0.1586229616208203 0.02129777070063694 0.019436666117608303
99 0.2565684713375796 0.4808104101465986 0.013136942675159236 0.01910723109866579
224 0.5204020700636943 0.4992587712073793 0.01930732484076433 0.016142315928183167
224 0.7152667197452229 0.1322681601054192 0.018511146496815286 0.017789491022895735
149 0.6440087579617835 0.5162246746829188 0.021695859872611464 0.016801185966068194
211 0.2633359872611465 0.5030472739252182 0.01393312101910828 0.018448361060780762
176 0.5519506369426752 0.47702190742875966 0.020700636942675158 0.017789491022895735
110 0.5637937898089171 0.7039202767254159 0.01930732484076433 0.01630703343765442
7 0.45919585987261147 0.45799703508482953 0.019904458598726114 0.02157799374073464
211 0.45531449044585987 0.49810574864108054 0.023686305732484078 0.018448361060780762
7 0.7399482484076433 0.8346236204908581 0.018511146496815286 0.01811892604183825
7 0.2783638535031847 0.21355625102948445 0.018511146496815286 0.020260253664964586
58 0.6981488853503185 0.1911546697413935 0.020501592356687897 0.018613078570252017
99 0.2923964968152866 0.21355625102948445 0.011146496815286623 0.01894251358919453
22 0.34683519108280253 0.4817987152034261 0.02089968152866242 0.017789491022895735
211 0.4098328025477707 0.459891286443749 0.012340764331210192 0.01910723109866579
211 0.5712579617834395 0.5711579640915829 0.011146496815286623 0.018283643551309504
224 0.748109076433121 0.13127985504859166 0.021695859872611464 0.018777796079723276
13 0.615843949044586 0.7056498105748641 0.019904458598726114 0.018448361060780762
211 0.4247611464968153 0.3814857519354307 0.009554140127388535 0.01647175094712568
99 0.3688296178343949 0.23126338329764454 0.01950636942675159 0.019436666117608303
200 0.5155254777070064 0.6252676659528907 0.016321656050955414 0.01746005600395322
22 0.3981886942675159 0.15376379509141821 0.01572452229299363 0.01795420853236699
211 0.2242237261146497 0.2332399934112996 0.011743630573248409 0.017130620985010708
224 0.6071855095541401 0.5717344753747323 0.015326433121019108 0.016142315928183167
200 0.25736464968152867 0.5593806621643881 0.01950636942675159 0.017130620985010708
22 0.42436305732484075 0.2890792291220557 0.018312101910828025 0.017789491022895735
99 0.36365445859872614 0.25160599571734477 0.014331210191082803 0.018283643551309504
13 0.8773885350318471 0.5302256629879756 0.017914012738853503 0.014165705814528085
118 0.2158638535031847 0.540108713556251 0.028861464968152867 0.015812880909240653
224 0.6259952229299363 0.6071487399110526 0.015127388535031847 0.014495140833470598
13 0.6353503184713376 0.816916488222698 0.017914012738853503 0.019930818646022072
200 0.525577229299363 0.8375061769066052 0.01771496815286624 0.014659858342941855
58 0.4290406050955414 0.47842200625926534 0.026871019108280256 0.018613078570252017
200 0.5653861464968153 0.3781914017460056 0.01731687898089172 0.014495140833470598
7 0.8825636942675159 0.16554109701861308 0.020302547770700636 0.027013671553286114
118 0.7672173566878981 0.2103442595947949 0.024880573248407645 0.014495140833470598
224 0.5466759554140127 0.6652940207544062 0.014928343949044586 0.02207214626914841
200 0.4287420382165605 0.3622961620820293 0.016719745222929936 0.01795420853236699
22 0.7048168789808917 0.7211332564651622 0.016719745222929936 0.017789491022895735
7 0.541202229299363 0.17048262230275077 0.019904458598726114 0.016801185966068194
99 0.460390127388535 0.7438642727721957 0.014331210191082803 0.01548344589029814
224 0.5509554140127388 0.39828693790149894 0.01552547770700637 0.01548344589029814
143 0.5039808917197452 0.2111678471421512 0.021496815286624203 0.01811892604183825
7 0.5132364649681529 0.8183989458079394 0.016918789808917197 0.018283643551309504
22 0.7291998407643312 0.1514577499588206 0.018511146496815286 0.01795420853236699
22 0.899781050955414 0.5122714544556086 0.018909235668789808 0.016801185966068194
22 0.556827229299363 0.41805303903804975 0.016918789808917197 0.018777796079723276
32 0.44177945859872614 0.457667600065887 0.018113057324840764 0.01894251358919453
58 0.520203025477707 0.3607313457420524 0.02129777070063694 0.016142315928183167
118 0.6868033439490446 0.24872343930159777 0.023288216560509552 0.01811892604183825
22 0.5051751592356688 0.7997858672376874 0.01592356687898089 0.01630703343765442
99 0.21397292993630573 0.1957667600065887 0.013535031847133758 0.018283643551309504
22 0.734375 0.41574699390545217 0.016918789808917197 0.01746005600395322
13 0.2444267515923567 0.3273760500741229 0.018312101910828025 0.017624773513424476
224 0.44257563694267515 0.3065392851260089 0.018113057324840764 0.017789491022895735
13 0.17137738853503184 0.540108713556251 0.026273885350318472 0.016801185966068194
99 0.5631966560509554 0.190825234722451 0.014530254777070064 0.017295338494481963
149 0.3034434713375796 0.42381815186954375 0.022093949044585986 0.01746005600395322
118 0.47959792993630573 0.725168835447208 0.022492038216560508 0.015977598418711908
13 0.4592953821656051 0.6673529896227969 0.02289012738853503 0.01630703343765442
119 0.5069665605095541 0.39943996046779773 0.02109872611464968 0.015154010871355626
7 0.8825636942675159 0.31864602207214626 0.018710191082802547 0.017295338494481963
22 0.7824442675159236 0.5315434030637457 0.014331210191082803 0.017789491022895735
211 0.2484076433121019 0.29295009059463023 0.009554140127388535 0.01894251358919453
44 0.53015525477707 0.39943996046779773 0.025278662420382167 0.014495140833470598
99 0.43859474522292996 0.41978257288749793 0.011743630573248409 0.017624773513424476
7 0.580812101910828 0.5902651951902487 0.016719745222929936 0.018613078570252017
99 0.664609872611465 0.41755888650963596 0.013136942675159236 0.015154010871355626
22 0.30095541401273884 0.5040355789820458 0.021894904458598725 0.01910723109866579
224 0.19844745222929935 0.46293856036896724 0.01751592356687898 0.016636468456596935
211 0.5249800955414012 0.5718168341294679 0.011743630573248409 0.01696590347553945
211 0.5166202229299363 0.3433536484928348 0.013335987261146497 0.01894251358919453
106 0.4505374203821656 0.2507824081699885 0.020103503184713375 0.018283643551309504
200 0.5612062101910829 0.24781749299950584 0.01771496815286624 0.017295338494481963
149 0.6078821656050956 0.555180365672871 0.021894904458598725 0.017295338494481963
143 0.7209394904458599 0.4150881238675671 0.017914012738853503 0.016142315928183167
13 0.5622014331210191 0.6071487399110526 0.01930732484076433 0.014824575852413112
224 0.696656050955414 0.5705814528084335 0.01711783439490446 0.015812880909240653
7 0.2627388535031847 0.3272113325646516 0.01751592356687898 0.01795420853236699
6 0.6634156050955414 0.515730522154505 0.01711783439490446 0.017130620985010708
76 0.540406050955414 0.7252511942019436 0.022292993630573247 0.027343106572228628
32 0.8825636942675159 0.4342777137209685 0.01711783439490446 0.021248558721792127
22 0.22581608280254778 0.17550650634162412 0.018909235668789808 0.01795420853236699
13 0.7295979299363057 0.10978422006259266 0.020501592356687897 0.014659858342941855
106 0.30035828025477707 0.381650469444902 0.021496815286624203 0.016142315928183167
118 0.2432324840764331 0.1751770713226816 0.021496815286624203 0.017295338494481963
13 0.533140923566879 0.6853071981551639 0.01771496815286624 0.018613078570252017
7 0.5586186305732485 0.32383462362049087 0.01731687898089172 0.017789491022895735
22 0.725218949044586 0.5140833470597924 0.016918789808917197 0.017130620985010708
7 0.5081608280254777 0.5911711414923406 0.020302547770700636 0.01647175094712568
110 0.4576035031847134 0.6881073958161753 0.01910828025477707 0.01795420853236699
211 0.5011942675159236 0.24921759183001152 0.010350318471337579 0.01811892604183825
7 0.591062898089172 0.6856366331741064 0.01930732484076433 0.018283643551309504
6 0.4893511146496815 0.8375061769066052 0.022093949044585986 0.014659858342941855
149 0.26283837579617836 0.3472245099654093 0.0240843949044586 0.017789491022895735
22 0.3031449044585987 0.3634491846483281 0.018312101910828025 0.01630703343765442
200 0.5437898089171974 0.15121067369461375 0.016321656050955414 0.01811892604183825
118 0.7573646496815286 0.8339647504529731 0.018710191082802547 0.01746005600395322
44 0.601015127388535 0.22920441442925382 0.025278662420382167 0.01630703343765442
200 0.3769904458598726 0.251111843188931 0.016321656050955414 0.017295338494481963
6 0.7652269108280255 0.6631526931312799 0.01930732484076433 0.014495140833470598
32 0.6038017515923567 0.47636303739087466 0.019705414012738853 0.01910723109866579
7 0.4138136942675159 0.13465656399275244 0.02109872611464968 0.017295338494481963
7 0.7422372611464968 0.2291220556745182 0.017914012738853503 0.01548344589029814
149 0.898984872611465 0.5303903804974469 0.020103503184713375 0.016801185966068194
99 0.7392515923566879 0.3410476033602372 0.012738853503184714 0.017624773513424476
7 0.884156050955414 0.14075111184318892 0.016321656050955414 0.021907428759677154
22 0.40475716560509556 0.2702190742875968 0.01771496815286624 0.016636468456596935
149 0.2412420382165605 0.15606984022401582 0.021496815286624203 0.019930818646022072
7 0.4265525477707006 0.5382968209520672 0.020302547770700636 0.015154010871355626
22 0.5828025477707006 0.22895733816504693 0.016719745222929936 0.013177400757700544
110 0.6763535031847133 0.4352660187777961 0.013535031847133758 0.014989293361884369
58 0.7541799363057324 0.5130126832482292 0.023487261146496817 0.01795420853236699
224 0.5337380573248408 0.6250205896886839 0.020103503184713375 0.01894251358919453
224 0.6087778662420382 0.7616537637950914 0.015326433121019108 0.017130620985010708
22 0.6117635350318471 0.49719980233898864 0.014132165605095542 0.018283643551309504
224 0.7422372611464968 0.7214626914841048 0.018710191082802547 0.019436666117608303
7 0.6513734076433121 0.24699390545214955 0.01731687898089172 0.01696590347553945
44 0.7882165605095541 0.10624279360896063 0.028264331210191083 0.025037061439631032
119 0.6656050955414012 0.28553780266842366 0.01751592356687898 0.01894251358919453
160 0.6030055732484076 0.4544556086311975 0.018113057324840764 0.017789491022895735
32 0.4869625796178344 0.30588041508812386 0.02129777070063694 0.01647175094712568
13 0.24621815286624205 0.5774995882062263 0.018710191082802547 0.016142315928183167
211 0.6220143312101911 0.5909240652281338 0.011146496815286623 0.01795420853236699
160 0.4148089171974522 0.6278207873496953 0.021496815286624203 0.0205896886839071
110 0.4568073248407643 0.32531708120573216 0.019904458598726114 0.016801185966068194
58 0.6388335987261147 0.14989293361884368 0.01930732484076433 0.01746005600395322
76 0.5481687898089171 0.49818810739581615 0.018710191082802547 0.024872343930159777
211 0.5280652866242038 0.8194696096195025 0.011146496815286623 0.016801185966068194
13 0.7406449044585988 0.24748805798056334 0.01552547770700637 0.01795420853236699
224 0.4552149681528662 0.5184483610607807 0.020700636942675158 0.015977598418711908
7 0.28015525477707004 0.15409323011036072 0.018909235668789808 0.019271948608137045
7 0.2470143312101911 0.3827211332564652 0.020302547770700636 0.01630703343765442
160 0.2636345541401274 0.36443748970515566 0.01771496815286624 0.01696590347553945
211 0.7478105095541401 0.37901498929336186 0.011544585987261146 0.018777796079723276
22 0.4109275477707006 0.4973645198484599 0.022492038216560508 0.01894251358919453
58 0.26283837579617836 0.40454620326140667 0.028861464968152867 0.017130620985010708
118 0.7819466560509554 0.1690825234722451 0.0240843949044586 0.01894251358919453
149 0.6040007961783439 0.436171965079888 0.01930732484076433 0.01746005600395322
211 0.4510350318471338 0.3808268818975457 0.013136942675159236 0.01647175094712568
211 0.645203025477707 0.7789491022895734 0.008160828025477707 0.015812880909240653
118 0.45262738853503187 0.8183989458079394 0.021894904458598725 0.018283643551309504
211 0.1897890127388535 0.31189260418382475 0.011743630573248409 0.016636468456596935
58 0.2070063694267516 0.3109042991269972 0.026671974522292995 0.018613078570252017
200 0.5630971337579618 0.6657881732828199 0.018710191082802547 0.019436666117608303
99 0.3169785031847134 0.3642727721956844 0.01572452229299363 0.017295338494481963
22 0.7018312101910829 0.5340141657058145 0.01711783439490446 0.016801185966068194
106 0.7531847133757962 0.815598748146928 0.021496815286624203 0.018613078570252017
106 0.6907842356687898 0.6637292044144293 0.020103503184713375 0.01795420853236699
7 0.5784235668789809 0.1904957997035085 0.01592356687898089 0.015977598418711908
118 0.3714171974522293 0.32647010377203095 0.02428343949044586 0.017130620985010708
224 0.7179538216560509 0.6239499258771207 0.010350318471337579 0.017130620985010708
22 0.4573049363057325 0.13259759512436173 0.023686305732484078 0.021413276231263382
118 0.6628184713375797 0.37712073793444245 0.021496815286624203 0.016636468456596935
200 0.769406847133758 0.815598748146928 0.01572452229299363 0.015977598418711908
211 0.9148089171974523 0.7350518860154834 0.010748407643312101 0.018283643551309504
13 0.7147691082802548 0.1514577499588206 0.013535031847133758 0.016636468456596935
7 0.677547770700637 0.3402240158128809 0.01751592356687898 0.015977598418711908
118 0.5078622611464968 0.8573546367978916 0.020501592356687897 0.021083841212320868
200 0.665406050955414 0.43576017130620986 0.014729299363057325 0.015977598418711908
22 0.5695660828025477 0.35974304068522484 0.016122611464968153 0.016801185966068194
185 0.6834195859872612 0.2836435513095042 0.01572452229299363 0.01746005600395322
22 0.3358877388535032 0.500905946302092 0.020103503184713375 0.021083841212320868
200 0.435609076433121 0.4003459067698896 0.015326433121019108 0.015648163399769394
200 0.4726313694267516 0.19189589853401418 0.018113057324840764 0.017789491022895735
22 0.24980095541401273 0.5027178389062757 0.020302547770700636 0.01647175094712568
13 0.6269904458598726 0.30489211003129635 0.017914012738853503 0.01647175094712568
6 0.5251791401273885 0.5901828364355131 0.01771496815286624 0.01647175094712568
200 0.6330613057324841 0.7066381156316917 0.024482484076433123 0.018777796079723276
22 0.7111863057324841 0.35883709438313294 0.01592356687898089 0.01630703343765442
200 0.628781847133758 0.7422170976774831 0.012738853503184714 0.016801185966068194
22 0.17535828025477707 0.3288585076593642 0.018710191082802547 0.017295338494481963
160 0.7008359872611465 0.43608960632515237 0.016719745222929936 0.01795420853236699
211 0.6626194267515924 0.5536155493328941 0.012738853503184714 0.01910723109866579
160 0.383359872611465 0.11579640915829352 0.01910828025477707 0.018448361060780762
119 0.7771695859872612 0.8529896227969033 0.020103503184713375 0.01795420853236699
7 0.6432125796178344 0.3781914017460056 0.020103503184713375 0.017789491022895735
7 0.1773487261146497 0.4437489705155658 0.01950636942675159 0.017789491022895735
200 0.4508359872611465 0.779690331082194 0.01592356687898089 0.015318728380826882
185 0.4756170382165605 0.7988799209355955 0.020103503184713375 0.017130620985010708
211 0.7243232484076433 0.3781914017460056 0.009554140127388535 0.017789491022895735
200 0.23417595541401273 0.25308845330258606 0.01731687898089172 0.017295338494481963
200 0.44018710191082805 0.08985340141657058 0.026871019108280256 0.01795420853236699
211 0.49781050955414013 0.45832647010377203 0.009952229299363057 0.01960138362707956
211 0.2135748407643312 0.3472245099654093 0.012738853503184714 0.015812880909240653
200 0.22840366242038215 0.5778290232251688 0.01771496815286624 0.016801185966068194
149 0.1933718152866242 0.5382968209520672 0.02129777070063694 0.01548344589029814
99 0.5610071656050956 0.30612749135233075 0.011743630573248409 0.01795420853236699
160 0.7827428343949044 0.8152693131279855 0.02089968152866242 0.019930818646022072
7 0.5 0.2296985669576676 0.01910828025477707 0.01894251358919453
22 0.6515724522292994 0.4162411464338659 0.016122611464968153 0.015812880909240653
7 0.7064092356687898 0.24781749299950584 0.016719745222929936 0.01795420853236699
149 0.6061902866242038 0.72475704167353 0.018113057324840764 0.015812880909240653
13 0.520203025477707 0.7990446384450667 0.014928343949044586 0.01548344589029814
7 0.5125398089171974 0.24888815681106902 0.016321656050955414 0.01811892604183825
200 0.28990843949044587 0.13498599901169495 0.016520700636942675 0.019930818646022072
99 0.22213375796178345 0.21470927359578323 0.012340764331210192 0.016636468456596935
13 0.3869426751592357 0.270383791797068 0.017914012738853503 0.01696590347553945
211 0.4729299363057325 0.45816175259430075 0.008359872611464968 0.021248558721792127
224 0.6656050955414012 0.816916488222698 0.015127388535031847 0.014659858342941855
58 0.8851512738853503 0.7888321528578488 0.02388535031847134 0.017789491022895735
160 0.4768113057324841 0.15203426124197003 0.016122611464968153 0.017130620985010708
211 0.6226114649681529 0.4973645198484599 0.009156050955414012 0.017295338494481963
7 0.22671178343949044 0.4228298468127162 0.020700636942675158 0.01746005600395322
7 0.54796974522293 0.2674188766265854 0.019904458598726114 0.019271948608137045
119 0.5604100318471338 0.8164223356942844 0.01930732484076433 0.01894251358919453
118 0.2464171974522293 0.5219897875144128 0.02308917197452229 0.01746005600395322
149 0.5299562101910829 0.28660846647998683 0.023288216560509552 0.016142315928183167
118 0.3187699044585987 0.34557733487069675 0.022492038216560508 0.018448361060780762
224 0.7674164012738853 0.26610113655081535 0.014928343949044586 0.015977598418711908
200 0.6897890127388535 0.6252676659528907 0.014928343949044586 0.015154010871355626
7 0.5364251592356688 0.3801680118596607 0.016321656050955414 0.02009553615549333
211 0.8931130573248408 0.5478504365014001 0.01552547770700637 0.01548344589029814
118 0.29936305732484075 0.2522648657552298 0.025079617834394906 0.01696590347553945
185 0.1969546178343949 0.5966891780596277 0.024482484076433123 0.015318728380826882
106 0.3466361464968153 0.25127656069840226 0.023686305732484078 0.01630703343765442
99 0.30941480891719747 0.32729369131938724 0.016520700636942675 0.01548344589029814
149 0.5536425159235668 0.28619667270630866 0.02567675159235669 0.018283643551309504
118 0.45063694267515925 0.17229451490693462 0.023487261146496817 0.017789491022895735
224 0.24781050955414013 0.3631197496293856 0.018710191082802547 0.01696590347553945
118 0.6178343949044586 0.816916488222698 0.02109872611464968 0.01795420853236699
22 0.5360270700636943 0.7450172953384945 0.01552547770700637 0.018448361060780762
7 0.6396297770700637 0.7235216603524954 0.01930732484076433 0.017295338494481963
99 0.6481886942675159 0.45659693625432385 0.011743630573248409 0.018777796079723276
176 0.4810907643312102 0.10821940372261571 0.026273885350318472 0.02207214626914841
7 0.7575636942675159 0.24666447043320705 0.019904458598726114 0.01960138362707956
7 0.7517914012738853 0.34038873332235214 0.016321656050955414 0.01630703343765442
76 0.39619824840764334 0.193707791138198 0.024482484076433123 0.02767254159117114
211 0.43859474522292996 0.7815022236863779 0.010151273885350318 0.018283643551309504
119 0.6860071656050956 0.3039861637292044 0.016918789808917197 0.01960138362707956
211 0.589171974522293 0.6448690495799704 0.012738853503184714 0.01746005600395322
200 0.20203025477707007 0.4057815845824411 0.016719745222929936 0.01630703343765442
44 0.1816281847133758 0.42538296820952065 0.027269108280254778 0.019271948608137045
7 0.5289609872611465 0.8545544391368802 0.01731687898089172 0.019436666117608303
106 0.4994028662420382 0.47735134244770216 0.02109872611464968 0.01647175094712568
211 0.6841162420382165 0.09108878273760501 0.010350318471337579 0.019436666117608303
44 0.6275875796178344 0.3231757535826058 0.026273885350318472 0.014824575852413112
149 0.6020103503184714 0.16949431724592323 0.020103503184713375 0.016142315928183167
7 0.4352109872611465 0.5189425135891945 0.01930732484076433 0.01630703343765442
22 0.6365445859872612 0.2853730851589524 0.012340764331210192 0.017295338494481963
185 0.6709792993630573 0.853730851589524 0.01950636942675159 0.017789491022895735
22 0.6982484076433121 0.09108878273760501 0.01910828025477707 0.019436666117608303
7 0.4403861464968153 0.3425300609454785 0.020103503184713375 0.017295338494481963
224 0.7551751592356688 0.4758688848624609 0.012738853503184714 0.018777796079723276
99 0.45561305732484075 0.3431889309833635 0.015127388535031847 0.016636468456596935
211 0.5384156050955414 0.8380003294350189 0.009554140127388535 0.01630703343765442
22 0.48039410828025475 0.3800032943501894 0.014530254777070064 0.016142315928183167
7 0.17814490445859874 0.19543732498764618 0.017914012738853503 0.01894251358919453
7 0.7121815286624203 0.16982375226486576 0.01393312101910828 0.014824575852413112
211 0.6807324840764332 0.266842365343436 0.010350318471337579 0.015812880909240653
118 0.6870023885350318 0.7219568440125186 0.022093949044585986 0.01746005600395322
58 0.5582205414012739 0.5163893921923901 0.025278662420382167 0.015812880909240653
118 0.2226313694267516 0.4056992258277055 0.02129777070063694 0.01548344589029814
160 0.7488057324840764 0.4159117114149234 0.013535031847133758 0.018448361060780762
13 0.5945461783439491 0.5147422170976775 0.017914012738853503 0.017130620985010708
224 0.6677945859872612 0.266842365343436 0.018710191082802547 0.015812880909240653
119 0.35638933121019106 0.34557733487069675 0.01930732484076433 0.017789491022895735
185 0.5398089171974523 0.5715697578652611 0.021894904458598725 0.01647175094712568
106 0.6414211783439491 0.5709108878273761 0.020501592356687897 0.01647175094712568
119 0.6667993630573248 0.19148410476033603 0.018312101910828025 0.017295338494481963
176 0.2317874203821656 0.4622796903310822 0.020501592356687897 0.018613078570252017
13 0.6430135350318471 0.39598089276890136 0.023288216560509552 0.019436666117608303
200 0.2467157643312102 0.09290067534178884 0.019705414012738853 0.02207214626914841
224 0.6555533439490446 0.3037390874649975 0.01771496815286624 0.016142315928183167
200 0.791202229299363 0.7586064898698731 0.01910828025477707 0.02256629879756218
118 0.7553742038216561 0.4352660187777961 0.018710191082802547 0.017624773513424476
224 0.41062898089171973 0.537226157140504 0.018710191082802547 0.015977598418711908
118 0.7220342356687898 0.21182671718003623 0.02567675159235669 0.019436666117608303
13 0.6194267515923567 0.45634985999011696 0.016321656050955414 0.020260253664964586
224 0.9299363057324841 0.7735957832317575 0.025079617834394906 0.020919123702849613
7 0.2611464968152866 0.19329599736451986 0.018312101910828025 0.018613078570252017
200 0.22790605095541402 0.5227310163070334 0.016321656050955414 0.01696590347553945
13 0.6677945859872612 0.7586064898698731 0.018710191082802547 0.01894251358919453
58 0.45820063694267515 0.6477516059957173 0.025079617834394906 0.019271948608137045
200 0.7345740445859873 0.37712073793444245 0.014928343949044586 0.016636468456596935
224 0.7551751592356688 0.684401251853072 0.012738853503184714 0.01647175094712568
119 0.19396894904458598 0.44416076428924395 0.02089968152866242 0.020260253664964586
99 0.6168391719745223 0.7432877614890463 0.01194267515923567 0.01960138362707956
149 0.32275079617834396 0.2522648657552298 0.024880573248407645 0.018283643551309504
58 0.4961186305732484 0.6868720144951408 0.027269108280254778 0.021742711250205896
119 0.214171974522293 0.3634491846483281 0.02109872611464968 0.017624773513424476
13 0.5999203821656051 0.3972986328446714 0.01751592356687898 0.018448361060780762
200 0.28403662420382164 0.40471092077087795 0.01751592356687898 0.016142315928183167
160 0.37360668789808915 0.4190413440948773 0.009554140127388535 0.016801185966068194
13 0.7965764331210191 0.8319881403393181 0.01393312101910828 0.016801185966068194
200 0.4029657643312102 0.5583923571075605 0.018113057324840764 0.019766101136550817
149 0.5023885350318471 0.16957667600065887 0.022292993630573247 0.01795420853236699
211 0.5828025477707006 0.8540602866084664 0.01194267515923567 0.017130620985010708
224 0.5360270700636943 0.47751605995717344 0.01751592356687898 0.01811892604183825
149 0.29339171974522293 0.19239005106242793 0.020302547770700636 0.016801185966068194
160 0.725218949044586 0.35916652940207544 0.018511146496815286 0.018283643551309504
211 0.4629777070063694 0.4794103113160929 0.012340764331210192 0.0205896886839071
119 0.6959593949044586 0.8164223356942844 0.020103503184713375 0.020260253664964586
119 0.6694864649681529 0.13103277878438477 0.014132165605095542 0.018283643551309504
106 0.19416799363057324 0.32787020260253663 0.02129777070063694 0.017295338494481963
7 0.5810111464968153 0.26667764783396475 0.01711783439490446 0.016142315928183167
149 0.4029657643312102 0.5746170317904793 0.018113057324840764 0.017295338494481963
58 0.2559713375796178 0.25292373579311483 0.02786624203821656 0.017624773513424476
200 0.6410230891719745 0.30505682754076757 0.01572452229299363 0.01548344589029814
211 0.2721934713375796 0.595536155493329 0.011743630573248409 0.017624773513424476
211 0.7157643312101911 0.854389721627409 0.010748407643312101 0.017789491022895735
22 0.5217953821656051 0.2105089771042662 0.01731687898089172 0.016142315928183167
13 0.7666202229299363 0.6820128479657388 0.01572452229299363 0.01795420853236699
13 0.8736066878980892 0.5476033602371932 0.020302547770700636 0.014659858342941855
118 0.4330214968152866 0.3239993411299621 0.022093949044585986 0.016801185966068194
224 0.2828423566878981 0.3465656399275243 0.019904458598726114 0.017130620985010708
7 0.6675955414012739 0.722945149069346 0.020700636942675158 0.016142315928183167
211 0.1917794585987261 0.25341788832152856 0.014928343949044586 0.019271948608137045
118 0.37121815286624205 0.3621314445725581 0.021496815286624203 0.01960138362707956
7 0.2870222929936306 0.5961126667764783 0.01950636942675159 0.01548344589029814
13 0.3218550955414013 0.40240487563828037 0.016321656050955414 0.01811892604183825
7 0.5079617834394905 0.5167188272113326 0.01592356687898089 0.017130620985010708
22 0.2544785031847134 0.5412617361225498 0.018113057324840764 0.01910723109866579
6 0.5123407643312102 0.5550156481633998 0.01751592356687898 0.017295338494481963
224 0.4009753184713376 0.11423159281831659 0.018511146496815286 0.018283643551309504
32 0.5079617834394905 0.3801680118596607 0.019904458598726114 0.017130620985010708
7 0.5414012738853503 0.589523966397628 0.01711783439490446 0.01910723109866579
58 0.38067277070063693 0.154257947619832 0.016918789808917197 0.020919123702849613
149 0.17257165605095542 0.5971833305880415 0.023487261146496817 0.01894251358919453
185 0.2294984076433121 0.13605666282325812 0.02109872611464968 0.016801185966068194
22 0.6396297770700637 0.1705649810574864 0.01771496815286624 0.018613078570252017
211 0.40226910828025475 0.3624608795915006 0.009952229299363057 0.018283643551309504
200 0.6602308917197452 0.4567616537637951 0.01711783439490446 0.018448361060780762
58 0.31200238853503187 0.11447866908252347 0.028861464968152867 0.018777796079723276
119 0.49701433121019106 0.6457749958820622 0.020302547770700636 0.018613078570252017
118 0.7994625796178344 0.6856366331741064 0.01930732484076433 0.017295338494481963
76 0.613156847133758 0.37901498929336186 0.018511146496815286 0.02767254159117114
118 0.6071855095541401 0.7983857684071817 0.02089968152866242 0.01746005600395322
22 0.47283041401273884 0.34351836600230606 0.020103503184713375 0.016636468456596935
160 0.3948049363057325 0.6506341624114643 0.022492038216560508 0.015812880909240653
149 0.19934315286624205 0.4803986163729204 0.02607484076433121 0.0205896886839071
118 0.3034434713375796 0.40405205073299294 0.02129777070063694 0.016801185966068194
106 0.4328224522292994 0.497117443584253 0.02129777070063694 0.018448361060780762
149 0.443968949044586 0.2692307692307692 0.021695859872611464 0.015977598418711908
185 0.26054936305732485 0.15351671882721132 0.021894904458598725 0.016801185966068194
44 0.36962579617834396 0.40273431065722287 0.026273885350318472 0.01548344589029814
22 0.7424363057324841 0.551638939219239 0.01592356687898089 0.017789491022895735
44 0.5806130573248408 0.30489211003129635 0.025079617834394906 0.015812880909240653
22 0.6887937898089171 0.8529896227969033 0.018511146496815286 0.018613078570252017
32 0.4017714968152866 0.17311810245429088 0.02289012738853503 0.01746005600395322
224 0.24761146496815287 0.3096689178059628 0.01592356687898089 0.014824575852413112
224 0.34802945859872614 0.40273431065722287 0.015326433121019108 0.016142315928183167
106 0.3543988853503185 0.27161917311810246 0.023288216560509552 0.01647175094712568
160 0.3088176751592357 0.13597430406852248 0.018511146496815286 0.01894251358919453
118 0.6865047770700637 0.796985669576676 0.019904458598726114 0.01795420853236699
58 0.6491839171974523 0.7983857684071817 0.022492038216560508 0.016801185966068194
149 0.40515525477707004 0.47726898369296655 0.022492038216560508 0.018283643551309504
149 0.8802746815286624 0.5102948443419536 0.015326433121019108 0.01746005600395322
149 0.32255175159235666 0.09084170647339812 0.021695859872611464 0.019930818646022072
118 0.48656449044585987 0.5915005765112832 0.025278662420382167 0.015812880909240653
149 0.5184116242038217 0.6437160270136716 0.022492038216560508 0.017789491022895735
7 0.6638136942675159 0.32062263218580134 0.014729299363057325 0.018613078570252017
99 0.7179538216560509 0.28636139021577994 0.013535031847133758 0.018613078570252017
149 0.5180135350318471 0.41739416900016474 0.01771496815286624 0.01746005600395322
106 0.21496815286624205 0.5034590676988964 0.023487261146496817 0.0205896886839071
106 0.4958200636942675 0.6255147422170977 0.02308917197452229 0.01696590347553945
200 0.45163216560509556 0.4206061604348542 0.013535031847133758 0.016636468456596935
22 0.475218949044586 0.6881073958161753 0.020103503184713375 0.019930818646022072
13 0.7615445859872612 0.853730851589524 0.01751592356687898 0.01647175094712568
118 0.6738654458598726 0.6245264371602701 0.016918789808917197 0.014330423323999341
13 0.27358678343949044 0.48130456267501237 0.018511146496815286 0.018777796079723276
22 0.6827229299363057 0.5709932465821117 0.018710191082802547 0.015318728380826882
119 0.7016321656050956 0.3039861637292044 0.018312101910828025 0.017624773513424476
110 0.6363455414012739 0.4167352989622797 0.016719745222929936 0.016801185966068194
7 0.6424164012738853 0.4355954537967386 0.021695859872611464 0.018283643551309504
224 0.20501592356687898 0.4260418382474057 0.01711783439490446 0.019271948608137045
58 0.5012937898089171 0.2693131279855049 0.024482484076433123 0.02009553615549333
176 0.6955613057324841 0.37662658540602867 0.015326433121019108 0.015648163399769394
211 0.6523686305732485 0.6078076099489376 0.011345541401273885 0.01647175094712568
118 0.7109872611464968 0.47702190742875966 0.021894904458598725 0.02042497117443584
13 0.22780652866242038 0.093971339153352 0.026871019108280256 0.019930818646022072
58 0.7465167197452229 0.11134903640256959 0.023686305732484078 0.016801185966068194
106 0.28075238853503187 0.503541426453632 0.023288216560509552 0.02009553615549333
22 0.4651671974522293 0.5914182177565476 0.01751592356687898 0.01630703343765442
200 0.4225716560509554 0.21133256465162248 0.01552547770700637 0.014495140833470598
160 0.6174363057324841 0.34005929830340964 0.018710191082802547 0.01696590347553945
200 0.3047372611464968 0.2131444572558063 0.016719745222929936 0.01746005600395322
149 0.5665804140127388 0.5345906769889639 0.022093949044585986 0.017295338494481963
211 0.6353503184713376 0.47809257124032284 0.01393312101910828 0.019930818646022072
118 0.5093550955414012 0.32292867731839897 0.020302547770700636 0.017624773513424476
13 0.39022691082802546 0.3618843683083512 0.01572452229299363 0.01647175094712568
160 0.6521695859872612 0.8535661340800527 0.01731687898089172 0.01746005600395322
119 0.6030055732484076 0.41657058145280845 0.01572452229299363 0.01647175094712568
99 0.5786226114649682 0.7042497117443585 0.01592356687898089 0.01630703343765442
