211 0.44395742016280526 0.3412742382271468 0.03256105197244834 0.055401662049861494
13 0.2144646211646838 0.20526315789473684 0.054477144646211645 0.049307479224376734
7 0.34126487163431435 0.6822714681440443 0.06887914840325611 0.06481994459833795
110 0.5225422667501566 0.27008310249307477 0.048215403882279274 0.050415512465373964
22 0.6161552911709455 0.485595567867036 0.06011271133375078 0.06371191135734072
168 0.24953036944270507 0.5542936288088642 0.06825297432686286 0.06371191135734072
211 0.22197871008140263 0.6221606648199446 0.024420788979336257 0.056509695290858725
7 0.43894802755165935 0.4008310249307479 0.06386975579211021 0.06038781163434903
22 0.8096430807764559 0.6232686980609419 0.057608015028177834 0.055401662049861494
22 0.4492798998121478 0.6930747922437673 0.06324358171571696 0.057617728531855955
99 0.567313713212273 0.7573407202216067 0.040075140889167186 0.054293628808864264
149 0.22573575453976205 0.481994459833795 0.053224796493425174 0.05318559556786703
200 0.8575453976205385 0.7595567867036012 0.056981840951784594 0.054293628808864264
7 0.30619912335629307 0.5465373961218837 0.048841577958672514 0.0592797783933518
118 0.5112711333750782 0.40498614958448753 0.05823418910457107 0.055401662049861494
200 0.2100814026299311 0.410803324099723 0.06073888541014402 0.05706371191135734
211 0.3321853475266124 0.753185595567867 0.028177833437695678 0.05706371191135734
211 0.6665623043206012 0.8238227146814404 0.035691922354414526 0.04875346260387812
22 0.365372573575454 0.27146814404432135 0.050720100187852224 0.04986149584487535
211 0.2514088916718848 0.4113573407202216 0.03318722604884158 0.05263157894736842
118 0.43362554790231683 0.7595567867036012 0.07827175954915466 0.058725761772853186
200 0.7432686286787727 0.7617728531855956 0.055103318722604884 0.057617728531855955
44 0.2736380713838447 0.20304709141274238 0.07764558547276143 0.0481994459833795
211 0.5375704445835943 0.760387811634349 0.036944270507201005 0.05152354570637119
200 0.4380087664370695 0.5495844875346261 0.0670006261740764 0.04542936288088643
119 0.27958672510958044 0.6889196675900277 0.06574827802128992 0.06371191135734072
110 0.39855979962429555 0.6833795013850416 0.051972448340638695 0.05706371191135734
200 0.6233562930494677 0.7606648199445983 0.06073888541014402 0.05096952908587258
200 0.5150281778334377 0.6249307479224376 0.06324358171571696 0.04653739612188366
149 0.27802128991859737 0.1407202216066482 0.058860363180964305 0.060941828254847646
106 0.39167188478396997 0.3401662049861496 0.07701941139636818 0.04986149584487535
211 0.528804007514089 0.8221606648199447 0.038196618659987476 0.05318559556786703
149 0.31809643080776456 0.6204986149584487 0.06261740763932373 0.055401662049861494
22 0.18190356919223544 0.6224376731301939 0.07075767063243582 0.06481994459833795
185 0.27238572323105825 0.33407202216066484 0.06512210394489668 0.054293628808864264
22 0.32654978083907327 0.8277008310249307 0.05823418910457107 0.054293628808864264
110 0.3431433938634941 0.20470914127423823 0.057608015028177834 0.05484764542936288
211 0.3368816530995617 0.4110803324099723 0.045084533500313086 0.04764542936288089
119 0.7977457733249843 0.7581717451523545 0.06762680025046963 0.0592797783933518
99 0.44176581089542893 0.20886426592797783 0.044458359423919847 0.056509695290858725
118 0.7276142767689417 0.6936288088642659 0.07388854101440201 0.058725761772853186
185 0.5685660613650595 0.1448753462603878 0.06512210394489668 0.04376731301939058
200 0.47589229805886035 0.27506925207756233 0.056355666875391355 0.04709141274238227
185 0.38196618659987475 0.39806094182825486 0.07138384470882905 0.05706371191135734
185 0.17908578584846588 0.47950138504155126 0.052598622417031934 0.0481994459833795
13 0.7160300563556669 0.8277008310249307 0.06073888541014402 0.04653739612188366
13 0.6352536005009393 0.6897506925207756 0.06825297432686286 0.060941828254847646
22 0.3221665623043206 0.33545706371191136 0.06324358171571696 0.05595567867036011
32 0.23356293049467752 0.7573407202216067 0.06887914840325611 0.06204986149584488
224 0.21571696931747025 0.8318559556786703 0.051972448340638695 0.05706371191135734
211 0.5720100187852223 0.4052631578947368 0.048215403882279274 0.04598337950138504
7 0.7845961177207263 0.6966759002770083 0.057608015028177834 0.06260387811634349
185 0.3105823418910457 0.27202216066481993 0.06386975579211021 0.060941828254847646
224 0.2883531621790858 0.4083102493074792 0.051972448340638695 0.0520775623268698
160 0.31778334376956796 0.48642659279778394 0.053224796493425174 0.055401662049861494
58 0.5488415779586725 0.4789473684210526 0.07201001878522229 0.05152354570637119
106 0.4226675015654352 0.8263157894736842 0.06512210394489668 0.05595567867036011
22 0.4965560425798372 0.7570637119113574 0.061365059486537255 0.05152354570637119
118 0.5835942391984972 0.33933518005540164 0.036318096430807766 0.05484764542936288
7 0.4204758922980589 0.4775623268698061 0.059486537257357544 0.0520775623268698
200 0.48058860363180966 0.8279778393351801 0.06073888541014402 0.06149584487534626
58 0.4480275516593613 0.6235457063711911 0.09830932999373826 0.05595567867036011
149 0.5782717595491547 0.6878116343490305 0.07075767063243582 0.05706371191135734
106 0.3678772698810269 0.5495844875346261 0.07827175954915466 0.06204986149584488
200 0.7072636192861615 0.6277008310249308 0.05572949279899812 0.055401662049861494
106 0.6455854727614276 0.6232686980609419 0.07263619286161553 0.0520775623268698
13 0.4232936756418284 0.2753462603878116 0.06011271133375078 0.05096952908587258
118 0.26925485284909206 0.481994459833795 0.045084533500313086 0.05318559556786703
58 0.4796493425172198 0.4775623268698061 0.057608015028177834 0.055401662049861494
160 0.5322479649342517 0.3401662049861496 0.05385097056981841 0.057617728531855955
22 0.4884157795867251 0.20304709141274238 0.050093926111458985 0.05152354570637119
13 0.4652473387601753 0.14570637119113575 0.06386975579211021 0.04986149584487535
7 0.5788979336255479 0.2706371191135734 0.0670006261740764 0.05484764542936288
200 0.3691296180338134 0.7562326869806094 0.053224796493425174 0.056509695290858725
185 0.3290544771446462 0.14210526315789473 0.053224796493425174 0.05484764542936288
211 0.3738259236067627 0.8282548476454293 0.036318096430807766 0.06204986149584488
200 0.17532874139010646 0.34044321329639887 0.050093926111458985 0.05706371191135734
13 0.6734502191609267 0.554016620498615 0.06324358171571696 0.057617728531855955
7 0.19067000626174077 0.5565096952908587 0.05823418910457107 0.06038781163434903
211 0.2229179711959925 0.3368421052631579 0.038822792736380715 0.055401662049861494
58 0.8440826549780839 0.6952908587257618 0.07514088916718847 0.059833795013850416
200 0.4818409517845961 0.34182825484764545 0.056981840951784594 0.05318559556786703
106 0.6840951784596118 0.7570637119113574 0.07827175954915466 0.05373961218836565
200 0.765184721352536 0.8277008310249307 0.048841577958672514 0.04986149584487535
7 0.29117094552285533 0.7534626038781164 0.061365059486537255 0.056509695290858725
13 0.16343143393863493 0.40941828254847645 0.045084533500313086 0.0520775623268698
185 0.5059486537257357 0.6905817174515235 0.09142141515341265 0.06371191135734072
119 0.7601753287413902 0.6229916897506925 0.06386975579211021 0.06038781163434903
7 0.3969943644333125 0.20526315789473684 0.050093926111458985 0.0592797783933518
200 0.5623043206011271 0.5523545706371191 0.05385097056981841 0.055401662049861494
149 0.5200375704445835 0.14542936288088643 0.045710707576706325 0.04709141274238227
118 0.5034439574201628 0.5512465373961218 0.07388854101440201 0.055401662049861494
185 0.26393237319974955 0.6238227146814405 0.07201001878522229 0.04986149584487535
211 0.6759549154664997 0.6952908587257618 0.034439574201628055 0.057617728531855955
149 0.25015654351909833 0.2706371191135734 0.07075767063243582 0.04709141274238227
149 0.7442078897933626 0.5587257617728532 0.07827175954915466 0.0592797783933518
13 0.2313713212273012 0.1440443213296399 0.044458359423919847 0.04875346260387812
200 0.3800876643706951 0.6249307479224376 0.06261740763932373 0.04764542936288089
32 0.18346900438321853 0.2703601108033241 0.061365059486537255 0.057617728531855955
13 0.6249217282404509 0.8232686980609418 0.058860363180964305 0.04875346260387812
160 0.5757670632435817 0.6227146814404432 0.06950532247964934 0.056509695290858725
32 0.2667501565435191 0.8254847645429363 0.06637445209768315 0.057617728531855955
7 0.2244834063869756 0.6847645429362881 0.06950532247964934 0.057617728531855955
106 0.5576080150281778 0.20581717451523546 0.07952410770194114 0.05373961218836565
200 0.5767063243581716 0.8254847645429363 0.048841577958672514 0.04986149584487535
224 0.6145898559799624 0.556786703601108 0.059486537257357544 0.0520775623268698
