160 0.5873269435569755 0.24358974358974358 0.04579339723109691 0.055456171735241505
149 0.4299787007454739 0.6911150864639237 0.06762513312034078 0.06678592725104353
22 0.820021299254526 0.22570065593321406 0.05005324813631523 0.06141920095408467
32 0.1703940362087327 0.5444245676803816 0.05644302449414271 0.0691711389385808
176 0.6134185303514377 0.7656529516994633 0.055378061767838126 0.06440071556350627
22 0.25026624068157616 0.47793679189028027 0.05644302449414271 0.059033989266547404
32 0.8296059637912673 0.3005366726296959 0.04898828541001065 0.06082289803220036
106 0.6451011714589989 0.31097197376267144 0.056975505857294995 0.06618962432915922
119 0.6448349307774228 0.4639236732259988 0.043663471778487756 0.07036374478234943
211 0.29233226837060705 0.4752534287418008 0.0362087326943557 0.06440071556350627
200 0.7228434504792333 0.23076923076923078 0.05910543130990415 0.06201550387596899
58 0.8104366347177849 0.37298747763864043 0.05324813631522897 0.06738223017292785
13 0.24893503727369543 0.6216457960644007 0.061235356762513314 0.06499701848539058
185 0.4217252396166134 0.6198568872987478 0.059637912673056445 0.06141920095408467
160 0.6078274760383386 0.46660703637447826 0.06443024494142705 0.07692307692307693
224 0.5913205537806177 0.31663685152057247 0.05378061767838126 0.06320810971973763
110 0.4488817891373802 0.32468694096601075 0.05005324813631523 0.07215265354800239
106 0.1829073482428115 0.4773404889683959 0.06656017039403621 0.06022659511031604
44 0.32161874334398294 0.6261180679785331 0.07987220447284345 0.06201550387596899
211 0.7904685835995741 0.3091830649970185 0.03461128860489883 0.08050089445438283
7 0.444888178913738 0.3944543828264758 0.06017039403620873 0.07334525939177101
224 0.7734291799787008 0.23076923076923078 0.04419595314164004 0.05963029218843172
211 0.5351437699680511 0.3956469886702445 0.029818956336528223 0.07334525939177101
44 0.18343982960596378 0.40608228980322003 0.0516506922257721 0.06201550387596899
22 0.5630990415335463 0.7701252236135957 0.03461128860489883 0.07334525939177101
110 0.4936102236421725 0.32528324388789503 0.04898828541001065 0.07096004770423375
22 0.4009584664536741 0.5456171735241503 0.05005324813631523 0.06201550387596899
118 0.5308839190628328 0.543231961836613 0.06815761448349308 0.06440071556350627
13 0.5894568690095847 0.5390578413834228 0.054313099041533544 0.07036374478234943
22 0.4976038338658147 0.39177101967799643 0.04952076677316294 0.06797853309481217
99 0.7526624068157615 0.3091830649970185 0.04313099041533546 0.07334525939177101
224 0.6922257720979765 0.5408467501490757 0.055378061767838126 0.07394156231365534
224 0.19701810436634717 0.610912343470483 0.051118210862619806 0.055456171735241505
200 0.2625133120340788 0.2534287418008348 0.05218317358892439 0.06320810971973763
7 0.7635782747603834 0.16487775790101372 0.055378061767838126 0.056648777579010136
58 0.7079339723109691 0.16487775790101372 0.05058572949946752 0.06380441264162194
7 0.404419595314164 0.47227191413237923 0.061235356762513314 0.0727489564698867
211 0.39829605963791265 0.3983303518187239 0.03727369542066028 0.06320810971973763
7 0.35676251331203407 0.3956469886702445 0.05218317358892439 0.057841383422778773
58 0.35010649627263046 0.3249850924269529 0.07401490947816826 0.07036374478234943
6 0.54419595314164 0.24239713774597496 0.05218317358892439 0.055456171735241505
200 0.4744408945686901 0.5444245676803816 0.05005324813631523 0.05963029218843172
22 0.6373801916932907 0.5420393559928444 0.04792332268370607 0.07155635062611806
7 0.7473375931842385 0.3723911747167561 0.04739084132055378 0.055456171735241505
185 0.3687433439829606 0.2516398330351819 0.06762513312034078 0.07155635062611806
106 0.8072417465388712 0.45080500894454384 0.046858359957401494 0.0763267740011926
32 0.34451544195953143 0.47465712581991654 0.06070287539936102 0.07036374478234943
200 0.538604898828541 0.3208109719737627 0.045260915867944625 0.07155635062611806
185 0.5756123535676251 0.38133571854502085 0.055378061767838126 0.07453786523553965
22 0.5375399361022364 0.693500298151461 0.0516506922257721 0.06797853309481217
211 0.8232161874334398 0.605247465712582 0.042598509052183174 0.0691711389385808
118 0.14589989350372737 0.3330351818723912 0.054313099041533544 0.0828861061419201
6 0.29898828541001066 0.3995229576624926 0.05484558040468584 0.07036374478234943
118 0.17305644302449413 0.24985092426952893 0.059637912673056445 0.06320810971973763
211 0.404419595314164 0.32319618366129993 0.041001064962726305 0.0691711389385808
118 0.5985090521831736 0.6943947525342874 0.07880724174653887 0.07334525939177101
211 0.663471778487753 0.6932021466905188 0.05324813631522897 0.0828861061419201
13 0.4589989350372737 0.4728682170542636 0.05218317358892439 0.0691711389385808
22 0.7039403620873269 0.30799045915324985 0.05005324813631523 0.0626118067978533
13 0.21512247071352503 0.25193798449612403 0.043663471778487756 0.07573047107930829
99 0.29739084132055377 0.32945736434108525 0.03567625133120341 0.07692307692307693
118 0.44329073482428116 0.7540250447227191 0.04739084132055378 0.0626118067978533
44 0.4821618743343983 0.616577221228384 0.07401490947816826 0.06320810971973763
22 0.7412140575079872 0.5342874180083482 0.05324813631522897 0.07155635062611806
200 0.6288604898828541 0.38580799045915326 0.05324813631522897 0.06797853309481217
224 0.4842917997870075 0.6920095408467501 0.04952076677316294 0.06499701848539058
106 0.6767838125665602 0.6141920095408467 0.06389776357827476 0.06797853309481217
7 0.22577209797657083 0.5480023852116875 0.05218317358892439 0.06678592725104353
118 0.6861022364217252 0.3870005963029219 0.061235356762513314 0.06559332140727489
211 0.5002662406815761 0.24776386404293382 0.03567625133120341 0.056648777579010136
7 0.6147497337593184 0.6159809183064997 0.058040468583599576 0.06201550387596899
58 0.6509584664536742 0.23732856290995827 0.09211927582534611 0.06320810971973763
32 0.28354632587859424 0.5456171735241503 0.056975505857294995 0.06201550387596899
22 0.7380191693290735 0.6076326774001193 0.05324813631522897 0.06440071556350627
99 0.7822151224707136 0.6058437686344663 0.042598509052183174 0.07036374478234943
185 0.5585729499467519 0.46451997614788315 0.06070287539936102 0.07155635062611806
58 0.7577209797657082 0.45408467501490757 0.055378061767838126 0.07930828861061419
160 0.3104366347177849 0.2546213476446035 0.05324813631522897 0.05843768634466309
13 0.46751863684771033 0.2567084078711986 0.029818956336528223 0.08169350029815146
22 0.5053248136315229 0.469886702444842 0.05218317358892439 0.07751937984496124
58 0.5529818956336529 0.6201550387596899 0.07401490947816826 0.06797853309481217
211 0.4387646432374867 0.5491949910554562 0.027689030883919063 0.0691711389385808
8 0.7960596379126731 0.5345855694692904 0.05218317358892439 0.07453786523553965
211 0.3738019169329074 0.6875372689326178 0.03194888178913738 0.06320810971973763
22 0.422790202342918 0.25104353011329755 0.0617678381256656 0.06320810971973763
7 0.6914270500532481 0.456768038163387 0.061235356762513314 0.06678592725104353
76 0.20527156549520767 0.3375074537865236 0.058040468583599576 0.09302325581395349
200 0.25798722044728434 0.327072152653548 0.041001064962726305 0.056648777579010136
32 0.3450479233226837 0.5503875968992248 0.06389776357827476 0.07394156231365534
118 0.24148029818956337 0.3983303518187239 0.061235356762513314 0.07036374478234943
7 0.8471778487752929 0.5307096004770423 0.04579339723109691 0.0763267740011926
