6 0.26368058370490477 0.5099971838918614 0.03688690717470612 0.028161081385525203
44 0.7085528982569923 0.4760630808223036 0.06323469801378193 0.02900591382709096
13 0.7148358329955411 0.19501548859476203 0.0449939197405756 0.034638130104196
211 0.7221321443048236 0.3696141931850183 0.031211998378597488 0.026753027316248942
160 0.20936359951357925 0.33722894959166433 0.03526550466153223 0.02900591382709096
185 0.6884880421564653 0.36919177696423544 0.031211998378597488 0.030977189524077724
160 0.7740170247263883 0.1206702337369755 0.0449939197405756 0.033511686848774994
32 0.24665585731657885 0.43649676147564065 0.0449939197405756 0.028161081385525203
211 0.7638832590190515 0.297803435651929 0.03688690717470612 0.029569135454801464
200 0.8561005269558167 0.12207828780625175 0.03486015403323875 0.025626584060827937
110 0.8113092825293879 0.3727119121374261 0.04094041345764086 0.030132357082511968
110 0.15443858937981353 0.5097155730780062 0.029995946493717066 0.02196564348070966
176 0.6951763275233077 0.4049563503238524 0.041345764085934336 0.03435651929034075
224 0.21706526145115526 0.2641509433962264 0.03364410214835833 0.02590819487468319
99 0.7357113903526551 0.4056603773584906 0.03810295905958654 0.03294846522106449
160 0.7543575192541548 0.26372852717544354 0.05188488042156465 0.02900591382709096
6 0.2503040129712201 0.2624612785130949 0.03769760843129307 0.02590819487468319
200 0.17490879610863397 0.33624331174317096 0.031211998378597488 0.03041396789636722
200 0.8388731252533441 0.19388904533934104 0.0433725172274017 0.02900591382709096
22 0.18869071747061208 0.2624612785130949 0.04175111471422781 0.02590819487468319
118 0.2162545601945683 0.3027316248943959 0.04904742602351034 0.028161081385525203
211 0.18119173084718282 0.303858068149817 0.020267531414673693 0.02647141650239369
119 0.15018240778273206 0.2652773866516474 0.03607620591811917 0.03379329766263024
7 0.2847588163761654 0.2618980568853844 0.03607620591811917 0.02478175161926218
149 0.2877989460883664 0.3358208955223881 0.04215646534252128 0.02787947057166995
211 0.3165788406972031 0.26372852717544354 0.02513173895419538 0.02450014080540693
58 0.847385488447507 0.3020275978597578 0.03769760843129307 0.02787947057166995
211 0.7957032833400892 0.15516755843424387 0.02432103769760843 0.03323007603491974
149 0.18139440616132954 0.37031822021965644 0.045804620997162544 0.022528865108420164
22 0.7022699635184435 0.5114052379611377 0.03769760843129307 0.028724303013235707
106 0.15362788812322659 0.4381864263587722 0.040535062829347386 0.02647141650239369
58 0.8309687880016214 0.4076316530554773 0.055127685447912446 0.032385243593353985
13 0.28354276449128496 0.4349479019994368 0.028779894608836645 0.028442692199380455
13 0.8194162950952574 0.1206702337369755 0.04418321848398865 0.027316248943959447
32 0.22111876773408998 0.11348915798366657 0.045804620997162544 0.02647141650239369
224 0.22314552087555736 0.5098563784849338 0.039319010944466964 0.028442692199380455
211 0.1909201459262262 0.225147845677274 0.027563842723956223 0.030132357082511968
211 0.2194973652209161 0.37031822021965644 0.024726388325901905 0.027034638130104195
149 0.8516416700445886 0.48042804843706 0.0356708552898257 0.03154041115178823
149 0.19132549655451966 0.4007321881160237 0.0526955816781516 0.028724303013235707
149 0.7778678556951764 0.40720923683469445 0.047831374138629916 0.03604618417347226
185 0.8060397243615728 0.08434243874964799 0.032833400891771385 0.02450014080540693
211 0.7725982975273612 0.08589129822585187 0.02837454398054317 0.022528865108420164
22 0.2630725577624645 0.1147564066460152 0.040535062829347386 0.03294846522106449
176 0.751925415484394 0.5116868487749929 0.053506282934738546 0.02928752464094621
44 0.32306445074989865 0.4338214587440158 0.054316984191325496 0.023936919177696424
13 0.7288204296716659 0.05547733032948465 0.033238751520064856 0.02928752464094621
224 0.7987434130522902 0.19402985074626866 0.03445480340494528 0.029850746268656716
22 0.18788001621402514 0.5119684595888482 0.039319010944466964 0.028161081385525203
224 0.15605999189298744 0.3018867924528302 0.027563842723956223 0.028161081385525203
22 0.766518038102959 0.1553083638411715 0.034049452776651806 0.0340749084764855
200 0.718078638021889 0.29752182483807377 0.04418321848398865 0.030695578710222472
118 0.7227401702472639 0.23232892143058292 0.0510741791649777 0.03041396789636722
211 0.33340089177138227 0.5107012109264996 0.023915687069314958 0.03294846522106449
149 0.1970004053506283 0.4366375668825683 0.05026347790839076 0.02787947057166995
22 0.8025942440210783 0.30061954379048156 0.04215646534252128 0.030695578710222472
58 0.8084718281313336 0.4773303294846522 0.04985812728009728 0.03210363277949873
118 0.8907580056749088 0.3720078851027879 0.045804620997162544 0.03154041115178823
99 0.24402107823267127 0.3363841171500986 0.033238751520064856 0.027316248943959447
119 0.7117957032833401 0.2645733596170093 0.040535062829347386 0.032385243593353985
118 0.8190109444669639 0.23120247817516193 0.04256181597081476 0.029850746268656716
22 0.8496149169031212 0.37299352295128135 0.0356708552898257 0.03294846522106449
22 0.1777462505066883 0.11785412559842298 0.040129712201053915 0.035201351731906506
118 0.8036076205918119 0.3370881441847367 0.04256181597081476 0.0275978597578147
7 0.12383461694365626 0.5122500704027034 0.031211998378597488 0.028161081385525203
99 0.825901905147953 0.1591101098282174 0.028779894608836645 0.03491974091805125
22 0.8425212809079854 0.08476485497043086 0.039319010944466964 0.02647141650239369
200 0.7618565058775841 0.3683469445226697 0.0433725172274017 0.02928752464094621
7 0.762667207134171 0.05153477893551112 0.03688690717470612 0.03717262742889327
22 0.739562221321443 0.08575049281892425 0.03688690717470612 0.025063362433117433
185 0.8429266315362789 0.33736975499859195 0.03607620591811917 0.028161081385525203
200 0.15626266720713416 0.22472542945649113 0.03445480340494528 0.0275978597578147
7 0.3001621402513174 0.5094339622641509 0.039319010944466964 0.030977189524077724
6 0.7975273611674099 0.5099971838918614 0.0433725172274017 0.03323007603491974
211 0.7545601945683016 0.19571951562940018 0.04256181597081476 0.03323007603491974
185 0.13842723956222133 0.1168684877499296 0.02959059586542359 0.030977189524077724
