185 0.2549123738714817 0.2553914327917282 0.0647902283590016 0.033973412112259974
118 0.5406266595857674 0.702658788774003 0.06585236325013277 0.035155096011816836
211 0.45114179500796603 0.40398818316100443 0.0323951141795008 0.036336779911373705
99 0.654275092936803 0.7700147710487445 0.0403611258629846 0.034564254062038405
118 0.6585236325013276 0.5889217134416543 0.06797663303239511 0.031610044313146235
176 0.22012745618693574 0.4831610044313146 0.0525756771109931 0.033382570162481535
211 0.766064790228359 0.3994091580502216 0.026022304832713755 0.03899556868537666
224 0.8948486457780138 0.7351550960118168 0.04779607010090282 0.0310192023633678
22 0.4893786510886883 0.48050221565731166 0.05151354221986192 0.033973412112259974
160 0.7607541157727031 0.5477104874446086 0.04514073287307488 0.03604135893648449
185 0.7549123738714817 0.36336779911373707 0.05151354221986192 0.030132939438700147
106 0.5427509293680297 0.479615952732644 0.06160382368560807 0.032200886262924666
13 0.6818906001062135 0.5149187592319054 0.054168879447689854 0.03249630723781388
7 0.787838555496548 0.6248153618906942 0.043016463090812536 0.03781388478581979
211 0.35262878385554963 0.6642540620384048 0.038236856080722255 0.031610044313146235
7 0.31200212426978224 0.2573116691285081 0.055762081784386616 0.03781388478581979
200 0.7190653212958046 0.5474150664697194 0.048858204992033985 0.029542097488921712
119 0.20207116303770578 0.3995568685376662 0.05682421667551779 0.0310192023633678
143 0.2265002655337228 0.29586410635155097 0.0685077004779607 0.036336779911373705
118 0.3789166224110462 0.25583456425406204 0.061072756240042485 0.03072378138847858
22 0.8005841741901222 0.6997045790251107 0.0525756771109931 0.036336779911373705
185 0.6083377588953797 0.21742983751846381 0.07381837493361657 0.03426883308714919
32 0.5193839617631439 0.44135893648449037 0.04354753053637812 0.03426883308714919
200 0.47716409984067976 0.2565731166912851 0.05045140732873075 0.031610044313146235
211 0.6789697291556027 0.5512555391432792 0.03027084439723845 0.03722304283604136
211 0.8430695698353691 0.7017725258493352 0.03558151885289432 0.03810930576070901
99 0.6744556558682953 0.6257016248153618 0.033988316516197555 0.03604135893648449
13 0.27642060541688795 0.5220088626292467 0.048327137546468404 0.03190546528803545
22 0.8937865108868827 0.8324963072378139 0.048858204992033985 0.02776957163958641
119 0.1404673393520977 0.40073855243722306 0.05682421667551779 0.036336779911373705
22 0.6046202867764207 0.5906942392909896 0.05045140732873075 0.031610044313146235
13 0.8473181093998938 0.7698670605612998 0.04726500265533723 0.027178729689807977
76 0.40918746680828466 0.6654357459379616 0.07063197026022305 0.05878877400295421
58 0.5493892724375996 0.7344165435745938 0.06532129580456718 0.03249630723781388
8 0.5849707912904939 0.6249630723781389 0.0525756771109931 0.03988183161004431
143 0.7517259691980882 0.7694239290989661 0.05682421667551779 0.032791728212703104
118 0.5323951141795008 0.14062038404726734 0.0685077004779607 0.03072378138847858
32 0.5847052575677111 0.5518463810930576 0.06372809346787042 0.030132939438700147
32 0.5807222517259693 0.8056129985228951 0.05469994689325544 0.03545051698670606
7 0.4121083377588954 0.554357459379616 0.05735528412108338 0.035155096011816836
200 0.5196494954859268 0.5181683899556868 0.04514073287307488 0.02895125553914328
211 0.49548592671269254 0.6273264401772526 0.03186404673393521 0.032791728212703104
224 0.485926712692512 0.09113737075332348 0.06160382368560807 0.034564254062038405
211 0.6617100371747212 0.2189069423929099 0.03717472118959108 0.03604135893648449
99 0.3189060010621349 0.6639586410635155 0.040892193308550186 0.033382570162481535
7 0.42883696229421137 0.2536189069423929 0.05363781200212427 0.030428360413589366
224 0.8035050451407328 0.40088626292466767 0.04992033988316516 0.041949778434268836
118 0.8754646840148699 0.6620384047267356 0.06744556558682953 0.03545051698670606
160 0.7015400955921403 0.4400295420974889 0.04673393520977164 0.032791728212703104
118 0.39856611789697294 0.7802067946824225 0.05682421667551779 0.0413589364844904
160 0.17233138608603293 0.29719350073855244 0.04726500265533723 0.03308714918759232
200 0.5318640467339352 0.6286558345642541 0.05363781200212427 0.03367799113737075
22 0.3202336696760489 0.5945347119645494 0.04779607010090282 0.033382570162481535
99 0.8027084439723845 0.2536189069423929 0.04514073287307488 0.033973412112259974
160 0.17180031864046733 0.4861152141802068 0.0525756771109931 0.035155096011816836
119 0.7559745087626129 0.7345642540620384 0.05682421667551779 0.030428360413589366
185 0.7565055762081785 0.4366322008862629 0.0685077004779607 0.03781388478581979
118 0.4200743494423792 0.36602658788774 0.07010090281465746 0.03663220088626293
99 0.6757833244822092 0.8875923190546529 0.0323951141795008 0.034564254062038405
149 0.15454062665958576 0.4395864106351551 0.04142326075411577 0.03899556868537666
149 0.12241104620286776 0.33633677991137373 0.046202867764206054 0.029246676514032496
200 0.15852363250132767 0.25406203840472674 0.05151354221986192 0.03545051698670606
119 0.33935209771641 0.47991137370753323 0.050982474774296335 0.03692762186115214
211 0.6064790228359002 0.3311669128508124 0.032926181625066386 0.03249630723781388
149 0.23154540626659587 0.5231905465288036 0.058417419012214554 0.03131462333825702
119 0.498672331386086 0.6649926144756277 0.058417419012214554 0.03426883308714919
200 0.5908125331917153 0.7035450516986707 0.046202867764206054 0.033382570162481535
224 0.8544875199150292 0.7372230428360413 0.04992033988316516 0.02983751846381093
99 0.7522570366436537 0.32791728212703103 0.04514073287307488 0.04076809453471197
13 0.45884227296866703 0.551698670605613 0.04460966542750929 0.033973412112259974
22 0.6887944768985661 0.8418020679468242 0.05735528412108338 0.031610044313146235
211 0.6635687732342007 0.29098966026587886 0.02177376526818906 0.029542097488921712
6 0.619490175252257 0.25760709010339733 0.046202867764206054 0.03072378138847858
58 0.8645778013807753 0.43530280649926145 0.05204460966542751 0.029246676514032496
211 0.5876261285183219 0.479615952732644 0.03451938396176314 0.032791728212703104
224 0.5525756771109931 0.25568685376661743 0.048327137546468404 0.030428360413589366
149 0.6510886882634095 0.4376661742983752 0.05735528412108338 0.031610044313146235
211 0.7501327668613914 0.6258493353028065 0.0323951141795008 0.036336779911373705
118 0.5695698353690919 0.5163958641063515 0.05469994689325544 0.03249630723781388
110 0.362453531598513 0.5559822747415066 0.04726500265533723 0.03604135893648449
44 0.2976633032395114 0.2949778434268833 0.07063197026022305 0.025110782865583457
185 0.4221986192246415 0.5893648449039882 0.054168879447689854 0.03249630723781388
7 0.6104620286776421 0.7703101920236337 0.05682421667551779 0.03692762186115214
118 0.6471056824216675 0.7010339734121123 0.07169410515135423 0.03367799113737075
224 0.5204460966542751 0.2960118168389956 0.050982474774296335 0.02895125553914328
99 0.3847583643122677 0.5189069423929099 0.03345724907063197 0.032200886262924666
211 0.7397769516728625 0.8025110782865583 0.050982474774296335 0.032791728212703104
224 0.8345724907063197 0.6243722304283604 0.05045140732873075 0.033382570162481535
7 0.7190653212958046 0.6983751846381093 0.053106744556558685 0.03840472673559823
149 0.804567180031864 0.3639586410635155 0.04673393520977164 0.03190546528803545
7 0.8085501858736059 0.8816838995568685 0.05045140732873075 0.03929098966026588
22 0.7926181625066383 0.3268833087149188 0.04938927243759957 0.040472673559822744
58 0.8566117896972916 0.880354505169867 0.054168879447689854 0.03663220088626293
110 0.27774827403080193 0.5945347119645494 0.04779607010090282 0.0310192023633678
99 0.32979288369622944 0.32998522895125554 0.03717472118959108 0.03426883308714919
160 0.31306425916091346 0.5559822747415066 0.05682421667551779 0.029542097488921712
118 0.7251725969198088 0.3997045790251108 0.064259160913436 0.03604135893648449
58 0.6364843335103558 0.4776957163958641 0.0685077004779607 0.03426883308714919
58 0.20286776420605418 0.14194977843426884 0.08603292618162507 0.033382570162481535
211 0.7010090281465746 0.2172821270310192 0.04142326075411577 0.033973412112259974
118 0.4240573552841211 0.33057607090103397 0.061072756240042485 0.03367799113737075
224 0.5735528412108338 0.331314623338257 0.04460966542750929 0.032200886262924666
118 0.6741901221455124 0.7355982274741507 0.061072756240042485 0.03190546528803545
211 0.5852363250132767 0.2567208271787297 0.02336696760488582 0.02895125553914328
22 0.22092405735528411 0.5580502215657311 0.048858204992033985 0.028360413589364846
7 0.7033988316516198 0.3274741506646972 0.05469994689325544 0.036336779911373705
13 0.11019649495485927 0.3672082717872969 0.05894848645778014 0.030132939438700147
44 0.484599044078598 0.5911373707533235 0.07594264471587892 0.03249630723781388
58 0.20233669676048857 0.18035450516986706 0.06903876792352628 0.032200886262924666
22 0.6832182687201275 0.18301329394387 0.06001062134891131 0.033382570162481535
22 0.5560276155071694 0.18153618906942393 0.053106744556558685 0.030428360413589366
22 0.6994158258098778 0.7719350073855243 0.048858204992033985 0.02776957163958641
200 0.7113648433351035 0.2533234859675037 0.046202867764206054 0.033973412112259974
149 0.6301115241635687 0.514327917282127 0.06213489113117366 0.03308714918759232
119 0.22623473181093998 0.5929098966026588 0.06160382368560807 0.03190546528803545
58 0.7695167286245354 0.47828655834564254 0.08390865639936272 0.03485967503692762
7 0.8685608072225173 0.5432791728212704 0.03770578863515667 0.03604135893648449
211 0.44423791821561337 0.09409158050221565 0.03451938396176314 0.032791728212703104
32 0.8181093998937865 0.5487444608567208 0.06744556558682953 0.03692762186115214
110 0.7405735528412108 0.8420974889217134 0.061072756240042485 0.029246676514032496
149 0.8335103558151885 0.5896602658788774 0.06319702602230483 0.03663220088626293
211 0.4561869357408391 0.6636632200886263 0.027615507169410514 0.033382570162481535
106 0.4992033988316516 0.18197932053175775 0.06691449814126393 0.03308714918759232
13 0.29686670207116306 0.662629246676514 0.04779607010090282 0.03072378138847858
118 0.5942644715878916 0.36528803545051697 0.06372809346787042 0.03810930576070901
224 0.2055231014338821 0.25435745937961596 0.04673393520977164 0.03485967503692762
22 0.36829527349973445 0.5937961595273265 0.05469994689325544 0.03190546528803545
7 0.22942113648433352 0.4403249630723781 0.050982474774296335 0.037518463810930575
160 0.7033988316516198 0.36514032496307236 0.0525756771109931 0.027178729689807977
7 0.36006372809346787 0.3642540620384047 0.0647902283590016 0.03367799113737075
200 0.2373871481678173 0.21639586410635156 0.04992033988316516 0.02983751846381093
211 0.717206585236325 0.7366322008862629 0.02496016994158258 0.032791728212703104
13 0.5671800318640468 0.7706056129985229 0.04460966542750929 0.036336779911373705
200 0.4368029739776952 0.7054652880354505 0.05363781200212427 0.03308714918759232
106 0.608072225172597 0.8841949778434269 0.04354753053637812 0.03426883308714919
211 0.6051513542219862 0.4403249630723781 0.0323951141795008 0.031610044313146235
200 0.709506107275624 0.6614475627769572 0.054168879447689854 0.03426883308714919
224 0.13409453000531069 0.18301329394387 0.06956983536909188 0.030428360413589366
32 0.574614976101965 0.2946824224519941 0.05735528412108338 0.031610044313146235
22 0.6988847583643123 0.4797636632200886 0.04992033988316516 0.03426883308714919
149 0.3635156664896442 0.4423929098966027 0.05045140732873075 0.038700147710487444
22 0.6662241104620287 0.25642540620384047 0.04726500265533723 0.03545051698670606
44 0.52947424322889 0.3642540620384047 0.07010090281465746 0.03367799113737075
22 0.43998937865108867 0.7358936484490399 0.05363781200212427 0.03190546528803545
200 0.5738183749336165 0.4031019202363368 0.04514073287307488 0.033973412112259974
7 0.805894848645778 0.7358936484490399 0.048327137546468404 0.03426883308714919
7 0.8143919277748274 0.43870014771048743 0.05682421667551779 0.03367799113737075
106 0.7549123738714817 0.28936484490398817 0.057886351566648966 0.029246676514032496
118 0.25092936802973975 0.36765140324963075 0.0685077004779607 0.0310192023633678
58 0.4017525225703664 0.6228951255539144 0.07169410515135423 0.033382570162481535
32 0.550185873605948 0.5909896602658788 0.05523101433882103 0.034564254062038405
118 0.3667020711630377 0.2980797636632201 0.06638343069569835 0.03308714918759232
211 0.7230483271375465 0.5180206794682423 0.03664365374402549 0.035745937961595274
99 0.6391396707381838 0.8035450516986706 0.061072756240042485 0.03249630723781388
224 0.5738183749336165 0.09423929098966026 0.0525756771109931 0.03840472673559823
58 0.7716409984067977 0.5147710487444609 0.06691449814126393 0.033973412112259974
118 0.47875730217737655 0.2189069423929099 0.07169410515135423 0.02895125553914328
200 0.8943175783324482 0.7706056129985229 0.04673393520977164 0.028064992614475627
7 0.6399362719065321 0.5519940915805022 0.050982474774296335 0.035155096011816836
211 0.4508762612851832 0.18375184638109307 0.03505045140732873 0.03663220088626293
211 0.7177376526818906 0.8887740029542097 0.04938927243759957 0.033382570162481535
32 0.44768985661178967 0.7694239290989661 0.0605416887944769 0.041654357459379614
7 0.47291556027615506 0.36602658788774 0.057886351566648966 0.03426883308714919
7 0.3635156664896442 0.17976366322008863 0.04726500265533723 0.032791728212703104
76 0.8409453000531067 0.4858197932053176 0.06638343069569835 0.05819793205317578
7 0.2857142857142857 0.33028064992614475 0.04567180031864047 0.03485967503692762
7 0.12028677642060542 0.22200886262924668 0.05682421667551779 0.037518463810930575
8 0.6484333510355815 0.32865583456425407 0.05523101433882103 0.034564254062038405
118 0.8576739245884227 0.8020679468242246 0.07859798194370685 0.03367799113737075
160 0.6447158789166224 0.8868537666174299 0.03717472118959108 0.03604135893648449
99 0.27190653212958044 0.4398818316100443 0.038236856080722255 0.04254062038404727
6 0.6144450345193839 0.18212703101920236 0.06372809346787042 0.032791728212703104
22 0.8151885289431758 0.6617429837518464 0.05523101433882103 0.03249630723781388
160 0.6117896972915561 0.0914327917282127 0.04248539564524695 0.03810930576070901
7 0.5443441317047265 0.21816838995568685 0.06691449814126393 0.02983751846381093
118 0.3061603823685608 0.40206794682422453 0.055762081784386616 0.03131462333825702
7 0.5084970791290494 0.7714918759231906 0.06532129580456718 0.034564254062038405
22 0.13170472650026555 0.296602658788774 0.038236856080722255 0.02895125553914328
149 0.3975039830058417 0.48064992614475627 0.06638343069569835 0.03426883308714919
44 0.17896972915560277 0.36750369276218614 0.0807222517259692 0.029542097488921712
44 0.4060010621348911 0.21698670605613 0.08125331917153479 0.031610044313146235
211 0.4830058417419012 0.7023633677991138 0.03451938396176314 0.034564254062038405
185 0.30430164630908124 0.36499261447562775 0.05523101433882103 0.032200886262924666
22 0.4094530005310674 0.1793205317577548 0.056293149229952204 0.03722304283604136
13 0.530801911842804 0.4031019202363368 0.04195432819968136 0.035745937961595274
7 0.6332979288369623 0.6239290989660266 0.05363781200212427 0.03781388478581979
200 0.5902814657461498 0.14209748892171345 0.0525756771109931 0.030132939438700147
118 0.5015932023366968 0.7363367799113737 0.07912904938927244 0.034564254062038405
99 0.17711099309612321 0.5240768094534712 0.048327137546468404 0.03426883308714919
185 0.6534784917684546 0.658493353028065 0.07063197026022305 0.03426883308714919
32 0.7780138077535848 0.5893648449039882 0.06585236325013277 0.03899556868537666
224 0.4872543813064259 0.403397341211226 0.04938927243759957 0.03692762186115214
200 0.2588953797132236 0.40280649926144757 0.044078597981943704 0.029246676514032496
200 0.4232607541157727 0.5183161004431315 0.04354753053637812 0.0310192023633678
106 0.17525225703664365 0.21669128508124078 0.06160382368560807 0.029246676514032496
200 0.4607010090281466 0.6236336779911373 0.04938927243759957 0.03190546528803545
22 0.7166755177907594 0.6236336779911373 0.04195432819968136 0.04076809453471197
119 0.2870419543281997 0.21757754800590842 0.0525756771109931 0.032791728212703104
119 0.7639405204460966 0.8887740029542097 0.043016463090812536 0.030428360413589366
22 0.47344662772172064 0.1413589364844904 0.05363781200212427 0.033382570162481535
22 0.6903876792352629 0.8042836041358936 0.04460966542750929 0.0310192023633678
22 0.47716409984067976 0.33220088626292466 0.04938927243759957 0.032791728212703104
22 0.6627721720658524 0.40206794682422453 0.05947955390334572 0.030132939438700147
22 0.805894848645778 0.7723781388478582 0.05045140732873075 0.02865583456425406
7 0.3706850770047796 0.33013293943870015 0.048858204992033985 0.035155096011816836
211 0.6022304832713755 0.7350073855243723 0.0403611258629846 0.029542097488921712
110 0.7591609134360063 0.6989660265878878 0.04514073287307488 0.029542097488921712
119 0.31625066383430694 0.18020679468242246 0.05469994689325544 0.03308714918759232
211 0.5276155071694105 0.08729689807976367 0.03664365374402549 0.04933530280649926
6 0.2665958576739246 0.5570162481536189 0.050982474774296335 0.026883308714918758
211 0.7987254381306426 0.2884785819793205 0.02867764206054169 0.029246676514032496
176 0.8335103558151885 0.28921713441654356 0.05045140732873075 0.03840472673559823
44 0.7936802973977695 0.8019202363367799 0.05045140732873075 0.031610044313146235
7 0.5674455655868296 0.4400295420974889 0.05894848645778014 0.032791728212703104
106 0.758364312267658 0.2530280649926145 0.05204460966542751 0.029246676514032496
200 0.4086563993627191 0.09350073855243722 0.05045140732873075 0.031610044313146235
119 0.33669676048858205 0.2189069423929099 0.048858204992033985 0.03485967503692762
6 0.18879447689856613 0.44150664697193504 0.03983005841741901 0.03692762186115214
22 0.7182687201274562 0.5875923190546529 0.05363781200212427 0.03249630723781388
106 0.23473181093998938 0.3326440177252585 0.06160382368560807 0.03367799113737075
160 0.5270844397238449 0.33190546528803544 0.05045140732873075 0.033382570162481535
224 0.16834838024429102 0.33648449039881834 0.04779607010090282 0.02776957163958641
58 0.7599575146043548 0.6621861152141802 0.07010090281465746 0.035155096011816836
99 0.4081253319171535 0.40472673559822747 0.05363781200212427 0.03781388478581979
118 0.8802442910249602 0.7005908419497784 0.048327137546468404 0.032200886262924666
200 0.6513542219861922 0.36484490398818314 0.05045140732873075 0.03485967503692762
185 0.6521508231545406 0.09409158050221565 0.04779607010090282 0.03810930576070901
7 0.2695167286245353 0.18050221565731167 0.048327137546468404 0.03426883308714919
224 0.4739776951672863 0.5186115214180207 0.057886351566648966 0.030428360413589366
7 0.6269251194901753 0.29084194977843425 0.05045140732873075 0.029246676514032496
58 0.40414232607541156 0.14062038404726734 0.09134360063728093 0.03131462333825702
7 0.35581518852894317 0.40251107828655835 0.054168879447689854 0.03692762186115214
44 0.5568242166755177 0.6641063515509601 0.07169410515135423 0.02895125553914328
22 0.7020711630377058 0.28877400295420974 0.050982474774296335 0.0310192023633678
149 0.3345724907063197 0.5193500738552437 0.06903876792352628 0.03131462333825702
224 0.3117365905469995 0.43943870014771047 0.04779607010090282 0.03692762186115214
211 0.5135422198619225 0.25420974889217135 0.0403611258629846 0.03692762186115214
