22 0.6411570247933884 0.33607907742998355 0.029421487603305783 0.04612850082372323
7 0.30165289256198347 0.7808896210873146 0.0287603305785124 0.05518945634266886
7 0.3385123966942149 0.5483937397034596 0.03371900826446281 0.044892915980230645
99 0.4869421487603306 0.6793657331136738 0.026446280991735537 0.05230642504118616
143 0.2968595041322314 0.3694398682042834 0.037024793388429754 0.04612850082372323
200 0.2077685950413223 0.7129324546952224 0.03404958677685951 0.04118616144975288
22 0.5267768595041322 0.4421334431630972 0.030082644628099172 0.04159802306425041
200 0.4066115702479339 0.6149093904448105 0.02512396694214876 0.04695222405271829
118 0.5925619834710744 0.16865733113673806 0.04132231404958678 0.0457166392092257
22 0.3725619834710744 0.835667215815486 0.03239669421487603 0.04942339373970346
118 0.5358677685950414 0.496499176276771 0.031735537190082645 0.05313014827018122
149 0.08793388429752066 0.5967874794069192 0.02446280991735537 0.04365733113673806
119 0.2158677685950413 0.42195222405271826 0.031074380165289257 0.039126853377265236
22 0.41702479338842974 0.3842668863261944 0.03801652892561983 0.04036243822075782
149 0.49140495867768597 0.5516886326194399 0.04198347107438016 0.039950576606260293
118 0.5890909090909091 0.3346375617792422 0.04165289256198347 0.04324546952224053
224 0.48363636363636364 0.6122322899505767 0.031074380165289257 0.05230642504118616
160 0.9173553719008265 0.2654448105436573 0.03768595041322314 0.04983525535420099
110 0.42677685950413224 0.43039538714991765 0.04628099173553719 0.042009884678747944
200 0.35173553719008266 0.6112026359143328 0.03371900826446281 0.04118616144975288
119 0.8105785123966942 0.4392504118616145 0.03371900826446281 0.05642504118616145
76 0.4553719008264463 0.6787479406919276 0.03074380165289256 0.07495881383855024
160 0.2290909090909091 0.717668863261944 0.025785123966942148 0.048187808896210875
7 0.7998347107438016 0.2644151565074135 0.04132231404958678 0.04036243822075782
118 0.33239669421487605 0.7813014827018122 0.04132231404958678 0.048599670510708404
149 0.3133884297520661 0.42689456342668863 0.035041322314049585 0.039950576606260293
99 0.2996694214876033 0.7162273476112027 0.02347107438016529 0.04365733113673806
44 0.49239669421487603 0.49897034596375617 0.05256198347107438 0.05724876441515651
224 0.4 0.667833607907743 0.03371900826446281 0.04654036243822076
149 0.4965289256198347 0.3807660626029654 0.03570247933884298 0.039950576606260293
118 0.4525619834710744 0.5475700164744646 0.0343801652892562 0.03747940691927512
118 0.6127272727272727 0.443163097199341 0.017520661157024792 0.03377265238879736
119 0.8310743801652892 0.2650329489291598 0.03768595041322314 0.05065897858319605
7 0.4809917355371901 0.7883031301482701 0.031735537190082645 0.048599670510708404
224 0.7933884297520661 0.37582372322899504 0.0343801652892562 0.05065897858319605
44 0.811900826446281 0.19748764415156508 0.049586776859504134 0.05065897858319605
160 0.4809917355371901 0.8434925864909391 0.03305785123966942 0.045304777594728174
22 0.3950413223140496 0.7837726523887973 0.031074380165289257 0.04695222405271829
22 0.3687603305785124 0.7833607907742999 0.0287603305785124 0.04942339373970346
211 0.5363636363636364 0.6153212520593081 0.017520661157024792 0.05354200988467875
200 0.5138842975206611 0.681836902800659 0.030082644628099172 0.048187808896210875
224 0.2687603305785124 0.4866144975288303 0.031735537190082645 0.039126853377265236
32 0.07140495867768595 0.5397446457990115 0.03636363636363636 0.04983525535420099
22 0.42826446280991737 0.49361614497528833 0.03206611570247934 0.0457166392092257
211 0.3014876033057851 0.6626853377265239 0.02446280991735537 0.05683690280065898
6 0.45322314049586776 0.7870675453047776 0.03636363636363636 0.047775947281713346
211 0.3046280991735537 0.604818780889621 0.020165289256198347 0.044892915980230645
224 0.6692561983471075 0.3342257001647446 0.02809917355371901 0.04077429983525535
185 0.5426446280991736 0.6795716639209226 0.0287603305785124 0.04695222405271829
119 0.18363636363636363 0.6511532125205931 0.036694214876033054 0.048599670510708404
200 0.43239669421487603 0.3385502471169687 0.03966942148760331 0.03789126853377265
7 0.5100826446280992 0.6153212520593081 0.035041322314049585 0.051070840197693576
224 0.34892561983471077 0.48929159802306427 0.026776859504132233 0.04612850082372323
200 0.21702479338842975 0.6503294892915981 0.030082644628099172 0.048599670510708404
6 0.39983471074380167 0.4899093904448105 0.03140495867768595 0.05065897858319605
149 0.2462809917355372 0.4238056013179572 0.03570247933884298 0.039538714991762765
118 0.20760330578512395 0.4794069192751236 0.035041322314049585 0.03459637561779242
149 0.555206611570248 0.38900329489291596 0.040661157024793386 0.044892915980230645
149 0.24611570247933884 0.5362438220757826 0.040661157024793386 0.04612850082372323
119 0.8591735537190083 0.2623558484349259 0.03636363636363636 0.04695222405271829
7 0.38727272727272727 0.431836902800659 0.0287603305785124 0.03747940691927512
22 0.17239669421487602 0.5370675453047776 0.033388429752066115 0.047775947281713346
6 0.37586776859504134 0.550658978583196 0.03570247933884298 0.051070840197693576
118 0.23057851239669422 0.770181219110379 0.038677685950413224 0.047775947281713346
44 0.04512396694214876 0.47096375617792424 0.017520661157024792 0.04242174629324547
200 0.8871074380165289 0.2631795716639209 0.029421487603305783 0.045304777594728174
118 0.16198347107438016 0.7646210873146623 0.03966942148760331 0.051482701812191105
118 0.35256198347107437 0.4264827018121911 0.03801652892561983 0.04077429983525535
99 0.38049586776859506 0.6120263591433278 0.026446280991735537 0.045304777594728174
224 0.4256198347107438 0.78500823723229 0.03140495867768595 0.048599670510708404
118 0.9071074380165289 0.32084019769357497 0.025785123966942148 0.044481054365733116
200 0.880495867768595 0.32722405271828664 0.03272727272727273 0.04654036243822076
149 0.3621487603305785 0.663509060955519 0.03801652892561983 0.04695222405271829
58 0.4226446280991736 0.7294069192751236 0.05256198347107438 0.044481054365733116
200 0.09834710743801653 0.53665568369028 0.0287603305785124 0.045304777594728174
58 0.8563636363636363 0.20037067545304776 0.04925619834710744 0.051482701812191105
32 0.25355371900826446 0.7182866556836903 0.025785123966942148 0.04942339373970346
22 0.7950413223140496 0.318163097199341 0.031735537190082645 0.04901153212520593
224 0.5725619834710743 0.28439044481054365 0.048264462809917356 0.04159802306425041
149 0.10809917355371901 0.47590609555189456 0.039008264462809916 0.04983525535420099
200 0.8910743801652893 0.20098846787479407 0.030082644628099172 0.045304777594728174
118 0.48677685950413224 0.7312602965403624 0.03272727272727273 0.04159802306425041
160 0.455702479338843 0.7329077429983526 0.03272727272727273 0.04983525535420099
22 0.2991735537190083 0.4847611202635914 0.03636363636363636 0.03706754530477759
58 0.12429752066115703 0.600494233937397 0.0456198347107438 0.03789126853377265
149 0.5928925619834711 0.2296128500823723 0.036694214876033054 0.05230642504118616
118 0.2097520661157025 0.539332784184514 0.04 0.04654036243822076
211 0.3252892561983471 0.48620263591433277 0.02115702479338843 0.044892915980230645
13 0.17966942148760331 0.710667215815486 0.03404958677685951 0.04983525535420099
58 0.3657851239669421 0.38694398682042835 0.03801652892561983 0.03500823723228995
7 0.32578512396694215 0.7186985172981878 0.02809917355371901 0.047775947281713346
13 0.6219834710743801 0.1694810543657331 0.026115702479338844 0.04406919275123559
7 0.09388429752066116 0.42277594728171336 0.035041322314049585 0.0457166392092257
7 0.38776859504132233 0.7271416803953872 0.0343801652892562 0.044892915980230645
106 0.06 0.41968698517298186 0.04 0.04695222405271829
7 0.4289256198347107 0.6707166392092258 0.03074380165289256 0.04324546952224053
224 0.3555371900826446 0.7226112026359144 0.03140495867768595 0.044892915980230645
7 0.7814876033057852 0.43430807248764414 0.03570247933884298 0.04901153212520593
211 0.2821487603305785 0.539332784184514 0.026115702479338844 0.04159802306425041
44 0.44297520661157025 0.6105848434925865 0.05024793388429752 0.04242174629324547
99 0.48958677685950414 0.4392504118616145 0.03305785123966942 0.04159802306425041
200 0.45041322314049587 0.842668863261944 0.033388429752066115 0.048599670510708404
22 0.3244628099173554 0.3832372322899506 0.040661157024793386 0.04159802306425041
211 0.6143801652892562 0.28439044481054365 0.04330578512396694 0.039950576606260293
99 0.8219834710743802 0.3210461285008237 0.022148760330578512 0.05065897858319605
6 0.2699173553719008 0.7761532125205931 0.04 0.04983525535420099
7 0.07471074380165289 0.4728171334431631 0.031735537190082645 0.03542009884678748
224 0.32727272727272727 0.6062602965403624 0.031074380165289257 0.044481054365733116
16 0.847603305785124 0.32269357495881384 0.03305785123966942 0.05065897858319605
211 0.8441322314049586 0.3747940691927512 0.015537190082644628 0.045304777594728174
8 0.18462809917355372 0.4190691927512356 0.0287603305785124 0.04159802306425041
185 0.32049586776859507 0.6645387149917628 0.03603305785123967 0.048187808896210875
224 0.30727272727272725 0.5411861614497528 0.030082644628099172 0.04695222405271829
118 0.5950413223140496 0.38797364085667213 0.040991735537190085 0.04695222405271829
149 0.4147107438016529 0.5525123558484349 0.04132231404958678 0.0457166392092257
13 0.6165289256198347 0.3346375617792422 0.02446280991735537 0.04324546952224053
160 0.5636363636363636 0.4359555189456343 0.03636363636363636 0.04159802306425041
32 0.8738842975206611 0.3756177924217463 0.033388429752066115 0.04036243822075782
7 0.42363636363636364 0.8395799011532126 0.040661157024793386 0.05313014827018122
44 0.5421487603305785 0.33484349258649093 0.056859504132231405 0.03459637561779242
118 0.9251239669421487 0.20325370675453047 0.04198347107438016 0.05313014827018122
200 0.651404958677686 0.17895387149917627 0.030082644628099172 0.04901153212520593
44 0.5871074380165289 0.44831136738056016 0.02446280991735537 0.04736408566721582
149 0.2765289256198347 0.7174629324546952 0.03404958677685951 0.04118616144975288
58 0.13041322314049586 0.5378912685337727 0.040661157024793386 0.04612850082372323
211 0.3750413223140496 0.48846787479406917 0.020826446280991735 0.042009884678747944
200 0.19388429752066116 0.7681219110378913 0.03471074380165289 0.044481054365733116
200 0.8231404958677686 0.3774711696869852 0.02512396694214876 0.04159802306425041
200 0.4937190082644628 0.3366968698517298 0.040661157024793386 0.039950576606260293
200 0.16925619834710745 0.4845551894563427 0.03570247933884298 0.03830313014827018
160 0.15173553719008265 0.7094316309719935 0.031735537190082645 0.04983525535420099
110 0.13917355371900827 0.47837726523887975 0.031735537190082645 0.036655683690280064
7 0.4533884297520661 0.49567545304777594 0.03404958677685951 0.05065897858319605
22 0.2821487603305785 0.6042009884678748 0.030082644628099172 0.04695222405271829
119 0.3958677685950413 0.8408154859967051 0.03074380165289256 0.04159802306425041
