22 0.21649659863945578 0.7226235741444867 0.03639455782312925 0.042965779467680605
200 0.3401360544217687 0.24448669201520912 0.021768707482993196 0.04714828897338403
13 0.17108843537414967 0.6247148288973384 0.0380952380952381 0.04182509505703422
118 0.13333333333333333 0.24733840304182508 0.03469387755102041 0.039923954372623575
106 0.47465986394557824 0.24258555133079848 0.04387755102040816 0.045627376425855515
211 0.9170068027210885 0.6572243346007605 0.029251700680272108 0.043726235741444866
7 0.8032312925170068 0.5193916349809886 0.03707482993197279 0.03954372623574144
119 0.28061224489795916 0.3834600760456274 0.03333333333333333 0.04448669201520913
200 0.141156462585034 0.6241444866920152 0.029251700680272108 0.042965779467680605
7 0.33010204081632655 0.5722433460076045 0.02687074829931973 0.04334600760456274
22 0.48299319727891155 0.6629277566539924 0.02857142857142857 0.04144486692015209
13 0.8318027210884353 0.6623574144486692 0.04387755102040816 0.04790874524714829
149 0.12585034013605442 0.29581749049429656 0.03741496598639456 0.04790874524714829
99 0.266156462585034 0.24809885931558937 0.01870748299319728 0.0376425855513308
200 0.2947278911564626 0.7212927756653993 0.0336734693877551 0.04258555133079848
200 0.16139455782312925 0.24429657794676807 0.025510204081632654 0.035361216730038024
22 0.36428571428571427 0.29163498098859314 0.03877551020408163 0.048669201520912544
176 0.23809523809523808 0.6237642585551331 0.0380952380952381 0.04144486692015209
211 0.10612244897959183 0.34163498098859313 0.015646258503401362 0.039163498098859315
185 0.46462585034013604 0.6150190114068441 0.03197278911564626 0.043726235741444866
224 0.5431972789115647 0.42395437262357416 0.022448979591836733 0.03954372623574144
118 0.27006802721088435 0.5760456273764258 0.036734693877551024 0.04258555133079848
110 0.861904761904762 0.523384030418251 0.03197278911564626 0.04144486692015209
118 0.43860544217687075 0.6155893536121673 0.0336734693877551 0.03802281368821293
200 0.5477891156462585 0.37775665399239544 0.025510204081632654 0.04068441064638783
224 0.41717687074829934 0.33935361216730037 0.02687074829931973 0.03460076045627376
7 0.8032312925170068 0.47395437262357415 0.03843537414965986 0.04904942965779468
8 0.7988095238095239 0.4290874524714829 0.03163265306122449 0.04220532319391635
119 0.8670068027210884 0.3811787072243346 0.03333333333333333 0.051330798479087454
200 0.325 0.5239543726235741 0.03571428571428571 0.04258555133079848
13 0.7965986394557824 0.6142585551330798 0.0380952380952381 0.042965779467680605
22 0.20340136054421767 0.626425855513308 0.029931972789115645 0.039923954372623575
99 0.38231292517006804 0.14049429657794676 0.026530612244897958 0.03612167300380228
149 0.5787414965986395 0.6108365019011407 0.02891156462585034 0.043726235741444866
200 0.504421768707483 0.24220532319391636 0.030612244897959183 0.0349809885931559
13 0.3346938775510204 0.38479087452471483 0.031292517006802724 0.04410646387832699
118 0.12108843537414966 0.19600760456273764 0.03537414965986395 0.035361216730038024
211 0.4879251700680272 0.3380228136882129 0.027551020408163266 0.037262357414448666
118 0.8656462585034014 0.6153992395437262 0.04353741496598639 0.043726235741444866
99 0.49523809523809526 0.47452471482889735 0.02312925170068027 0.04638783269961977
224 0.15170068027210884 0.1461977186311787 0.027891156462585033 0.03612167300380228
7 0.3901360544217687 0.33954372623574147 0.030612244897959183 0.03650190114068441
118 0.2139455782312925 0.48365019011406846 0.03605442176870748 0.04410646387832699
22 0.5358843537414966 0.6102661596958175 0.028231292517006804 0.03954372623574144
160 0.8744897959183674 0.5699619771863118 0.030612244897959183 0.044866920152091254
7 0.46904761904761905 0.47281368821292774 0.03197278911564626 0.04828897338403042
211 0.4346938775510204 0.4290874524714829 0.015646258503401362 0.039923954372623575
99 0.3715986394557823 0.4792775665399239 0.017346938775510204 0.04752851711026616
224 0.5710884353741497 0.37661596958174903 0.03197278911564626 0.039923954372623575
176 0.40289115646258505 0.5695817490494297 0.03639455782312925 0.044866920152091254
99 0.4845238095238095 0.6159695817490495 0.01802721088435374 0.03878326996197719
110 0.445578231292517 0.5239543726235741 0.026530612244897958 0.03802281368821293
106 0.8086734693877551 0.7184410646387833 0.05748299319727891 0.055893536121673006
176 0.5180272108843538 0.6140684410646388 0.023809523809523808 0.04410646387832699
118 0.6096938775510204 0.46749049429657796 0.028231292517006804 0.04524714828897338
22 0.8886054421768708 0.5241444866920152 0.020068027210884354 0.04220532319391635
119 0.891156462585034 0.43155893536121676 0.031292517006802724 0.045627376425855515
200 0.45170068027210886 0.4281368821292776 0.025170068027210883 0.03954372623574144
8 0.3753401360544218 0.24106463878326997 0.027551020408163266 0.05855513307984791
176 0.18741496598639457 0.7216730038022814 0.029251700680272108 0.04334600760456274
22 0.41054421768707483 0.29125475285171104 0.025170068027210883 0.04790874524714829
32 0.2477891156462585 0.48422053231939166 0.0336734693877551 0.04904942965779468
99 0.8622448979591837 0.6631178707224334 0.02040816326530612 0.044866920152091254
22 0.25595238095238093 0.38422053231939163 0.03639455782312925 0.039923954372623575
22 0.2532312925170068 0.1435361216730038 0.03435374149659864 0.04448669201520913
200 0.2761904761904762 0.43403041825095057 0.03197278911564626 0.039923954372623575
118 0.6423469387755102 0.5193916349809886 0.03707482993197279 0.045627376425855515
22 0.2627551020408163 0.5311787072243346 0.028231292517006804 0.03878326996197719
200 0.22704081632653061 0.19315589353612167 0.03639455782312925 0.04106463878326996
119 0.5578231292517006 0.2393536121673004 0.02857142857142857 0.04068441064638783
211 0.413265306122449 0.47718631178707227 0.018367346938775512 0.04790874524714829
6 0.3078231292517007 0.3403041825095057 0.029931972789115645 0.04106463878326996
200 0.5615646258503402 0.42433460076045626 0.02585034013605442 0.0403041825095057
119 0.5343537414965986 0.23954372623574144 0.03945578231292517 0.04638783269961977
211 0.5015306122448979 0.6157794676806083 0.014625850340136054 0.04220532319391635
22 0.3476190476190476 0.47756653992395437 0.030612244897959183 0.04258555133079848
211 0.1727891156462585 0.34277566539923954 0.0163265306122449 0.03460076045627376
6 0.44387755102040816 0.33878326996197716 0.030612244897959183 0.0311787072243346
58 0.2590136054421769 0.6726235741444867 0.03571428571428571 0.04182509505703422
211 0.18928571428571428 0.5749049429657794 0.01802721088435374 0.03650190114068441
32 0.261734693877551 0.7203422053231939 0.0336734693877551 0.05057034220532319
200 0.17959183673469387 0.14486692015209127 0.031292517006802724 0.0403041825095057
58 0.38724489795918365 0.5239543726235741 0.04251700680272109 0.04106463878326996
76 0.3122448979591837 0.24695817490494296 0.03605442176870748 0.07718631178707225
211 0.358843537414966 0.42927756653992394 0.014285714285714285 0.03802281368821293
224 0.16870748299319727 0.488212927756654 0.030612244897959183 0.04106463878326996
44 0.6154761904761905 0.5214828897338403 0.030952380952380953 0.038403041825095054
22 0.14251700680272109 0.4844106463878327 0.031292517006802724 0.03878326996197719
200 0.23775510204081632 0.5769961977186312 0.029931972789115645 0.04220532319391635
22 0.1608843537414966 0.7245247148288974 0.0326530612244898 0.04068441064638783
7 0.7981292517006803 0.6615969581749049 0.0336734693877551 0.05475285171102662
211 0.14948979591836734 0.19486692015209126 0.027551020408163266 0.04600760456273764
58 0.22670068027210885 0.5315589353612167 0.04319727891156463 0.03954372623574144
32 0.2608843537414966 0.29125475285171104 0.02857142857142857 0.0403041825095057
119 0.8345238095238096 0.3821292775665399 0.030952380952380953 0.04638783269961977
224 0.1704081632653061 0.5306083650190114 0.024489795918367346 0.04144486692015209
58 0.33231292517006805 0.2923954372623574 0.02108843537414966 0.04182509505703422
118 0.5850340136054422 0.42395437262357416 0.029931972789115645 0.04334600760456274
160 0.28554421768707483 0.3385931558935361 0.025510204081632654 0.038403041825095054
106 0.13707482993197279 0.5781368821292776 0.03877551020408163 0.039923954372623575
22 0.5695578231292517 0.7178707224334601 0.027551020408163266 0.045627376425855515
13 0.4144557823129252 0.6653992395437263 0.02959183673469388 0.03954372623574144
200 0.3423469387755102 0.7188212927756654 0.0336734693877551 0.04068441064638783
224 0.15493197278911564 0.2950570342205323 0.02687074829931973 0.04106463878326996
200 0.8263605442176871 0.29068441064638784 0.03571428571428571 0.05361216730038023
118 0.5670068027210884 0.5226235741444867 0.04013605442176871 0.04068441064638783
119 0.5482993197278911 0.714448669201521 0.022448979591836733 0.04410646387832699
99 0.833843537414966 0.523384030418251 0.03299319727891156 0.04144486692015209
32 0.30374149659863947 0.4311787072243346 0.0380952380952381 0.04182509505703422
32 0.10170068027210884 0.38688212927756654 0.02585034013605442 0.04144486692015209
118 0.29404761904761906 0.5275665399239544 0.03435374149659864 0.03231939163498099
7 0.4658163265306122 0.338212927756654 0.02414965986394558 0.03688212927756654
7 0.358843537414966 0.3817490494296578 0.03537414965986395 0.03954372623574144
22 0.2891156462585034 0.2467680608365019 0.03469387755102041 0.033460076045627375
160 0.16921768707482993 0.6716730038022813 0.03707482993197279 0.043726235741444866
119 0.1945578231292517 0.3414448669201521 0.031292517006802724 0.04410646387832699
7 0.8035714285714286 0.38250950570342207 0.02891156462585034 0.049429657794676805
7 0.44761904761904764 0.24391634980988594 0.023809523809523808 0.042965779467680605
106 0.47959183673469385 0.29163498098859314 0.04217687074829932 0.03650190114068441
118 0.44829931972789117 0.38098859315589356 0.03537414965986395 0.04334600760456274
7 0.33503401360544216 0.42984790874524714 0.03945578231292517 0.042965779467680605
160 0.8681972789115646 0.29011406844106463 0.03571428571428571 0.045627376425855515
200 0.8290816326530612 0.6171102661596958 0.03435374149659864 0.0403041825095057
211 0.5897959183673469 0.47129277566539923 0.017006802721088437 0.0467680608365019
119 0.18197278911564627 0.19391634980988592 0.03877551020408163 0.049429657794676805
13 0.35068027210884356 0.6182509505703422 0.03197278911564626 0.037262357414448666
7 0.27721088435374147 0.48136882129277564 0.031292517006802724 0.04638783269961977
44 0.5773809523809523 0.23973384030418252 0.027551020408163266 0.039923954372623575
200 0.8023809523809524 0.33631178707224335 0.029931972789115645 0.04144486692015209
22 0.8408163265306122 0.5711026615969582 0.031292517006802724 0.044866920152091254
13 0.2030612244897959 0.2923954372623574 0.03537414965986395 0.03954372623574144
58 0.21836734693877552 0.14505703422053232 0.03605442176870748 0.038403041825095054
13 0.5265306122448979 0.3750950570342205 0.03197278911564626 0.042965779467680605
149 0.2316326530612245 0.6692015209125475 0.030612244897959183 0.037262357414448666
58 0.47585034013605443 0.4252851711026616 0.03469387755102041 0.039163498098859315
7 0.37329931972789115 0.5673003802281369 0.03435374149659864 0.04334600760456274
7 0.3768707482993197 0.6197718631178707 0.030612244897959183 0.03954372623574144
118 0.2596938775510204 0.19524714828897338 0.03639455782312925 0.04524714828897338
22 0.4369047619047619 0.29068441064638784 0.03503401360544218 0.04904942965779468
76 0.15340136054421769 0.3452471482889734 0.029931972789115645 0.08897338403041825
44 0.2646258503401361 0.620342205323194 0.024489795918367346 0.04068441064638783
7 0.18231292517006803 0.29163498098859314 0.03197278911564626 0.044866920152091254
224 0.42993197278911566 0.2429657794676806 0.03197278911564626 0.03802281368821293
7 0.3215986394557823 0.14505703422053232 0.0336734693877551 0.03688212927756654
44 0.08401360544217687 0.19638783269961976 0.03945578231292517 0.0376425855513308
149 0.5221088435374149 0.47243346007604564 0.030612244897959183 0.04752851711026616
118 0.5477891156462585 0.2885931558935361 0.03843537414965986 0.05475285171102662
13 0.8729591836734694 0.47661596958174907 0.03503401360544218 0.04220532319391635
58 0.25476190476190474 0.3391634980988593 0.04625850340136054 0.03878326996197719
176 0.3185374149659864 0.47756653992395437 0.02891156462585034 0.05247148288973384
160 0.8319727891156462 0.3376425855513308 0.029251700680272108 0.04258555133079848
224 0.11445578231292516 0.6258555133079848 0.030272108843537416 0.04790874524714829
7 0.43894557823129254 0.6653992395437263 0.03163265306122449 0.03954372623574144
7 0.13962585034013605 0.6703422053231939 0.02619047619047619 0.05171102661596958
211 0.39608843537414967 0.6192015209125475 0.017346938775510204 0.035361216730038024
13 0.31666666666666665 0.7197718631178707 0.029931972789115645 0.045627376425855515
119 0.8034013605442177 0.5653992395437263 0.03877551020408163 0.05095057034220532
149 0.3389455782312925 0.33840304182509506 0.03571428571428571 0.03802281368821293
22 0.1695578231292517 0.5756653992395437 0.030272108843537416 0.03650190114068441
22 0.24812925170068026 0.4370722433460076 0.03571428571428571 0.05057034220532319
118 0.3685374149659864 0.0967680608365019 0.03231292517006803 0.03688212927756654
160 0.8613945578231292 0.4306083650190114 0.030952380952380953 0.04752851711026616
149 0.09931972789115646 0.24752851711026616 0.031292517006802724 0.03878326996197719
211 0.24081632653061225 0.7250950570342205 0.024489795918367346 0.050190114068441066
211 0.45170068027210886 0.5673003802281369 0.022448979591836733 0.04182509505703422
118 0.37329931972789115 0.720532319391635 0.04047619047619048 0.04714828897338403
76 0.4384353741496599 0.7190114068441065 0.03469387755102041 0.061596958174904945
224 0.12891156462585035 0.43859315589353615 0.03605442176870748 0.03384030418250951
168 0.5153061224489796 0.6631178707224334 0.04217687074829932 0.06768060836501902
224 0.3663265306122449 0.33688212927756656 0.030612244897959183 0.04106463878326996
160 0.8375850340136054 0.47490494296577945 0.03571428571428571 0.05095057034220532
211 0.12448979591836734 0.3446768060836502 0.01904761904761905 0.04828897338403042
106 0.10986394557823129 0.4844106463878327 0.04421768707482993 0.04258555133079848
22 0.5153061224489796 0.29391634980988596 0.03333333333333333 0.037262357414448666
118 0.18928571428571428 0.4344106463878327 0.04183673469387755 0.04220532319391635
149 0.5474489795918367 0.6602661596958175 0.03639455782312925 0.039923954372623575
200 0.47312925170068026 0.567680608365019 0.025170068027210883 0.04410646387832699
224 0.5224489795918368 0.42452471482889736 0.026530612244897958 0.04068441064638783
13 0.15799319727891156 0.3861216730038023 0.03843537414965986 0.04144486692015209
200 0.41768707482993195 0.43079847908745245 0.029251700680272108 0.04106463878326996
7 0.41496598639455784 0.6163498098859316 0.023809523809523808 0.03802281368821293
200 0.38792517006802724 0.3821292775665399 0.03231292517006803 0.03878326996197719
224 0.35272108843537414 0.523574144486692 0.030612244897959183 0.0403041825095057
211 0.49421768707482994 0.5692015209125475 0.014965986394557823 0.037262357414448666
106 0.21156462585034014 0.24258555133079848 0.03197278911564626 0.03878326996197719
22 0.5722789115646258 0.47129277566539923 0.028231292517006804 0.04448669201520913
211 0.3585034013605442 0.244106463878327 0.014965986394557823 0.04258555133079848
13 0.3903061224489796 0.29277566539923955 0.01870748299319728 0.053231939163498096
118 0.6107142857142858 0.24258555133079848 0.05204081632653061 0.048669201520912544
99 0.09200680272108844 0.29163498098859314 0.03231292517006803 0.045627376425855515
200 0.4034013605442177 0.24334600760456274 0.029931972789115645 0.037262357414448666
7 0.12414965986394558 0.3849809885931559 0.03197278911564626 0.04144486692015209
211 0.18333333333333332 0.24524714828897337 0.017006802721088437 0.03878326996197719
22 0.3062925170068027 0.38193916349809887 0.030952380952380953 0.04144486692015209
7 0.47585034013605443 0.38136882129277566 0.03469387755102041 0.04714828897338403
149 0.19183673469387755 0.3876425855513308 0.0380952380952381 0.038403041825095054
7 0.2872448979591837 0.2893536121673004 0.030272108843537416 0.037262357414448666
211 0.3107142857142857 0.29125475285171104 0.016666666666666666 0.03878326996197719
160 0.15578231292517006 0.4361216730038023 0.034013605442176874 0.045627376425855515
7 0.2916666666666667 0.6697718631178707 0.03571428571428571 0.042965779467680605
44 0.13316326530612244 0.532319391634981 0.04387755102040816 0.04106463878326996
211 0.3523809523809524 0.5718631178707224 0.022448979591836733 0.04714828897338403
13 0.20578231292517007 0.6699619771863118 0.029251700680272108 0.0403041825095057
7 0.416156462585034 0.3796577946768061 0.03503401360544218 0.03688212927756654
200 0.24319727891156462 0.2467680608365019 0.029931972789115645 0.0403041825095057
200 0.2304421768707483 0.2925855513307985 0.03435374149659864 0.039923954372623575
185 0.8622448979591837 0.3359315589353612 0.03877551020408163 0.039163498098859315
13 0.3025510204081633 0.5718631178707224 0.03435374149659864 0.04182509505703422
13 0.5093537414965986 0.720532319391635 0.027551020408163266 0.045627376425855515
22 0.3268707482993197 0.620342205323194 0.03197278911564626 0.04144486692015209
7 0.47312925170068026 0.5226235741444867 0.03741496598639456 0.04220532319391635
22 0.220578231292517 0.33992395437262357 0.03843537414965986 0.037262357414448666
7 0.4869047619047619 0.7186311787072244 0.02619047619047619 0.04410646387832699
6 0.21054421768707482 0.5754752851711027 0.029251700680272108 0.04144486692015209
16 0.5510204081632653 0.4716730038022814 0.03197278911564626 0.05057034220532319
32 0.7950680272108843 0.2885931558935361 0.028231292517006804 0.05171102661596958
6 0.22227891156462584 0.43403041825095057 0.03503401360544218 0.042965779467680605
7 0.42857142857142855 0.5671102661596958 0.0326530612244898 0.04448669201520913
211 0.6037414965986394 0.6098859315589353 0.025170068027210883 0.048669201520912544
32 0.3603741496598639 0.6671102661596958 0.03231292517006803 0.042965779467680605
22 0.41768707482993195 0.5230038022813688 0.02585034013605442 0.042965779467680605
211 0.11037414965986395 0.5773764258555133 0.01802721088435374 0.04144486692015209
44 0.329421768707483 0.10114068441064639 0.04319727891156463 0.030418250950570342
224 0.5942176870748299 0.717490494296578 0.030612244897959183 0.04790874524714829
200 0.40748299319727893 0.7182509505703422 0.03605442176870748 0.04334600760456274
8 0.22687074829931972 0.38384030418250953 0.03197278911564626 0.04524714828897338
13 0.5938775510204082 0.5209125475285171 0.029931972789115645 0.045627376425855515
22 0.5316326530612245 0.7188212927756654 0.029251700680272108 0.04068441064638783
211 0.21037414965986395 0.19239543726235742 0.020068027210884354 0.04258555133079848
99 0.5552721088435374 0.6123574144486692 0.022108843537414966 0.039163498098859315
106 0.5059523809523809 0.5228136882129277 0.04591836734693878 0.04714828897338403
118 0.13486394557823128 0.7258555133079848 0.02142857142857143 0.049429657794676805
7 0.38724489795918365 0.6634980988593155 0.027551020408163266 0.03650190114068441
22 0.19523809523809524 0.5313688212927756 0.030612244897959183 0.0376425855513308
99 0.46445578231292517 0.7199619771863118 0.01870748299319728 0.04448669201520913
200 0.8304421768707483 0.4317490494296578 0.0336734693877551 0.04144486692015209
118 0.28843537414965986 0.14543726235741444 0.03605442176870748 0.039163498098859315
224 0.39387755102040817 0.47661596958174907 0.027891156462585033 0.04220532319391635
118 0.4370748299319728 0.47756653992395437 0.036734693877551024 0.045627376425855515
58 0.38537414965986394 0.4247148288973384 0.044897959183673466 0.04638783269961977
32 0.4989795918367347 0.37927756653992395 0.029251700680272108 0.04144486692015209
200 0.5015306122448979 0.42395437262357416 0.02414965986394558 0.0349809885931559
22 0.889795918367347 0.6576045627376426 0.03333333333333333 0.04904942965779468
224 0.29302721088435374 0.620722433460076 0.03503401360544218 0.04144486692015209
211 0.18996598639455783 0.4849809885931559 0.02074829931972789 0.04828897338403042
7 0.5379251700680272 0.5197718631178707 0.03299319727891156 0.04182509505703422
211 0.3003401360544218 0.48136882129277564 0.02108843537414966 0.05171102661596958
99 0.3318027210884354 0.6720532319391636 0.02687074829931973 0.042965779467680605
106 0.3525510204081633 0.1429657794676806 0.04047619047619048 0.03954372623574144
