110 0.17371885284438177 0.38574793875147234 0.03902209685002351 0.030624263839811542
32 0.23342736248236953 0.894434628975265 0.04466384579219558 0.027974087161366314
160 0.25763986835919134 0.5008833922261484 0.044193700047014575 0.03415783274440518
44 0.269158439116126 0.7189340400471143 0.0540667606958157 0.030918727915194347
22 0.28091208274565116 0.23836866902237927 0.03620122237893747 0.03386336866902238
211 0.44922425952045136 0.5097173144876325 0.022096850023507288 0.032391048292108364
118 0.38669487541137754 0.3467314487632509 0.04936530324400564 0.03032979976442874
106 0.36459802538787023 0.5413722025912838 0.05688763516690174 0.031507656065959955
13 0.1998119417019276 0.6073321554770318 0.04231311706629055 0.03032979976442874
211 0.3340385519511048 0.4674617196702002 0.0230371415138693 0.03386336866902238
224 0.32910202162670427 0.8320082449941107 0.040432534085566525 0.03327444051825677
118 0.29642689233662434 0.9260895170789164 0.04936530324400564 0.021790341578327443
160 0.8220498354489892 0.36852179034157834 0.0540667606958157 0.03680800942285041
7 0.3627174424071462 0.19228504122497056 0.03902209685002351 0.030035335689045935
22 0.8909261871180065 0.5191401648998822 0.045133991537376586 0.03297997644287397
58 0.7557592853784674 0.5845111896348646 0.0305594734367654 0.027090694935217905
32 0.1323460272684532 0.42682567726737336 0.05124588622472966 0.03386336866902238
13 0.3455571227080395 0.8932567726737338 0.040432534085566525 0.03032979976442874
7 0.43511988716502115 0.5768551236749117 0.03996238834038552 0.03297997644287397
224 0.842971321109544 0.5904004711425206 0.035731076633756464 0.02767962308598351
6 0.2628114715561824 0.5742049469964664 0.041372825575928536 0.03180212014134275
224 0.16995768688293372 0.8970848056537103 0.0380818053596615 0.02856301531213192
200 0.3020686412787964 0.6481154299175501 0.04466384579219558 0.030624263839811542
106 0.29854254818993886 0.46805064782096584 0.05453690644099671 0.031507656065959955
185 0.3857545839210155 0.6473792697290931 0.04466384579219558 0.03504122497055359
118 0.2545839210155148 0.3486454652532391 0.05312646920545369 0.03180212014134275
211 0.8596614950634697 0.47703180212014135 0.028678890456041373 0.03828032979976443
6 0.3615420780441937 0.46775618374558303 0.04231311706629055 0.03445229681978799
211 0.16549130230371414 0.15459363957597172 0.022566995768688293 0.03297997644287397
200 0.4153737658674189 0.5079505300353356 0.04466384579219558 0.030035335689045935
211 0.18147625763986835 0.3127208480565371 0.026328161730136343 0.02944640753828033
13 0.8803479078514339 0.33966431095406363 0.04184297132110954 0.026207302709069492
200 0.2000470145745181 0.7187868080094229 0.0380818053596615 0.030035335689045935
106 0.25693464974141983 0.6481154299175501 0.0540667606958157 0.0353356890459364
99 0.37893747061589095 0.5098645465253239 0.031029619181946404 0.03386336866902238
106 0.1619652092148566 0.3474676089517079 0.05218617771509168 0.02944640753828033
58 0.20192759755524212 0.6453180212014135 0.05594734367653973 0.03327444051825677
211 0.5176304654442877 0.6124852767962309 0.020686412787964268 0.037102473498233215
22 0.13540197461212977 0.3870730270906949 0.044193700047014575 0.030918727915194347
211 0.7994828396803009 0.5849528857479388 0.04184297132110954 0.027974087161366314
118 0.44546309355900326 0.3134570082449941 0.04748472026328162 0.03327444051825677
7 0.4080865068171133 0.5426972909305064 0.044193700047014575 0.03297997644287397
149 0.4026798307475317 0.3113957597173145 0.03902209685002351 0.03327444051825677
211 0.8192289609779031 0.4383097762073027 0.03902209685002351 0.03268551236749117
7 0.15796897038081806 0.7569199057714959 0.039492242595204514 0.029740871613663133
200 0.27033380347907854 0.8948763250883393 0.039492242595204514 0.027090694935217905
119 0.7693935119887165 0.5173733804475854 0.04184297132110954 0.035924617196702
224 0.4717912552891396 0.5815665488810365 0.04466384579219558 0.02944640753828033
149 0.2919605077574048 0.2776796230859835 0.044193700047014575 0.03121319199057715
7 0.2606958157028679 0.3111012956419317 0.03902209685002351 0.031507656065959955
7 0.7764456981664316 0.3667550058892815 0.04278326281147156 0.03504122497055359
22 0.229901269393512 0.15547703180212014 0.04231311706629055 0.030624263839811542
185 0.30959097320169254 0.6846289752650176 0.04278326281147156 0.032391048292108364
13 0.45839210155148097 0.6133686690223793 0.038551951104842504 0.03180212014134275
13 0.8537846732487071 0.5569787985865724 0.048895157498824636 0.03327444051825677
200 0.38105312646920547 0.893698468786808 0.04748472026328162 0.028268551236749116
58 0.7870239774330042 0.4028268551236749 0.06017865538316878 0.035924617196702
224 0.22331922896097792 0.8287691401648999 0.036671368124118475 0.0267962308598351
8 0.8417959567465915 0.5167844522968198 0.04748472026328162 0.037102473498233215
211 0.1755994358251058 0.2781213191990577 0.02773859896567936 0.03268551236749117
160 0.8067700987306065 0.5549175500588928 0.047014574518100614 0.03209658421672556
106 0.35966149506346967 0.5781802120141343 0.0460742830277386 0.031507656065959955
8 0.14151386929948284 0.682567726737338 0.031029619181946404 0.03651354534746761
7 0.4898918664786084 0.6123380447585395 0.036671368124118475 0.03386336866902238
160 0.11894687353079454 0.3121319199057715 0.038551951104842504 0.028268551236749116
118 0.2743300423131171 0.15518256772673733 0.05312646920545369 0.03356890459363958
13 0.8803479078514339 0.592756183745583 0.04184297132110954 0.030624263839811542
160 0.1076633756464504 0.19714369846878682 0.045133991537376586 0.03445229681978799
32 0.21720733427362482 0.4998527679623086 0.044193700047014575 0.03268551236749117
32 0.11048425011753643 0.2776796230859835 0.032910202162670425 0.03356890459363958
44 0.35613540197461213 0.6855123674911661 0.059708509637987774 0.030035335689045935
44 0.34132581100141046 0.3483510011778563 0.05829807240244476 0.02944640753828033
200 0.26022566995768687 0.7947585394581861 0.04372355430183357 0.030035335689045935
106 0.3446168312176775 0.6127797408716137 0.047014574518100614 0.032391048292108364
44 0.8034790785143394 0.300206124852768 0.07146215326751293 0.031507656065959955
200 0.19417019275975553 0.5371024734982333 0.037611659614480486 0.02767962308598351
160 0.1224729666196521 0.5387220259128387 0.03620122237893747 0.029151943462897525
160 0.18735307945463092 0.7572143698468787 0.03902209685002351 0.031507656065959955
211 0.25763986835919134 0.9272673733804476 0.026328161730136343 0.025323910482921083
118 0.30912082745651154 0.892962308598351 0.0465444287729196 0.029151943462897525
7 0.152797367183827 0.7909305064782096 0.040432534085566525 0.03180212014134275
160 0.28702397743300423 0.1956713780918728 0.03620122237893747 0.03268551236749117
211 0.8044193700047014 0.5182567726737338 0.03008932769158439 0.034746760895170786
7 0.20827456511518572 0.3465842167255595 0.045133991537376586 0.030624263839811542
211 0.5072872590503056 0.5188457008244994 0.019746121297602257 0.04004711425206125
7 0.2063939821344617 0.27709069493521793 0.034790785143394454 0.034746760895170786
149 0.17465914433474378 0.8610129564193169 0.0465444287729196 0.035924617196702
7 0.17465914433474378 0.6831566548881036 0.03996238834038552 0.030035335689045935
200 0.2543488481429243 0.7579505300353356 0.036671368124118475 0.028268551236749116
7 0.14480488951574988 0.27723792697290933 0.037611659614480486 0.03386336866902238
13 0.13657733897508229 0.15429917550058891 0.04184297132110954 0.03356890459363958
99 0.2454160789844852 0.38501177856301533 0.03385049365303244 0.03386336866902238
99 0.2075693464974142 0.42653121319199055 0.02773859896567936 0.030918727915194347
58 0.22096850023507286 0.31095406360424027 0.06017865538316878 0.030624263839811542
149 0.8441466854724965 0.40621319199057715 0.04372355430183357 0.03209658421672556
106 0.304654442877292 0.502944640753828 0.05547719793135872 0.032391048292108364
160 0.8326281147155619 0.3339222614840989 0.051716031969910675 0.03297997644287397
32 0.21415138692994828 0.4649587750294464 0.04936530324400564 0.037102473498233215
118 0.17277856135401976 0.23895759717314488 0.05030559473436765 0.03504122497055359
224 0.2684532204983545 0.6086572438162544 0.036671368124118475 0.026501766784452298
185 0.7738598965679361 0.43565959952885747 0.05829807240244476 0.03386336866902238
211 0.28960977903149976 0.576266195524146 0.019746121297602257 0.03121319199057715
160 0.269158439116126 0.42432273262661957 0.04184297132110954 0.03651354534746761
7 0.21133051245886225 0.38515901060070673 0.04372355430183357 0.03180212014134275
7 0.230371415138693 0.9272673733804476 0.035731076633756464 0.02591283863368669
160 0.38058298072402447 0.23748527679623085 0.03149976492712741 0.03504122497055359
119 0.2940761636107193 0.3121319199057715 0.03902209685002351 0.03180212014134275
224 0.3239304184297132 0.19316843345111898 0.04231311706629055 0.03180212014134275
13 0.20357310766337564 0.6816843345111896 0.038551951104842504 0.028857479387514724
13 0.15021156558533144 0.3112485276796231 0.03714151386929948 0.027090694935217905
32 0.22143864598025387 0.7937279151943463 0.051716031969910675 0.03445229681978799
211 0.13634226610249178 0.23807420494699646 0.018805829807240243 0.03386336866902238
7 0.32816173013634226 0.30962897526501765 0.038551951104842504 0.030918727915194347
22 0.2536436295251528 0.465547703180212 0.04560413728255759 0.03415783274440518
44 0.3824635637047485 0.2785630153121319 0.05688763516690174 0.03415783274440518
22 0.8946873530794547 0.47703180212014135 0.041372825575928536 0.03415783274440518
149 0.39774330042313116 0.5774440518256773 0.040432534085566525 0.03180212014134275
149 0.4029149036201222 0.46952296819787986 0.047954866008462625 0.0356301531213192
185 0.8521391631405736 0.2622202591283863 0.05876821814762576 0.03857479387514723
224 0.4795486600846262 0.5147232037691402 0.036671368124118475 0.034746760895170786
32 0.7778561354019746 0.4740871613663133 0.05218617771509168 0.03769140164899882
200 0.37940761636107195 0.6116018845700825 0.034790785143394454 0.02767962308598351
200 0.346262341325811 0.5064782096584217 0.04090267983074753 0.027090694935217905
13 0.22449459332393043 0.7575088339222615 0.04090267983074753 0.031507656065959955
224 0.15961448048895158 0.574057714958775 0.04278326281147156 0.029740871613663133
7 0.14386459802538787 0.462603062426384 0.0460742830277386 0.032391048292108364
118 0.345322049835449 0.6485571260306242 0.04560413728255759 0.031507656065959955
224 0.27997179125528915 0.6841872791519434 0.03996238834038552 0.029151943462897525
7 0.7863187588152327 0.3325971731448763 0.04372355430183357 0.03268551236749117
7 0.47249647390691113 0.4739399293286219 0.044193700047014575 0.03504122497055359
22 0.21321109543958627 0.19699646643109542 0.04560413728255759 0.02944640753828033
211 0.5016455101081335 0.4754122497055359 0.021626704278326282 0.03386336866902238
200 0.2550540667606958 0.1981743227326266 0.04090267983074753 0.028857479387514724
211 0.231311706629055 0.7198174322732627 0.028208744710860368 0.03386336866902238
7 0.8232251998119418 0.4746760895170789 0.0460742830277386 0.035924617196702
200 0.2837329572167372 0.38574793875147234 0.0465444287729196 0.030624263839811542
176 0.1605547719793136 0.19935217903415783 0.05218617771509168 0.037102473498233215
7 0.24118476727785615 0.4249116607773852 0.0460742830277386 0.0353356890459364
22 0.8730606488011283 0.37176089517078914 0.0460742830277386 0.03386336866902238
118 0.41889985895627646 0.6143992932862191 0.047954866008462625 0.029151943462897525
13 0.29595674659144333 0.3490871613663133 0.03902209685002351 0.029740871613663133
211 0.1852374236013164 0.7934334511189635 0.028208744710860368 0.031507656065959955
224 0.1927597555242125 0.15429917550058891 0.035731076633756464 0.03356890459363958
22 0.3027738598965679 0.6105712603062426 0.043253408556652564 0.02856301531213192
118 0.31170662905500707 0.42697290930506476 0.052656323460272686 0.035924617196702
211 0.12764456981664316 0.3490871613663133 0.021156558533145273 0.027974087161366314
118 0.22261401034320638 0.8618963486454653 0.05312646920545369 0.03121319199057715
118 0.15491302303714152 0.6101295641931684 0.05876821814762576 0.030624263839811542
22 0.2397743300423131 0.6844817432273262 0.040432534085566525 0.03209658421672556
224 0.40479548660084624 0.23777974087161366 0.037611659614480486 0.031507656065959955
185 0.36483309826046073 0.30992343934040045 0.047014574518100614 0.031507656065959955
211 0.1765397273154678 0.4627502944640754 0.02679830747531735 0.03268551236749117
7 0.19793135872120357 0.5722909305064782 0.044193700047014575 0.03209658421672556
211 0.37470615890926184 0.38545347467608954 0.023507287259050307 0.03356890459363958
58 0.3342736248236953 0.2748822143698469 0.047954866008462625 0.030918727915194347
106 0.2458862247296662 0.27723792697290933 0.0535966149506347 0.031507656065959955
149 0.7940761636107193 0.2629564193168433 0.06017865538316878 0.04004711425206125
211 0.16713681241184766 0.7193757361601885 0.028678890456041373 0.028857479387514724
211 0.1993417959567466 0.8966431095406361 0.027268453220498354 0.032391048292108364
7 0.12482369534555712 0.5727326266195524 0.0305594734367654 0.030035335689045935
118 0.4292430653502586 0.2788574793875147 0.04231311706629055 0.03415783274440518
224 0.8634226610249177 0.30182567726737336 0.05312646920545369 0.03828032979976443
160 0.28890456041372825 0.7553003533568905 0.04184297132110954 0.02767962308598351
224 0.3450869769628585 0.38545347467608954 0.039492242595204514 0.03180212014134275
44 0.16831217677480018 0.5001472320376914 0.06393982134461683 0.02561837455830389
160 0.1612599905970851 0.8258244994110718 0.034790785143394454 0.03268551236749117
7 0.10977903149976492 0.23851590106007067 0.03149976492712741 0.03297997644287397
7 0.43723554301833567 0.23512956419316844 0.04231311706629055 0.03680800942285041
118 0.44945933239304187 0.5440223792697291 0.05453690644099671 0.03209658421672556
211 0.3149976492712741 0.38604240282685515 0.028208744710860368 0.030624263839811542
160 0.2940761636107193 0.8275912838633687 0.03620122237893747 0.029740871613663133
22 0.2381288199341796 0.6089517078916372 0.04090267983074753 0.028268551236749116
200 0.3159379407616361 0.5771495877502945 0.040432534085566525 0.02944640753828033
32 0.3154677950164551 0.23895759717314488 0.039492242595204514 0.03504122497055359
13 0.4395862717442407 0.4712897526501767 0.039492242595204514 0.04093050647820966
106 0.23577809120827456 0.5381330977620731 0.05030559473436765 0.031507656065959955
22 0.15749882463563705 0.5375441696113075 0.043253408556652564 0.027385159010600707
58 0.31852374236013165 0.5391637220259128 0.05312646920545369 0.030624263839811542
7 0.21744240714621532 0.23866313309776208 0.04466384579219558 0.03739693757361602
224 0.19158439116126 0.8293580683156655 0.03338034790785143 0.027974087161366314
22 0.17512929007992478 0.42579505300353354 0.03902209685002351 0.030624263839811542
224 0.12106252938410908 0.5020612485276796 0.03338034790785143 0.030624263839811542
22 0.4299482839680301 0.6462014134275619 0.05124588622472966 0.027974087161366314
7 0.765397273154678 0.553150765606596 0.032910202162670425 0.03504122497055359
200 0.34861307005171605 0.23822143698468787 0.04090267983074753 0.03356890459363958
99 0.10178655383168782 0.3473203769140165 0.02679830747531735 0.02856301531213192
106 0.8664786083685942 0.43919316843345113 0.05923836389280677 0.03680800942285041
7 0.27903149976492714 0.5390164899882215 0.03714151386929948 0.03386336866902238
7 0.13939821344616832 0.7198174322732627 0.03244005641748942 0.02856301531213192
22 0.26046074283027737 0.8284746760895171 0.045133991537376586 0.029740871613663133
22 0.1006111894687353 0.15547703180212014 0.035731076633756464 0.02944640753828033
44 0.3606017865538317 0.42623674911660775 0.05547719793135872 0.031507656065959955
211 0.2310766337564645 0.5724381625441696 0.0230371415138693 0.032391048292108364
160 0.15867418899858957 0.6445818610129564 0.04090267983074753 0.03828032979976443
