16 0.6185057964791756 0.5017204301075269 0.08630313439244311 0.06666666666666667
118 0.779089738085015 0.6402150537634409 0.0639759553456419 0.05978494623655914
44 0.7183340489480464 0.7036559139784946 0.07127522541863461 0.04817204301075269
118 0.4884070416487763 0.4967741935483871 0.0742808072133963 0.05849462365591398
118 0.17496779733791326 0.5713978494623656 0.0639759553456419 0.05978494623655914
32 0.37118935165307 0.692258064516129 0.0579647917561185 0.05204301075268817
118 0.469944182052383 0.5681720430107526 0.06998711893516531 0.06623655913978495
200 0.5805066552168313 0.629247311827957 0.055817947617003004 0.044731182795698925
118 0.18205238299699442 0.504731182795699 0.0635465865178188 0.06494623655913978
211 0.6543580936024045 0.5698924731182796 0.030914555603263203 0.05591397849462366
224 0.6114212108200945 0.5696774193548387 0.05753542292829541 0.0546236559139785
211 0.2994847574066123 0.5036559139784946 0.0313439244310863 0.0567741935483871
110 0.7176899957063118 0.7445161290322581 0.0734220695577501 0.044731182795698925
7 0.1292400171747531 0.504731182795699 0.032632030914555604 0.06408602150537634
211 0.32825246887076 0.6939784946236559 0.0322026620867325 0.053763440860215055
200 0.8694718763417776 0.6455913978494624 0.053241734650064404 0.0610752688172043
106 0.7898239587805925 0.7090322580645161 0.06569343065693431 0.056344086021505375
224 0.6423357664233577 0.6329032258064516 0.060970373550880204 0.04946236559139785
149 0.5459424645770717 0.5688172043010753 0.07599828252468871 0.06236559139784946
149 0.7088879347359381 0.638494623655914 0.055817947617003004 0.04430107526881721
211 0.3604551309574925 0.5681720430107526 0.0390725633319021 0.055053763440860215
13 0.24581365392872478 0.5023655913978494 0.07084585659081151 0.0610752688172043
160 0.6550021468441392 0.7645161290322581 0.0502361528553027 0.06408602150537634
32 0.24924860455130957 0.5651612903225807 0.07084585659081151 0.055053763440860215
7 0.8237440961786174 0.5049462365591398 0.058823529411764705 0.06279569892473118
200 0.7754401030485186 0.7686021505376344 0.0446543580936024 0.044731182795698925
99 0.8763417775869472 0.5116129032258064 0.0420781451266638 0.06064516129032258
200 0.42292829540575355 0.492258064516129 0.0626878488621726 0.0675268817204301
118 0.7668527264920567 0.5709677419354838 0.07127522541863461 0.06064516129032258
22 0.6893516530699871 0.5027956989247312 0.0579647917561185 0.060215053763440864
200 0.5936024044654358 0.6980645161290323 0.051094890510948905 0.04817204301075269
110 0.4081150708458566 0.5683870967741935 0.058823529411764705 0.05548387096774193
224 0.6496350364963503 0.6931182795698925 0.060970373550880204 0.05548387096774193
6 0.5145985401459854 0.6240860215053764 0.0553885787891799 0.052473118279569894
118 0.757191927866037 0.5038709677419355 0.0742808072133963 0.05978494623655914
22 0.5525976814083298 0.4976344086021505 0.051524259338772006 0.060215053763440864
200 0.4755259768140833 0.6230107526881721 0.051094890510948905 0.06064516129032258
211 0.8258909403177329 0.6430107526881721 0.038213825676255905 0.05849462365591398
200 0.6990124516960069 0.5709677419354838 0.060970373550880204 0.058924731182795696
7 0.3136539287247746 0.5698924731182796 0.053671103477887505 0.05591397849462366
76 0.35294117647058826 0.489247311827957 0.07556891369686561 0.13032258064516128
