58 0.5272796642502862 0.8514790468364831 0.035864173979397174 0.04889071487263763
149 0.5847004959938955 0.6458504519309778 0.04311331552842427 0.04519309778142974
118 0.5833651278138116 0.7497945768282662 0.04120564669973292 0.049301561216105176
200 0.8222052651659671 0.7917009038619556 0.03510110644792064 0.047658175842235
58 0.7668828691339183 0.6452341824157765 0.05723006486074018 0.052999178307313065
7 0.6211369706219 0.801355792933443 0.037390309042350245 0.042317173377156944
44 0.5764975200305227 0.23664749383730485 0.059519267455169785 0.047658175842235
6 0.296260969095765 0.7514379622021364 0.03777184280808851 0.04519309778142974
76 0.462991224723388 0.23397699260476582 0.03777184280808851 0.09572719802793755
22 0.4855017169019458 0.7999178307313065 0.04006104540251812 0.04437140509449466
149 0.35902327355971003 0.7011092851273624 0.04349484929416254 0.050534100246507806
99 0.5322396032048836 0.2921117502054232 0.023655093475772607 0.04847986852917009
99 0.40251812285387256 0.3451109285127362 0.042731781762686 0.043549712407559574
211 0.5135444486837085 0.7006984387838948 0.019839755818389926 0.0571076417419885
224 0.9036627241510874 0.5421117502054231 0.033956505150705835 0.04889071487263763
32 0.5961465089660435 0.8516844700082169 0.03166730255627623 0.04683648315529992
119 0.5495993895459749 0.594494658997535 0.04158718046547119 0.04683648315529992
7 0.2947348340328119 0.45336894001643385 0.04769172071728348 0.050534100246507806
118 0.6676840900419687 0.7497945768282662 0.04349484929416254 0.049301561216105176
149 0.585463563525372 0.6988496302382908 0.04158718046547119 0.05341002465078061
22 0.8031285768790538 0.44926047658175844 0.035864173979397174 0.052999178307313065
211 0.829072872949256 0.38845521774856206 0.024418161007249143 0.05135579293344289
13 0.4591758870660053 0.29519309778142977 0.03700877527661198 0.04396055875102712
160 0.8323159099580313 0.6908381265406738 0.03243037008775276 0.04642563681183237
224 0.8416634872186188 0.33545603944124897 0.037390309042350245 0.0447822514379622
13 0.6306753147653568 0.39708299096138044 0.03815337657382678 0.0447822514379622
149 0.8206791301030141 0.6425636811832375 0.04044257916825639 0.04437140509449466
211 0.8748569248378482 0.3401807723911257 0.03510110644792064 0.04601479046836483
7 0.8672262495230828 0.5414954806902219 0.03815337657382678 0.04601479046836483
22 0.5635253719954216 0.8510682004930156 0.0343380389164441 0.04560394412489729
58 0.5377718428080885 0.6466721446179129 0.061426936283861124 0.0419063270336894
22 0.8384204502098436 0.44720624486442073 0.03700877527661198 0.04971240755957272
22 0.5923311713086609 0.5032867707477403 0.03777184280808851 0.04437140509449466
106 0.7586798931705456 0.4529580936729663 0.049217855780236554 0.05217748562037798
211 0.520030522701259 0.5959326211996713 0.021365890881343 0.04396055875102712
211 0.4685234643265929 0.18364831552999178 0.02823349866463182 0.03779786359901397
99 0.47787104158718047 0.847986852917009 0.03166730255627623 0.04519309778142974
106 0.5478824876001526 0.4991783073130649 0.052651659671880964 0.04026294165981923
22 0.44086226631056846 0.7037797863599013 0.03853491033956505 0.049301561216105176
22 0.7884395268981305 0.7939605587510271 0.03243037008775276 0.0390304026294166
22 0.6604349484929416 0.6000410846343468 0.037390309042350245 0.04642563681183237
149 0.34891262876764595 0.19165981922760889 0.04845478824876002 0.03574363188167625
99 0.6917207172834796 0.6483155299917831 0.030522701259061428 0.04519309778142974
185 0.3943151468904998 0.3954396055875103 0.03471957268218237 0.04642563681183237
22 0.7088897367417016 0.6980279375513558 0.03510110644792064 0.04601479046836483
211 0.32697443723769554 0.3514790468364832 0.022892025944296072 0.04724732949876746
200 0.8161007249141549 0.49239934264585045 0.04349484929416254 0.04313886606409203
200 0.8641739793971767 0.7380854560394412 0.028996566196108357 0.04642563681183237
119 0.7609690957649752 0.33483976992604764 0.04463945059137734 0.04683648315529992
176 0.7493323159099581 0.5965488907148726 0.04349484929416254 0.04272801972062449
176 0.2943533002670736 0.8062859490550535 0.03624570774513544 0.04806902218570255
99 0.4072872949256009 0.24055053410024652 0.02479969477298741 0.04971240755957272
119 0.7359786341091187 0.846138044371405 0.04044257916825639 0.04971240755957272
99 0.5555131629149179 0.3461380443714051 0.03357497138496757 0.04560394412489729
224 0.8525371995421595 0.4950698438783895 0.03853491033956505 0.0419063270336894
200 0.571156047310187 0.45234182415776497 0.038916444105303316 0.043549712407559574
106 0.6947729874093858 0.23397699260476582 0.04807325448302175 0.052999178307313065
6 0.682182373140023 0.34141331142152836 0.04349484929416254 0.05012325390304026
7 0.3752384586035864 0.8046425636811833 0.040824112933994655 0.04313886606409203
118 0.6186570011446013 0.4519309778142975 0.05684853109500191 0.05012325390304026
118 0.7043113315528424 0.5981922760887428 0.05036245707745136 0.05258833196384552
211 0.4336131247615414 0.2393179950698439 0.02861503243037009 0.05464256368118324
22 0.2930179320869897 0.4016023007395234 0.04425791682563907 0.04313886606409203
58 0.3046547119420069 0.6051766639276911 0.061426936283861124 0.05012325390304026
22 0.7231972529568866 0.3368940016433854 0.040824112933994655 0.051766639276910435
149 0.54845478824876 0.5462202136400987 0.04616558565433041 0.04560394412489729
22 0.7941625333842045 0.5949055053410025 0.04235024799694773 0.04437140509449466
224 0.5492178557802365 0.12119967132292522 0.030904235024799696 0.03779786359901397
160 0.5990080122090805 0.28656532456861133 0.042731781762686 0.04396055875102712
200 0.8887829072872949 0.49096138044371407 0.03777184280808851 0.0419063270336894
13 0.8935520793590233 0.5901807723911258 0.042731781762686 0.04560394412489729
22 0.7659290347195726 0.6959737058340181 0.03243037008775276 0.041084634346754315
211 0.5240366272415109 0.8015612161051766 0.029378099961846624 0.049301561216105176
160 0.668065623807707 0.39502875924404274 0.042731781762686 0.04889071487263763
7 0.6396413582602061 0.5466310599835661 0.039297977871041584 0.04642563681183237
76 0.49294162533384206 0.5986031224322104 0.030522701259061428 0.04272801972062449
22 0.5045784051888592 0.5002054231717338 0.04158718046547119 0.04396055875102712
110 0.8979397176650133 0.8015612161051766 0.04235024799694773 0.043549712407559574
118 0.5532239603204884 0.397493837304848 0.052651659671880964 0.04149548069022186
118 0.6260969095764976 0.7011092851273624 0.04349484929416254 0.05464256368118324
149 0.4979015642884395 0.2910846343467543 0.045784051888592144 0.04889071487263763
99 0.7375047691720718 0.700493015612161 0.02823349866463182 0.04683648315529992
7 0.715185043876383 0.801355792933443 0.04235024799694773 0.04806902218570255
22 0.6413582602060283 0.3403861955628595 0.03967951163677985 0.050534100246507806
99 0.8296451735978634 0.5975760065735415 0.033956505150705835 0.04067378800328677
211 0.4959938954597482 0.24013968775677896 0.024418161007249143 0.04642563681183237
7 0.8813429988553987 0.8432621199671323 0.03510110644792064 0.04642563681183237
149 0.803510110644792 0.33648315529991785 0.04349484929416254 0.04847986852917009
22 0.32048836322014496 0.6540673788003287 0.042731781762686 0.04683648315529992
200 0.8004578405188859 0.6914543960558751 0.03128576879053796 0.03944124897288414
76 0.5007630675314766 0.5501232539030403 0.04311331552842427 0.0657354149548069
44 0.4998092331171309 0.39790468364831555 0.059519267455169785 0.042317173377156944
185 0.33422357878672265 0.8553820870994249 0.042731781762686 0.05341002465078061
13 0.7085082029759634 0.7489728841413311 0.03662724151087371 0.04437140509449466
22 0.7237695536054941 0.6497534921939194 0.0343380389164441 0.04642563681183237
149 0.35749713849675696 0.6027115858668858 0.04425791682563907 0.051766639276910435
22 0.7088897367417016 0.4488496302382909 0.04044257916825639 0.04806902218570255
99 0.3326974437237695 0.804847986852917 0.03967951163677985 0.049301561216105176
7 0.6903853491033957 0.5437551355792933 0.033956505150705835 0.050534100246507806
6 0.46661579549790155 0.6507806080525883 0.04044257916825639 0.05341002465078061
7 0.5206028233498665 0.3451109285127362 0.03777184280808851 0.04683648315529992
149 0.6230446394505914 0.7532867707477403 0.03815337657382678 0.052999178307313065
13 0.3756199923693247 0.24116680361544782 0.03853491033956505 0.05505341002465078
211 0.7180465471194201 0.49671322925225964 0.022892025944296072 0.04519309778142974
224 0.8800076306753147 0.44926047658175844 0.035482640213658906 0.04724732949876746
32 0.5957649752003052 0.5445768282662284 0.04616558565433041 0.05217748562037798
211 0.663868752384586 0.5456039441248973 0.019839755818389926 0.04847986852917009
22 0.6587180465471194 0.6489317995069844 0.040824112933994655 0.042317173377156944
7 0.8998473864937047 0.6918652423993427 0.04616558565433041 0.04847986852917009
58 0.30579931323922166 0.7015201314708299 0.06905761159862647 0.05135579293344289
119 0.7993132392216711 0.38989317995069844 0.03510110644792064 0.04847986852917009
224 0.5154521175123998 0.12078882497945768 0.035864173979397174 0.041084634346754315
7 0.8939336131247615 0.38968775677896467 0.03662724151087371 0.0571076417419885
224 0.5974818771461274 0.39687756778964667 0.03967951163677985 0.04437140509449466
224 0.8620755436856162 0.6904272801972062 0.0331934376192293 0.04560394412489729
185 0.4973292636398321 0.18405916187345933 0.035482640213658906 0.04026294165981923
22 0.7619229301793209 0.39112571898110104 0.037390309042350245 0.04847986852917009
149 0.5932850057230065 0.5971651602300739 0.05112552460892789 0.04642563681183237
119 0.541396413582602 0.6996713229252259 0.03967951163677985 0.05341002465078061
119 0.7428462418924074 0.4930156121610518 0.03128576879053796 0.04683648315529992
44 0.6350629530713469 0.18036154478225144 0.07516215185043876 0.04519309778142974
200 0.7386493704692866 0.7479457682826622 0.032048836322014496 0.042317173377156944
211 0.7983594048073255 0.5439605587510271 0.022510492178557804 0.05587510271158587
110 0.5723006486074017 0.17851273623664748 0.03662724151087371 0.037387017255546426
160 0.4954215948111408 0.4531635168447001 0.03700877527661198 0.049301561216105176
185 0.831934376192293 0.7389071487263763 0.035482640213658906 0.04971240755957272
110 0.6858069439145364 0.8003286770747741 0.029378099961846624 0.04601479046836483
119 0.7531476535673407 0.794987674609696 0.03815337657382678 0.04272801972062449
22 0.2979778710415872 0.3502465078060805 0.038916444105303316 0.04313886606409203
13 0.5333842045020984 0.4529580936729663 0.04044257916825639 0.04642563681183237
13 0.2794734834032812 0.6503697617091208 0.04158718046547119 0.05012325390304026
224 0.8571156047310187 0.7943714050944947 0.0331934376192293 0.04889071487263763
106 0.670927127050744 0.6961791290057519 0.04158718046547119 0.04806902218570255
224 0.4011827546737886 0.7017255546425637 0.03700877527661198 0.043549712407559574
13 0.7647844334223579 0.7395234182415776 0.026325829835940482 0.04437140509449466
99 0.6570011446012972 0.8034100246507806 0.032048836322014496 0.04396055875102712
110 0.48225867989317056 0.34675431388660644 0.038916444105303316 0.04437140509449466
22 0.34051888592140406 0.7508216926869351 0.04006104540251812 0.04724732949876746
22 0.7941625333842045 0.7403451109285127 0.03471957268218237 0.0419063270336894
76 0.7182373140022892 0.3944124897288414 0.05379626096909577 0.08052588331963846
7 0.3454788248760015 0.2399342645850452 0.03243037008775276 0.03533278553820871
160 0.8962228157191912 0.7444535743631882 0.04120564669973292 0.047658175842235
224 0.45402518122853874 0.44926047658175844 0.035864173979397174 0.050534100246507806
7 0.7699351392598245 0.5456039441248973 0.03357497138496757 0.05505341002465078
119 0.4093857306371614 0.11832374691865243 0.037390309042350245 0.0419063270336894
211 0.4961846623426173 0.6479046836483155 0.020984357115604733 0.047658175842235
185 0.6701640595192675 0.28861955628594904 0.03243037008775276 0.04889071487263763
119 0.5295688668447157 0.242810188989318 0.038916444105303316 0.05751848808545604
118 0.7304463945059138 0.544987674609696 0.045402518122853876 0.04724732949876746
224 0.5597100343380389 0.2921117502054232 0.03128576879053796 0.04847986852917009
6 0.6508966043494849 0.49732949876746096 0.04349484929416254 0.042317173377156944
22 0.45173597863410914 0.3997534921939195 0.03662724151087371 0.04519309778142974
13 0.6201831362075544 0.6487263763352507 0.03243037008775276 0.04683648315529992
22 0.4889355207935902 0.12119967132292522 0.035482640213658906 0.04437140509449466
16 0.8267836703548264 0.5392358258011504 0.03967951163677985 0.050534100246507806
32 0.6014879816863793 0.34531635168447 0.04616558565433041 0.04724732949876746
211 0.670927127050744 0.8510682004930156 0.025562762304463946 0.04560394412489729
16 0.8584509729111026 0.3892769104354971 0.03967951163677985 0.05792933442892358
7 0.4179702403662724 0.2960147904683648 0.04769172071728348 0.04642563681183237
7 0.9004196871423121 0.6396877567789647 0.042731781762686 0.04272801972062449
22 0.5381533765738268 0.7502054231717338 0.04235024799694773 0.04601479046836483
211 0.6211369706219 0.5012325390304027 0.022128958412819536 0.038619556285949055
76 0.48130484547882485 0.7011092851273624 0.04235024799694773 0.05628594905505341
118 0.6363983212514307 0.28861955628594904 0.03357497138496757 0.04642563681183237
22 0.5337657382678367 0.18179950698438785 0.037390309042350245 0.03820870994248151
22 0.6499427699351392 0.23397699260476582 0.033956505150705835 0.04396055875102712
7 0.7775658145745898 0.49157764995891534 0.03815337657382678 0.04313886606409203
7 0.7020221289584129 0.8483976992604766 0.03281190385349103 0.04437140509449466
118 0.5724914154902709 0.8019720624486442 0.05379626096909577 0.04437140509449466
211 0.8634109118657001 0.5914133114215283 0.0343380389164441 0.04642563681183237
13 0.8452880579931324 0.8457271980279375 0.04158718046547119 0.04642563681183237
200 0.8063716138878291 0.8434675431388661 0.03243037008775276 0.05094494658997535
7 0.6400228920259443 0.8500410846343468 0.04311331552842427 0.04519309778142974
32 0.8576879053796261 0.6423582580115037 0.0343380389164441 0.0447822514379622
