76 0.3759897828863346 0.22521067415730336 0.031162196679438058 0.027387640449438203
99 0.3015325670498084 0.7827247191011236 0.018135376756066413 0.01741573033707865
7 0.20434227330779056 0.40077247191011234 0.026053639846743294 0.020646067415730336
7 0.28084291187739463 0.5290028089887641 0.024776500638569603 0.021769662921348316
119 0.28314176245210726 0.2440308988764045 0.02937420178799489 0.01643258426966292
224 0.5185185185185185 0.2071629213483146 0.026053639846743294 0.01657303370786517
22 0.44993614303959134 0.24276685393258426 0.024265644955300127 0.0175561797752809
22 0.32171136653895277 0.22633426966292136 0.031417624521072794 0.0175561797752809
200 0.24763729246487867 0.46558988764044945 0.024265644955300127 0.017696629213483146
7 0.35849297573435507 0.36109550561797754 0.02937420178799489 0.017977528089887642
106 0.24597701149425288 0.6475421348314607 0.03422733077905492 0.0175561797752809
106 0.18314176245210728 0.3808988764044944 0.04291187739463601 0.018258426966292134
22 0.6259259259259259 0.16882022471910113 0.031417624521072794 0.021348314606741574
211 0.3284802043422733 0.8007022471910112 0.019412515964240103 0.01853932584269663
99 0.21443167305236271 0.38110955056179774 0.01864623243933589 0.017837078651685392
110 0.37037037037037035 0.8424157303370786 0.02401021711366539 0.01853932584269663
160 0.3153256704980843 0.6468398876404494 0.0334610472541507 0.016713483146067416
22 0.31468710089399743 0.6081460674157303 0.0280970625798212 0.01853932584269663
8 0.15606641123882503 0.8453651685393259 0.030140485312899108 0.019943820224719102
106 0.3057471264367816 0.3224016853932584 0.03269476372924649 0.016151685393258428
7 0.26871008939974456 0.19241573033707865 0.030140485312899108 0.016853932584269662
200 0.2689655172413793 0.6478932584269663 0.0280970625798212 0.014606741573033709
224 0.39770114942528734 0.19150280898876404 0.025031928480204343 0.01643258426966292
224 0.4957854406130268 0.2071629213483146 0.022988505747126436 0.015168539325842697
13 0.2901660280970626 0.6474016853932584 0.03269476372924649 0.015589887640449438
13 0.19808429118773946 0.2303370786516854 0.025798212005108557 0.015730337078651686
211 0.2057471264367816 0.32310393258426967 0.015581098339719029 0.016151685393258428
32 0.42464878671775225 0.24157303370786518 0.026309067688378034 0.015168539325842697
99 0.35747126436781607 0.3222612359550562 0.022222222222222223 0.018679775280898876
99 0.21251596424010216 0.3403089887640449 0.023499361430395913 0.01657303370786517
7 0.24853128991060025 0.6292134831460674 0.03167305236270754 0.021348314606741574
200 0.323882503192848 0.20926966292134833 0.022988505747126436 0.017977528089887642
32 0.2800766283524904 0.7626404494382022 0.03805874840357599 0.01741573033707865
13 0.3079182630906769 0.5689606741573033 0.02681992337164751 0.01741573033707865
176 0.5613026819923371 0.2058988764044944 0.03397190293742018 0.016853932584269662
160 0.27956577266922095 0.3220505617977528 0.028863346104725414 0.01544943820224719
99 0.22375478927203066 0.7648876404494382 0.023499361430395913 0.018258426966292134
7 0.30191570881226054 0.1705758426966292 0.03269476372924649 0.015870786516853932
8 0.21443167305236271 0.8424157303370786 0.028863346104725414 0.017696629213483146
118 0.7040868454661559 0.20042134831460673 0.03959131545338442 0.015168539325842697
106 0.2561941251596424 0.28286516853932586 0.03065134099616858 0.017977528089887642
6 0.2727969348659004 0.6275983146067415 0.027586206896551724 0.018960674157303372
224 0.3340996168582375 0.7628511235955057 0.02401021711366539 0.017837078651685392
22 0.316602809706258 0.38202247191011235 0.027330779054916987 0.01601123595505618
149 0.3153256704980843 0.24424157303370786 0.034993614303959135 0.01544943820224719
99 0.3157088122605364 0.34220505617977526 0.020434227330779056 0.0175561797752809
200 0.20383141762452106 0.3610252808988764 0.02554278416347382 0.015870786516853932
13 0.39936143039591315 0.20765449438202246 0.03090676883780332 0.014747191011235955
44 0.19731800766283525 0.7653792134831461 0.045721583652618136 0.019241573033707864
22 0.4725415070242657 0.20646067415730338 0.023499361430395913 0.015730337078651686
6 0.2908045977011494 0.8220505617977528 0.031417624521072794 0.019943820224719102
22 0.4220945083014049 0.20625 0.024776500638569603 0.013342696629213483
22 0.27241379310344827 0.8007022471910112 0.03090676883780332 0.014887640449438203
13 0.22707535121328226 0.7834269662921348 0.03422733077905492 0.01601123595505618
22 0.21021711366538953 0.5075140449438202 0.03422733077905492 0.018117977528089888
211 0.26577266922094506 0.4644662921348315 0.016091954022988506 0.016292134831460674
44 0.1822477650063857 0.4675561797752809 0.04367816091954023 0.015168539325842697
76 0.26296296296296295 0.20835674157303372 0.022222222222222223 0.02598314606741573
6 0.16436781609195403 0.7661516853932584 0.03601532567049808 0.017134831460674158
185 0.3116219667943806 0.4833567415730337 0.04240102171136654 0.019241573033707864
118 0.520434227330779 0.2636938202247191 0.0334610472541507 0.018679775280898876
149 0.2914431673052363 0.3415730337078652 0.0280970625798212 0.016853932584269662
7 0.3280970625798212 0.8419241573033708 0.028352490421455937 0.018117977528089888
185 0.23358876117496807 0.4848314606741573 0.037547892720306515 0.017134831460674158
118 0.22618135376756066 0.2655196629213483 0.02937420178799489 0.020084269662921348
7 0.18569604086845465 0.3399578651685393 0.03524904214559387 0.018679775280898876
99 0.24572158365261815 0.19290730337078651 0.020945083014048533 0.015028089887640449
200 0.49182630906768837 0.2625 0.028863346104725414 0.017134831460674158
224 0.21149425287356322 0.21242977528089887 0.0280970625798212 0.018679775280898876
7 0.7855683269476373 0.16762640449438201 0.027330779054916987 0.020365168539325844
185 0.3664112388250319 0.2607443820224719 0.03652618135376756 0.0175561797752809
118 0.23486590038314176 0.36053370786516853 0.03652618135376756 0.016292134831460674
22 0.7379310344827587 0.20063202247191012 0.03065134099616858 0.01839887640449438
32 0.276117496807152 0.7819522471910112 0.03269476372924649 0.01952247191011236
200 0.34597701149425286 0.17198033707865168 0.027330779054916987 0.017837078651685392
200 0.2596424010217114 0.56875 0.028352490421455937 0.01643258426966292
7 0.3883780332056194 0.7991573033707865 0.03090676883780332 0.019943820224719102
200 0.15759897828863345 0.824438202247191 0.02962962962962963 0.01601123595505618
149 0.7408684546615582 0.16741573033707866 0.024776500638569603 0.01853932584269663
118 0.37215836526181356 0.17247191011235954 0.030140485312899108 0.019662921348314606
58 0.2706257982120051 0.36032303370786517 0.037547892720306515 0.017275280898876404
200 0.22528735632183908 0.22963483146067415 0.030140485312899108 0.01657303370786517
6 0.2900383141762452 0.38110955056179774 0.02937420178799489 0.017275280898876404
110 0.2540229885057471 0.4020365168539326 0.022222222222222223 0.018117977528089888
7 0.36832694763729246 0.6059691011235955 0.03065134099616858 0.020646067415730336
185 0.23856960408684547 0.5691011235955056 0.026053639846743294 0.015730337078651686
58 0.4300127713920817 0.18932584269662922 0.03959131545338442 0.015168539325842697
6 0.3469987228607918 0.19164325842696628 0.02681992337164751 0.0175561797752809
185 0.340485312899106 0.6455758426966293 0.035759897828863345 0.01699438202247191
7 0.27547892720306516 0.40091292134831463 0.024776500638569603 0.018117977528089888
7 0.25427841634738185 0.5462078651685394 0.03090676883780332 0.017696629213483146
160 0.4028097062579821 0.22507022471910113 0.030140485312899108 0.01643258426966292
22 0.3268199233716475 0.4648174157303371 0.037547892720306515 0.019241573033707864
99 0.4644955300127714 0.17092696629213483 0.021711366538952746 0.017977528089887642
200 0.1987228607918263 0.19206460674157302 0.027075351213282247 0.0175561797752809
118 0.48748403575989785 0.18883426966292136 0.02681992337164751 0.01699438202247191
7 0.3874840357598978 0.8422050561797753 0.026053639846743294 0.020365168539325844
99 0.3730523627075351 0.8220505617977528 0.017624521072796936 0.019943820224719102
185 0.3070242656449553 0.28110955056179776 0.03524904214559387 0.019241573033707864
119 0.5289910600255427 0.24283707865168538 0.0280970625798212 0.021067415730337078
13 0.28978288633461047 0.5055477528089888 0.03090676883780332 0.019241573033707864
185 0.4042145593869732 0.17071629213483147 0.04163473818646232 0.021769662921348316
32 0.29616858237547894 0.2625 0.029885057471264367 0.016853932584269662
44 0.3288633461047254 0.5481741573033708 0.037547892720306515 0.01601123595505618
13 0.2549169859514687 0.26474719101123595 0.03065134099616858 0.017977528089887642
7 0.3209450830140485 0.5049859550561798 0.03550446998722861 0.021769662921348316
185 0.2690932311621967 0.1714185393258427 0.037037037037037035 0.018960674157303372
58 0.3541507024265645 0.7984550561797753 0.037547892720306515 0.01853932584269663
8 0.25363984674329504 0.2461376404494382 0.033205619412515965 0.015870786516853932
16 0.33818646232439337 0.6048455056179776 0.0280970625798212 0.01643258426966292
22 0.3738186462324393 0.7799157303370786 0.02681992337164751 0.017134831460674158
211 0.34150702426564494 0.20835674157303372 0.01583652618135377 0.016151685393258428
118 0.3029374201787995 0.40168539325842695 0.030140485312899108 0.018820224719101122
22 0.28403575989782887 0.28286516853932586 0.023499361430395913 0.01657303370786517
106 0.5149425287356322 0.1707865168539326 0.035759897828863345 0.016853932584269662
160 0.3389527458492976 0.26228932584269665 0.027586206896551724 0.017837078651685392
7 0.19106002554278417 0.26530898876404496 0.04495530012771392 0.021067415730337078
13 0.34980842911877397 0.8212078651685393 0.028863346104725414 0.018820224719101122
211 0.23575989782886334 0.2842696629213483 0.01532567049808429 0.01657303370786517
149 0.23780332056194126 0.34087078651685393 0.03065134099616858 0.018258426966292134
7 0.3561941251596424 0.6275280898876404 0.03090676883780332 0.01741573033707865
185 0.4984674329501916 0.2234550561797753 0.02937420178799489 0.01544943820224719
76 0.17407407407407408 0.3976825842696629 0.03295019157088123 0.027668539325842696
110 0.35555555555555557 0.7616573033707865 0.021455938697318006 0.01741573033707865
160 0.296551724137931 0.626685393258427 0.027075351213282247 0.01853932584269663
110 0.7150702426564496 0.169311797752809 0.02937420178799489 0.0175561797752809
211 0.27445721583652616 0.2642556179775281 0.016091954022988506 0.016151685393258428
58 0.2922094508301405 0.4639747191011236 0.03269476372924649 0.018117977528089888
106 0.30357598978288636 0.801755617977528 0.03295019157088123 0.01699438202247191
211 0.28045977011494255 0.20948033707865168 0.01532567049808429 0.016151685393258428
13 0.153639846743295 0.8051966292134831 0.037547892720306515 0.01657303370786517
224 0.26168582375478927 0.8226123595505618 0.03090676883780332 0.01741573033707865
119 0.4272030651340996 0.22366573033707865 0.02375478927203065 0.017837078651685392
32 0.4243933588761175 0.7993679775280899 0.0421455938697318 0.020365168539325844
99 0.4085568326947637 0.8451544943820225 0.016091954022988506 0.020365168539325844
149 0.17879948914431673 0.5064606741573033 0.03167305236270754 0.01601123595505618
22 0.48531289910600256 0.17001404494382022 0.025031928480204343 0.016151685393258428
99 0.18314176245210728 0.8239466292134832 0.01992337164750958 0.015589887640449438
110 0.248786717752235 0.5268960674157304 0.027075351213282247 0.018117977528089888
22 0.36628352490421456 0.6478932584269663 0.036270753512132825 0.01741573033707865
211 0.2885057471264368 0.4839185393258427 0.013537675606641124 0.018117977528089888
32 0.44763729246487866 0.206811797752809 0.029885057471264367 0.01643258426966292
200 0.2355044699872286 0.3813202247191011 0.023499361430395913 0.018258426966292134
99 0.3008939974457216 0.5483848314606742 0.020945083014048533 0.014185393258426967
149 0.24865900383141762 0.7643258426966292 0.03295019157088123 0.019943820224719102
200 0.22464878671775224 0.32219101123595506 0.02120051085568327 0.015168539325842697
211 0.35019157088122604 0.8405898876404494 0.017369093231162196 0.019943820224719102
22 0.46143039591315455 0.19058988764044943 0.02681992337164751 0.018258426966292134
22 0.6830140485312899 0.1684691011235955 0.03065134099616858 0.020646067415730336
118 0.36960408684546614 0.28230337078651685 0.03524904214559387 0.018258426966292134
160 0.2033205619412516 0.4862359550561798 0.0280970625798212 0.01853932584269663
224 0.22247765006385697 0.1931179775280899 0.02554278416347382 0.016853932584269662
149 0.19399744572158364 0.2834269662921348 0.03397190293742018 0.019662921348314606
211 0.18978288633461046 0.21151685393258426 0.020434227330779056 0.01544943820224719
118 0.3310344827586207 0.3615870786516854 0.03065134099616858 0.019803370786516852
224 0.22911877394636015 0.401123595505618 0.027586206896551724 0.020786516853932586
13 0.1772669220945083 0.3621488764044944 0.030140485312899108 0.018679775280898876
13 0.3008939974457216 0.8428370786516854 0.035759897828863345 0.01853932584269663
211 0.47126436781609193 0.2235252808988764 0.02247765006385696 0.016151685393258428
149 0.27241379310344827 0.8434691011235955 0.028352490421455937 0.017837078651685392
7 0.16066411238825032 0.7872191011235955 0.035759897828863345 0.01853932584269663
224 0.21877394636015327 0.46685393258426966 0.03090676883780332 0.018820224719101122
22 0.33729246487867176 0.2821629213483146 0.02681992337164751 0.017134831460674158
7 0.501021711366539 0.24171348314606741 0.02937420178799489 0.021067415730337078
22 0.4351213282247765 0.8228230337078651 0.031417624521072794 0.019241573033707864
118 0.19348659003831417 0.7850421348314607 0.03295019157088123 0.019241573033707864
13 0.28748403575989784 0.6064606741573034 0.031417624521072794 0.01741573033707865
99 0.3015325670498084 0.5293539325842697 0.022222222222222223 0.021067415730337078
119 0.2425287356321839 0.8417134831460674 0.03295019157088123 0.017134831460674158
118 0.25593869731800767 0.22801966292134832 0.03269476372924649 0.0175561797752809
44 0.3998722860791826 0.8211376404494382 0.043167305236270756 0.018117977528089888
224 0.7651340996168582 0.16776685393258428 0.026309067688378034 0.018679775280898876
160 0.38339719029374203 0.7628511235955057 0.03269476372924649 0.019241573033707864
118 0.34853128991060023 0.22507022471910113 0.027330779054916987 0.017837078651685392
22 0.337037037037037 0.322752808988764 0.028863346104725414 0.017696629213483146
160 0.2395913154533844 0.8229634831460674 0.02962962962962963 0.020365168539325844
44 0.19450830140485312 0.803932584269663 0.04163473818646232 0.017134831460674158
99 0.22017879948914432 0.28370786516853935 0.01992337164750958 0.018258426966292134
224 0.26232439335887614 0.38195224719101123 0.028607918263090677 0.0175561797752809
211 0.5374201787994891 0.206811797752809 0.01532567049808429 0.01643258426966292
22 0.3814814814814815 0.24262640449438203 0.02937420178799489 0.017837078651685392
200 0.3246487867177522 0.19058988764044943 0.0280970625798212 0.018258426966292134
118 0.3015325670498084 0.19150280898876404 0.031928480204342274 0.017275280898876404
76 0.4740740740740741 0.24424157303370786 0.03065134099616858 0.026685393258426966
185 0.2197956577266922 0.7997893258426966 0.020689655172413793 0.016713483146067416
7 0.23780332056194126 0.2101825842696629 0.0280970625798212 0.016151685393258428
106 0.32579821200510856 0.6266151685393259 0.031417624521072794 0.017837078651685392
149 0.23524904214559386 0.1740870786516854 0.035759897828863345 0.018679775280898876
118 0.3427841634738186 0.3824438202247191 0.035759897828863345 0.018820224719101122
99 0.31851851851851853 0.26299157303370785 0.023499361430395913 0.01643258426966292
58 0.6527458492975734 0.16882022471910113 0.03652618135376756 0.020786516853932586
224 0.36104725415070243 0.2089185393258427 0.024265644955300127 0.015028089887640449
32 0.6906768837803321 0.21945224719101122 0.03065134099616858 0.020646067415730336
32 0.35108556832694765 0.24262640449438203 0.03397190293742018 0.01643258426966292
22 0.18416347381864623 0.8433286516853933 0.028607918263090677 0.018960674157303372
7 0.3367816091954023 0.5703651685393258 0.0334610472541507 0.021067415730337078
22 0.2674329501915709 0.505688202247191 0.023499361430395913 0.018117977528089888
99 0.28045977011494255 0.5485955056179775 0.01992337164750958 0.015168539325842697
149 0.5310344827586206 0.22331460674157302 0.038314176245210725 0.017977528089887642
211 0.32592592592592595 0.17071629213483147 0.01532567049808429 0.0175561797752809
7 0.3246487867177522 0.5292837078651685 0.03218390804597701 0.020365168539325844
58 0.28978288633461047 0.2273876404494382 0.040102171136653895 0.016853932584269662
200 0.30561941251596425 0.7634129213483146 0.024776500638569603 0.015308988764044944
211 0.2499361430395913 0.7835674157303371 0.01966794380587484 0.017134831460674158
7 0.43831417624521074 0.17092696629213483 0.033205619412515965 0.019943820224719102
106 0.2040868454661558 0.17303370786516853 0.04035759897828863 0.01853932584269663
22 0.3021711366538953 0.3610252808988764 0.03065134099616858 0.018679775280898876
200 0.370242656449553 0.19129213483146068 0.028863346104725414 0.016853932584269662
160 0.28314176245210726 0.5678370786516854 0.028352490421455937 0.01741573033707865
160 0.31877394636015327 0.7808988764044944 0.0280970625798212 0.01741573033707865
22 0.32171136653895277 0.8235252808988764 0.03550446998722861 0.02148876404494382
22 0.3383141762452107 0.34241573033707867 0.024776500638569603 0.017977528089887642
160 0.3860791826309068 0.6275280898876404 0.028863346104725414 0.01601123595505618
22 0.4508301404853129 0.22296348314606743 0.02247765006385696 0.01643258426966292
185 0.3448275862068966 0.7797752808988764 0.03371647509578544 0.018258426966292134
13 0.35964240102171136 0.3411516853932584 0.03065134099616858 0.01544943820224719
7 0.7159642401021712 0.2178370786516854 0.03269476372924649 0.021067415730337078
13 0.17420178799489144 0.48609550561797754 0.03422733077905492 0.01657303370786517
119 0.30063856960408686 0.2101825842696629 0.025031928480204343 0.0175561797752809
13 0.26717752234993614 0.3417134831460674 0.033205619412515965 0.013764044943820225
118 0.2099616858237548 0.8240870786516854 0.03473818646232439 0.015870786516853932
7 0.4284802043422733 0.8428370786516854 0.028863346104725414 0.019943820224719102
22 0.2669220945083014 0.48433988764044944 0.03218390804597701 0.016713483146067416
160 0.18531289910600254 0.3228932584269663 0.02937420178799489 0.017977528089887642
118 0.8319284802043423 0.1662921348314607 0.0475095785440613 0.023314606741573034
118 0.2499361430395913 0.32296348314606743 0.02937420178799489 0.017275280898876404
