119 0.19202743249035575 0.5798828941865328 0.05572224603514788 0.04224173985780008
176 0.5090012858979854 0.7879548306148055 0.05015002143163309 0.0451693851944793
160 0.8583369052721818 0.6058134671685487 0.04414916416630947 0.04809703053115851
110 0.1697385340762966 0.46821413634462566 0.03857693956279468 0.04642409033877039
200 0.3894127732533219 0.5083647009619406 0.04414916416630947 0.04726056043496445
185 0.4093441920274325 0.6252613969050607 0.05143591941705958 0.04600585529067336
160 0.5505786540934419 0.5066917607695525 0.043291898842691814 0.04140526976160602
200 0.18066866695242179 0.23212045169385195 0.04414916416630947 0.05269761606022585
99 0.20595799399914275 0.5188205771643664 0.030432918988426916 0.05144291091593475
13 0.7588941277325332 0.43768297783354243 0.046720960137162454 0.04558762024257633
7 0.11251607372481782 0.527185278126307 0.05015002143163309 0.05562526139690506
160 0.13459065580797258 0.1725219573400251 0.03857693956279468 0.040568799665411964
118 0.7132447492498929 0.4439565035549979 0.05057865409344192 0.04809703053115851
149 0.6294470638662666 0.5014638226683396 0.05100728675525075 0.04684232538686742
224 0.26125160737248176 0.459012965286491 0.030432918988426916 0.04558762024257633
7 0.10801543077582512 0.23483897950648264 0.04543506215173596 0.049769970723546636
185 0.8159022717531076 0.49268088665830195 0.06129447063866267 0.051024675867837724
106 0.15537933990570083 0.35299038059389376 0.05786540934419203 0.04767879548306148
7 0.6656665237891127 0.38958594730238394 0.044577796828118306 0.056461731493099125
22 0.8208315473639092 0.548306148055207 0.04372053150450064 0.04851526557925554
224 0.8896270895842263 0.6005855290673359 0.038148306900985855 0.0451693851944793
106 0.34547792541791683 0.6277708071936429 0.05143591941705958 0.03847762442492681
22 0.28696956708101157 0.3454621497281472 0.045006429489927134 0.044332915098285235
200 0.3165452207458208 0.5125470514429109 0.05100728675525075 0.043914680050188205
118 0.41963137591084443 0.9125888749477207 0.0574367766823832 0.060225846925972396
13 0.4560651521645949 0.6796319531576747 0.0488641234462066 0.04600585529067336
118 0.5458636948135448 0.5589711417816813 0.05186455207886841 0.04224173985780008
149 0.5936562366052294 0.38979506482643245 0.04029147021003 0.05437055625261397
160 0.48649807115302185 0.7327478042659975 0.0488641234462066 0.051024675867837724
6 0.46528075439348476 0.9069427017984107 0.043291898842691814 0.05311585110832288
118 0.0977282468924132 0.35361773316603934 0.06343763394770681 0.04558762024257633
13 0.6930990141448778 0.1618569636135508 0.04543506215173596 0.05269761606022585
106 0.26468066866695245 0.11710581346716854 0.045006429489927134 0.04182350480970305
185 0.5370767252464638 0.44312003345880385 0.04200600085726532 0.050606440819740695
185 0.7888984140591513 0.3805938937682978 0.04757822546078011 0.0493517356754496
119 0.35362194599228464 0.5112923462986199 0.04800685812258894 0.04558762024257633
22 0.14894984997856836 0.5221664575491426 0.043291898842691814 0.04893350062735257
211 0.6568795542220317 0.21706398996235884 0.02528932704672096 0.05269761606022585
211 0.6585940848692671 0.1603931409452112 0.02614659237033862 0.050606440819740695
224 0.6830261465923704 0.21664575491426183 0.036433776253750536 0.05604349644500209
58 0.5807972567509644 0.27875365955667086 0.05486498071153022 0.04726056043496445
200 0.4695670810115731 0.7929736511919699 0.04414916416630947 0.040987034713508994
99 0.37976853836262325 0.22940192388122124 0.02828975567938277 0.04726056043496445
32 0.0904414916416631 0.5842743621915516 0.04629232747535362 0.0493517356754496
176 0.6318045435062152 0.38937682977833543 0.04543506215173596 0.053534086156419906
160 0.8570510072867552 0.49142618151401085 0.0372910415773682 0.03680468423253869
99 0.1941705957993999 0.35299038059389376 0.030861551650235748 0.044332915098285235
118 0.7108872696099443 0.3864491844416562 0.053579082726103726 0.056879966541196154
118 0.33026146592370337 0.795901296528649 0.04414916416630947 0.04182350480970305
185 0.42006000857265324 0.4523212045169385 0.05057865409344192 0.04140526976160602
58 0.4757822546078011 0.33981597657883733 0.05486498071153022 0.043914680050188205
58 0.5441491641663094 0.38833124215809284 0.058722674667809685 0.04726056043496445
13 0.14273467638234033 0.2327478042659975 0.04629232747535362 0.053952321204516936
22 0.3675525075010716 0.2862818904224174 0.043291898842691814 0.04893350062735257
7 0.6755250750107158 0.44291091593475534 0.0488641234462066 0.051024675867837724
224 0.32254607801114443 0.17356754496026766 0.038148306900985855 0.0451693851944793
119 0.5610801543077583 0.7291928063571728 0.04200600085726532 0.04809703053115851
6 0.5484354907843978 0.7846089502300293 0.039862837548221175 0.05186114596403179
22 0.2372481783111873 0.5181932245922208 0.03900557222460351 0.050188205771643665
7 0.20938705529361337 0.28879130071099957 0.043291898842691814 0.050606440819740695
13 0.313544792113159 0.22919280635717273 0.039862837548221175 0.04265997490589712
44 0.21624517788255465 0.4600585529067336 0.06558079725675096 0.043496445002091176
185 0.46485212173167595 0.21999163529903806 0.053579082726103726 0.050188205771643665
185 0.8609087012430348 0.5424508573818486 0.04757822546078011 0.04767879548306148
211 0.5960137162451778 0.44604767879548307 0.02100300042863266 0.04726056043496445
176 0.5458636948135448 0.8427436219155165 0.05786540934419203 0.05269761606022585
22 0.3474067723960566 0.22814721873693017 0.04072010287183883 0.04726056043496445
13 0.44063437633947705 0.5627352572145545 0.05229318474067724 0.04140526976160602
224 0.8939134162023146 0.49665411961522377 0.034719245606515216 0.043914680050188205
7 0.11465923703386198 0.2956921790046006 0.046720960137162454 0.05269761606022585
106 0.473639091298757 0.849853617733166 0.05657951135876554 0.04851526557925554
22 0.33111873124732105 0.8542450857381848 0.04243463351907415 0.04726056043496445
22 0.5171453064723532 0.33521539104977 0.036433776253750536 0.04809703053115851
160 0.5917273896270896 0.5531158511083228 0.046720960137162454 0.04307820995399415
149 0.39669952850407203 0.15767461313258052 0.05100728675525075 0.0451693851944793
22 0.12601800257179596 0.46800501882057716 0.03771967423917703 0.04600585529067336
118 0.05915130732961852 0.5317858636553743 0.06000857265323618 0.03304056879966541
149 0.4149164166309473 0.226056043496445 0.04714959279897128 0.050606440819740695
185 0.2704672096013716 0.5131744040150564 0.05229318474067724 0.0493517356754496
149 0.5092156022288898 0.90422417398578 0.0531504500642949 0.043496445002091176
106 0.3911273039005572 0.3358427436219155 0.033004714959279896 0.037641154328732745
211 0.7134590655807973 0.6133416980342953 0.01928846978139734 0.053952321204516936
7 0.21067295327903987 0.17168548724383104 0.04243463351907415 0.043914680050188205
185 0.8182597513930562 0.6043496445002091 0.05143591941705958 0.04015056461731493
119 0.4498499785683669 0.7344207444583856 0.045006429489927134 0.0493517356754496
119 0.7162451778825546 0.5524884985361773 0.041148735533647667 0.04851526557925554
200 0.2254607801114445 0.3504809703053116 0.03600514359194171 0.0451693851944793
211 0.6742391770252893 0.12045169385194479 0.036862408915559364 0.027603513174404015
7 0.32961851693099015 0.5694270179841071 0.0488641234462066 0.044751150146382264
7 0.46313759108444064 0.45127561689669593 0.05015002143163309 0.04600585529067336
185 0.5915130732961852 0.1606022584692597 0.0488641234462066 0.04851526557925554
106 0.28804114873553366 0.5721455457967378 0.05229318474067724 0.04600585529067336
13 0.3317616802400343 0.4575491426181514 0.05400771538791256 0.0451693851944793
22 0.3236176596656665 0.7417398578000837 0.02571795970852979 0.04726056043496445
118 0.060437205315045005 0.2383939774153074 0.04800685812258894 0.0451693851944793
13 0.24774967852550364 0.16959431200334588 0.04543506215173596 0.04224173985780008
200 0.7537505357908273 0.3851944792973651 0.04072010287183883 0.0493517356754496
22 0.327475353621946 0.3458803847762443 0.044577796828118306 0.0493517356754496
118 0.32790398628375483 0.2852363028021748 0.05229318474067724 0.05520702634880803
7 0.4753536219459923 0.16290255123379338 0.044577796828118306 0.04642409033877039
160 0.3994856408058294 0.27896277708071937 0.04372053150450064 0.04265997490589712
22 0.3364766395199314 0.6900878293601004 0.03943420488641235 0.04851526557925554
118 0.1712387483926275 0.1727310748640736 0.04757822546078011 0.04182350480970305
118 0.15152164594942136 0.2948557089084065 0.05272181740248607 0.056879966541196154
99 0.2025289327046721 0.11940610623170221 0.031290184312044576 0.04726056043496445
7 0.7490355765109301 0.32643245503973234 0.045006429489927134 0.049769970723546636
211 0.5730818688384055 0.44416562107904645 0.02828975567938277 0.04851526557925554
185 0.6453064723531933 0.2781263069845253 0.043291898842691814 0.050188205771643665
110 0.555293613373339 0.336051861145964 0.039862837548221175 0.04642409033877039
211 0.6159451350192885 0.27687160184023424 0.02743249035576511 0.05520702634880803
44 0.49507072438919847 0.5593893768297783 0.05657951135876554 0.03889585947302384
143 0.24817831118731248 0.28920953575909664 0.05229318474067724 0.04893350062735257
200 0.5225032147449635 0.16457549142618152 0.04372053150450064 0.04224173985780008
22 0.8994856408058294 0.5395232120451694 0.046720960137162454 0.043496445002091176
185 0.47021003000428635 0.5100376411543287 0.0531504500642949 0.050606440819740695
13 0.5499357051007286 0.6200334588038477 0.044577796828118306 0.050606440819740695
58 0.7850407201028718 0.32266833960685903 0.04243463351907415 0.05311585110832288
224 0.5580797256750964 0.8977415307402761 0.0488641234462066 0.04726056043496445
119 0.4354907843977711 0.1589293182768716 0.04714959279897128 0.0451693851944793
176 0.5411487355336476 0.2233375156838143 0.046720960137162454 0.0493517356754496
224 0.5068581225889413 0.6231702216645755 0.043291898842691814 0.04851526557925554
211 0.1853836262323189 0.2933918862400669 0.02957565366480926 0.059807611877875366
118 0.7398199742820403 0.6104140526976161 0.0488641234462066 0.04809703053115851
22 0.6806686669524218 0.555207026348808 0.04543506215173596 0.04726056043496445
176 0.3664809258465495 0.568172312839816 0.04972138876982426 0.04726056043496445
119 0.7171024432061723 0.32685069008782935 0.03857693956279468 0.043914680050188205
6 0.6731675953707672 0.500836470096194 0.046720960137162454 0.04893350062735257
160 0.40141448778396915 0.5641990798828942 0.04414916416630947 0.04600585529067336
7 0.5897985426489498 0.3314512756168967 0.04372053150450064 0.04642409033877039
224 0.6262323189027004 0.3327059807611878 0.042863266180882986 0.04642409033877039
160 0.4972138876982426 0.4493935591802593 0.0488641234462066 0.044751150146382264
7 0.28289755679382766 0.2302383939774153 0.04372053150450064 0.04726056043496445
22 0.7111015859408487 0.49644500209117526 0.036862408915559364 0.04265997490589712
44 0.2516073724817831 0.6332078628189042 0.06600942991855979 0.03931409452112087
22 0.8861980282897557 0.4372647427854454 0.05015002143163309 0.053952321204516936
106 0.15409344192027433 0.6390631534922626 0.053579082726103726 0.04851526557925554
224 0.20960137162451778 0.6327896277708072 0.03000428632661809 0.03847762442492681
224 0.2539648521217317 0.3475533249686324 0.03386198028289756 0.04851526557925554
106 0.6360908701243034 0.5554161438728565 0.05229318474067724 0.0451693851944793
200 0.7841834547792542 0.49372647427854455 0.0287183883411916 0.05311585110832288
22 0.5070724389198457 0.21831869510664995 0.03943420488641235 0.04600585529067336
118 0.4841405915130733 0.27854454203262236 0.05015002143163309 0.05186114596403179
22 0.42884697813973427 0.33877038895859474 0.039862837548221175 0.04851526557925554
118 0.6232318902700386 0.2193642827268925 0.05143591941705958 0.04893350062735257
211 0.1810972996142306 0.5213299874529486 0.0287183883411916 0.050606440819740695
22 0.30240034290612944 0.6363446256796319 0.039862837548221175 0.040568799665411964
110 0.9374196313759109 0.5420326223337516 0.036862408915559364 0.05186114596403179
22 0.4312044577796828 0.8515265579255542 0.04200600085726532 0.05186114596403179
211 0.5128589798542649 0.8471350899205353 0.02357479639948564 0.05813467168548724
160 0.4942134590655808 0.38937682977833543 0.05229318474067724 0.043496445002091176
224 0.7831118731247321 0.5514429109159348 0.03857693956279468 0.04809703053115851
119 0.46035147878268323 0.39502300292764536 0.035147878268324044 0.04809703053115851
13 0.5282897556793827 0.733375156838143 0.043291898842691814 0.04726056043496445
13 0.1693099014144878 0.11626934337097448 0.04200600085726532 0.040987034713508994
22 0.6279468495499357 0.15955667084901715 0.04029147021003 0.050606440819740695
119 0.5870124303471924 0.5075282308657465 0.043291898842691814 0.03889585947302384
22 0.68495499357051 0.32747804265997493 0.03771967423917703 0.04265997490589712
149 0.5642948992713245 0.11438728565453785 0.04243463351907415 0.03304056879966541
13 0.6545220745820831 0.32580510246758676 0.036862408915559364 0.04182350480970305
22 0.453493356193742 0.6240066917607695 0.05143591941705958 0.043496445002091176
32 0.22374624946420918 0.23316603931409452 0.05572224603514788 0.04558762024257633
200 0.5055722246035148 0.5081555834378921 0.0287183883411916 0.03680468423253869
200 0.4303471924560652 0.396905060644082 0.03857693956279468 0.0493517356754496
211 0.19181311615945135 0.6390631534922626 0.0244320617231033 0.050188205771643665
22 0.6832404629232748 0.27059807611877873 0.041148735533647667 0.04767879548306148
13 0.7492498928418345 0.4968632371392723 0.04629232747535362 0.04265997490589712
200 0.28696956708101157 0.28732747804265996 0.03900557222460351 0.043496445002091176
224 0.9258465495070725 0.5991217063989962 0.041148735533647667 0.043914680050188205
224 0.6821688812687526 0.6110414052697616 0.043291898842691814 0.0493517356754496
118 0.1262323189027004 0.11961522375575073 0.053579082726103726 0.04767879548306148
200 0.49099871410201457 0.6808866583019657 0.039862837548221175 0.04265997490589712
99 0.07693956279468496 0.30050188205771644 0.04243463351907415 0.050606440819740695
7 0.3778396913844835 0.918025930572982 0.038148306900985855 0.0451693851944793
99 0.2520360051435919 0.2302383939774153 0.03257608229747107 0.049769970723546636
160 0.3722674667809687 0.6831869510664994 0.05186455207886841 0.050606440819740695
160 0.5580797256750964 0.15955667084901715 0.04543506215173596 0.05311585110832288
7 0.37591084440634376 0.7979924717691342 0.0488641234462066 0.04265997490589712
32 0.4410630090012859 0.2837724801338352 0.0531504500642949 0.05562526139690506
149 0.5327903986283755 0.2814721873693016 0.05229318474067724 0.05771643663739021
211 0.23017573939134162 0.11752404851526559 0.02400342906129447 0.040987034713508994
185 0.09965709387055294 0.1723128398159766 0.046720960137162454 0.04015056461731493
22 0.2946849549935705 0.4615223755750732 0.03900557222460351 0.043914680050188205
7 0.7923274753536219 0.4370556252613969 0.043291898842691814 0.043496445002091176
149 0.2398199742820403 0.5725637808448348 0.05100728675525075 0.04851526557925554
44 0.1395199314187741 0.5798828941865328 0.0690098585512216 0.04224173985780008
118 0.4136305186455208 0.6798410706817232 0.04200600085726532 0.05144291091593475
13 0.5355765109301329 0.6758678377248013 0.04929275610801543 0.040987034713508994
7 0.3707672524646378 0.45441237975742366 0.0488641234462066 0.037222919280635716
200 0.41170167166738103 0.7409033877038896 0.039862837548221175 0.04642409033877039
200 0.28696956708101157 0.17084901714763698 0.034719245606515216 0.04642409033877039
149 0.08358336905272182 0.46737766624843163 0.04714959279897128 0.04140526976160602
58 0.8345477925417917 0.4343370974487662 0.05915130732961852 0.04726056043496445
106 0.3707672524646378 0.7452948557089084 0.05829404200600086 0.04600585529067336
106 0.628589798542649 0.44437473860309495 0.05272181740248607 0.04726056043496445
7 0.09429918559794256 0.4138435800920117 0.04800685812258894 0.04726056043496445
22 0.5829404200600086 0.21978251777498956 0.042863266180882986 0.053952321204516936
160 0.4277753964852122 0.5123379339188624 0.04800685812258894 0.050188205771643665
106 0.42477496785255037 0.8005018820577164 0.05486498071153022 0.0451693851944793
200 0.7786112301757394 0.6112505227938101 0.03557651093013288 0.053952321204516936
16 0.07972567509644235 0.6327896277708072 0.04200600085726532 0.04182350480970305
200 0.11144449207029576 0.6396905060644082 0.041148735533647667 0.04726056043496445
160 0.7513930561508787 0.5520702634880803 0.041148735533647667 0.050188205771643665
118 0.3870552936133733 0.8544542032622334 0.061723103300471496 0.05771643663739021
