200 0.9214847759151557 0.6032171581769437 0.031132398221005816 0.040214477211796246
22 0.17037290455011975 0.667225201072386 0.04447485460143688 0.054959785522788206
200 0.23862470065001712 0.8347855227882037 0.035921997947314405 0.036193029490616625
119 0.9019842627437564 0.6767761394101877 0.04276428327061239 0.04121983914209115
7 0.8371536093055081 0.3684651474530831 0.046527540198426275 0.0492627345844504
7 0.7490591857680465 0.7801608579088471 0.0386589120766336 0.05026809651474531
176 0.47724940130003424 0.2587131367292225 0.047211768730756075 0.04088471849865952
13 0.10691070817653096 0.8376340482573726 0.06055422511118714 0.041890080428954424
76 0.5224084844338008 0.7809986595174263 0.04447485460143688 0.05864611260053619
22 0.8152582962709545 0.2064343163538874 0.036264112213479305 0.039544235924932974
211 0.7112555593568252 0.844671581769437 0.026000684228532328 0.05797587131367292
119 0.928840232637701 0.6784517426273459 0.03284296955183031 0.04121983914209115
76 0.6262401642148477 0.6694034852546917 0.0386589120766336 0.06266756032171582
200 0.9368799178925761 0.7443029490616622 0.035237769414984604 0.04758713136729222
106 0.3065343824837496 0.42359249329758714 0.0383167978104687 0.04155495978552279
200 0.7235716729387616 0.4773793565683646 0.036264112213479305 0.037868632707774796
160 0.7399931577146767 0.42593833780160856 0.03352719808416011 0.04758713136729222
200 0.8732466643859049 0.6722520107238605 0.031132398221005816 0.030160857908847184
224 0.7714676702018474 0.6677278820375335 0.04447485460143688 0.04457104557640751
118 0.14659596305165926 0.4793900804289544 0.042080054738282587 0.04524128686327078
22 0.8077317824153267 0.7838471849865952 0.04310639753677729 0.04758713136729222
224 0.7841258980499487 0.271112600536193 0.03421142661648991 0.04758713136729222
160 0.46082791652411903 0.1968833780160858 0.036264112213479305 0.051943699731903485
22 0.5184741703729046 0.2612265415549598 0.042080054738282587 0.042560321715817695
119 0.5703044816968867 0.4224195710455764 0.03968525487512829 0.04859249329758713
99 0.777796784125898 0.7354222520107239 0.030448169688676016 0.0492627345844504
22 0.25590147109134453 0.25837801608579086 0.047211768730756075 0.040214477211796246
185 0.479815258296271 0.4780495978552279 0.04344851180294218 0.04121983914209115
118 0.9644201163188505 0.795911528150134 0.03900102634279849 0.05294906166219839
8 0.7074923024290113 0.667225201072386 0.041053711939787886 0.04691689008042895
224 0.4873417721518987 0.7789879356568364 0.03386931235032501 0.04591152815013405
7 0.4023263770099213 0.774798927613941 0.04379062606910708 0.039544235924932974
22 0.39616832021895315 0.6037198391420912 0.03968525487512829 0.042560321715817695
149 0.9007868628121792 0.3218833780160858 0.04036948340745809 0.04054959785522788
22 0.40112897707834416 0.2546916890080429 0.03934314060896339 0.039544235924932974
44 0.522066370167636 0.8946045576407506 0.05131713992473486 0.03853887399463807
168 0.538829969209716 0.47486595174262736 0.04036948340745809 0.057640750670241284
200 0.24580910023948 0.3063002680965147 0.030448169688676016 0.032171581769437
7 0.8019158398905234 0.4785522788203753 0.03968525487512829 0.04825737265415549
32 0.3149161820047896 0.8341152815013405 0.0386589120766336 0.04289544235924933
118 0.12760862127950737 0.5405495978552279 0.03968525487512829 0.05093833780160858
118 0.7192952446117004 0.5408847184986595 0.04276428327061239 0.04691689008042895
32 0.34057475196715703 0.7283847184986595 0.04276428327061239 0.04390080428954424
200 0.20868970236058842 0.6000335120643432 0.03352719808416011 0.03049597855227882
106 0.840574751967157 0.6751005361930295 0.04447485460143688 0.03920911528150134
7 0.5336982552172426 0.6065683646112601 0.05063291139240506 0.04825737265415549
13 0.38299692097160454 0.8307640750670241 0.042080054738282587 0.04289544235924933
118 0.8824837495723572 0.6017091152815014 0.04960656859391037 0.04859249329758713
176 0.5631200821074239 0.19353217158176944 0.05063291139240506 0.041890080428954424
160 0.384707492302429 0.6729222520107239 0.03386931235032501 0.0435656836461126
149 0.21672938761546356 0.36042225201072386 0.04276428327061239 0.03853887399463807
7 0.7593226137529935 0.6000335120643432 0.05029079712624016 0.037198391420911525
58 0.3275744098528909 0.4859249329758713 0.041395826205952786 0.04825737265415549
149 0.14351693465617515 0.2578753351206434 0.041395826205952786 0.037868632707774796
7 0.6763599042080055 0.19520777479892762 0.0376325692781389 0.041890080428954424
224 0.2841258980499487 0.6739276139410187 0.0379746835443038 0.0435656836461126
160 0.6074238795757783 0.42644101876675605 0.0379746835443038 0.04524128686327078
44 0.2555593568251796 0.7798257372654156 0.04447485460143688 0.04289544235924933
22 0.6676359904208006 0.26826407506702415 0.0386589120766336 0.04859249329758713
110 0.3008894970920287 0.2550268096514745 0.04481696886760178 0.03686327077747989
119 0.5260006842285323 0.6772788203753352 0.0386589120766336 0.040214477211796246
211 0.7760862127950735 0.7838471849865952 0.020184741703729046 0.05093833780160858
106 0.36264112213479305 0.8986260053619303 0.045843311666096474 0.060656836461126004
200 0.4247348614437222 0.19185656836461126 0.034553540882654804 0.03049597855227882
200 0.5215531987683887 0.3674597855227882 0.041395826205952786 0.03451742627345845
176 0.6346219637358878 0.26373994638069703 0.04379062606910708 0.04423592493297587
58 0.21382141635306193 0.2570375335120643 0.03900102634279849 0.039544235924932974
6 0.1288060212110845 0.36511394101876676 0.05029079712624016 0.04121983914209115
143 0.04960656859391037 0.3674597855227882 0.04036948340745809 0.042560321715817695
13 0.2668491276086213 0.20023458445040215 0.03900102634279849 0.03518766756032172
22 0.8031132398221006 0.539544235924933 0.035237769414984604 0.04088471849865952
22 0.28156004105371196 0.4850871313672922 0.04447485460143688 0.04859249329758713
7 0.8176530961341087 0.26943699731903487 0.05131713992473486 0.049597855227882036
7 0.3814574067738625 0.18900804289544235 0.04036948340745809 0.04289544235924933
118 0.7163872733492986 0.6000335120643432 0.04036948340745809 0.04054959785522788
22 0.13462196373588778 0.42359249329758714 0.0386589120766336 0.04088471849865952
118 0.7449538145740677 0.8419906166219839 0.041395826205952786 0.05797587131367292
224 0.9091686623332192 0.37952412868632707 0.0386589120766336 0.041890080428954424
118 0.9163530619226822 0.21179624664879357 0.0379746835443038 0.040214477211796246
211 0.4057475196715703 0.728887399463807 0.01847417037290455 0.04289544235924933
176 0.4293534040369483 0.31082439678284185 0.04036948340745809 0.037868632707774796
58 0.8072186110160794 0.5988605898123325 0.052343482723229556 0.04289544235924933
118 0.6717413616147794 0.7815013404825737 0.04071159767362299 0.04423592493297587
32 0.5420800547382826 0.8361260053619303 0.042080054738282587 0.04691689008042895
99 0.7175846732808758 0.27362600536193027 0.031132398221005816 0.04457104557640751
7 0.6725966472801915 0.7268766756032171 0.04515908313376668 0.0435656836461126
32 0.5302771125555936 0.42359249329758714 0.05063291139240506 0.04289544235924933
7 0.7538487854943551 0.37164879356568364 0.04276428327061239 0.04758713136729222
119 0.8484433800889497 0.2064343163538874 0.0369483407458091 0.04423592493297587
22 0.21878207321245297 0.19772117962466487 0.035237769414984604 0.040214477211796246
7 0.08638385220663701 0.3629356568364611 0.046185425932261374 0.040214477211796246
200 0.6010947656517277 0.48056300268096513 0.04379062606910708 0.04289544235924933
22 0.10656859391036606 0.478887399463807 0.041395826205952786 0.04289544235924933
106 0.19192610331850837 0.7830093833780161 0.04036948340745809 0.04121983914209115
16 0.7795073554567226 0.42359249329758714 0.045501197399931574 0.04758713136729222
7 0.6820047895997263 0.4762064343163539 0.042080054738282587 0.040214477211796246
119 0.8985631200821074 0.7382707774798928 0.03934314060896339 0.05026809651474531
7 0.3498118371536093 0.8307640750670241 0.046185425932261374 0.039544235924932974
224 0.6688333903523777 0.42861930294906164 0.036264112213479305 0.036193029490616625
200 0.18097844680123162 0.3049597855227882 0.0369483407458091 0.039544235924932974
119 0.6419774204584331 0.4773793565683646 0.0379746835443038 0.04591152815013405
224 0.7092028737598358 0.7320710455764075 0.03421142661648991 0.04591152815013405
119 0.8443380088949709 0.5400469168900804 0.03900102634279849 0.037198391420911525
22 0.4993157714676702 0.8324396782841823 0.042080054738282587 0.04088471849865952
185 0.41720834758809444 0.670073726541555 0.0379746835443038 0.037868632707774796
32 0.48905234348272325 0.6801273458445041 0.052343482723229556 0.04121983914209115
106 0.18132056106739652 0.1988941018766756 0.04447485460143688 0.04591152815013405
7 0.4213137187820732 0.8260723860589813 0.041395826205952786 0.0435656836461126
200 0.7331508723913788 0.6682305630026809 0.03352719808416011 0.0435656836461126
58 0.8581936366746493 0.4289544235924933 0.04960656859391037 0.0435656836461126
13 0.2955867259664728 0.7838471849865952 0.047211768730756075 0.04624664879356569
211 0.669346561751625 0.3773458445040214 0.020184741703729046 0.04289544235924933
58 0.23486144372220322 0.48341152815013405 0.05576462538487855 0.041890080428954424
22 0.4582620595278823 0.7788203753351206 0.034553540882654804 0.05093833780160858
200 0.35100923708518644 0.6759383378016086 0.035579883681149505 0.039544235924932974
7 0.7509408142319535 0.26943699731903487 0.04379062606910708 0.04289544235924933
58 0.06517276770441327 0.4793900804289544 0.04960656859391037 0.03853887399463807
211 0.9719466301744782 0.3872319034852547 0.02942182689018132 0.04457104557640751
118 0.25880944235374614 0.3646112600536193 0.04823811152925077 0.040214477211796246
7 0.4293534040369483 0.48910857908847183 0.04310639753677729 0.04792225201072386
7 0.8029421826890182 0.6730898123324397 0.04036948340745809 0.037198391420911525
118 0.9553540882654806 0.6048927613941019 0.0386589120766336 0.040214477211796246
118 0.1532671912418748 0.780328418230563 0.05405405405405406 0.041890080428954424
200 0.3602463222716387 0.31199731903485256 0.0369483407458091 0.0388739946380697
200 0.25453301402668493 0.6690683646112601 0.036264112213479305 0.041890080428954424
32 0.36144372220321586 0.7769772117962467 0.04960656859391037 0.041890080428954424
22 0.9442353746151214 0.3806970509383378 0.03284296955183031 0.04624664879356569
22 0.8178241532671913 0.31970509383378015 0.035921997947314405 0.039544235924932974
7 0.1532671912418748 0.8895777479892761 0.03352719808416011 0.03853887399463807
22 0.36828600752651386 0.4832439678284182 0.04344851180294218 0.05160857908847185
22 0.706637016763599 0.4304624664879357 0.046185425932261374 0.037198391420911525
22 0.5005131713992473 0.6077412868632708 0.041053711939787886 0.04591152815013405
160 0.26719124187478616 0.42392761394101874 0.036264112213479305 0.03686327077747989
211 0.9050632911392406 0.478887399463807 0.020184741703729046 0.04758713136729222
22 0.18422853232979816 0.4819034852546917 0.045501197399931574 0.04691689008042895
211 0.871365035921998 0.7885388739946381 0.01847417037290455 0.04691689008042895
211 0.6968867601778994 0.27362600536193027 0.01847417037290455 0.04591152815013405
7 0.40352377694149844 0.8964477211796247 0.02702702702702703 0.05093833780160858
32 0.45911734519329456 0.6067359249329759 0.04447485460143688 0.04524128686327078
13 0.29849469722887445 0.369470509383378 0.046185425932261374 0.041890080428954424
7 0.6477933629832364 0.319872654155496 0.04276428327061239 0.04121983914209115
200 0.4284981183715361 0.7263739946380697 0.02702702702702703 0.03116621983914209
44 0.9420116318850497 0.48257372654155495 0.04892234006158057 0.0435656836461126
211 0.23862470065001712 0.19286193029490617 0.016079370509750255 0.041890080428954424
160 0.8426274375641464 0.6012064343163539 0.03352719808416011 0.04624664879356569
118 0.22357167293876154 0.7243632707774799 0.04960656859391037 0.041890080428954424
224 0.25812521382141634 0.599195710455764 0.034553540882654804 0.040214477211796246
8 0.7844680123161136 0.3207104557640751 0.0369483407458091 0.04289544235924933
22 0.33971946630174477 0.3709785522788204 0.036264112213479305 0.05294906166219839
185 0.8876154635648307 0.5408847184986595 0.04960656859391037 0.040214477211796246
211 0.6792678754704071 0.6699061662198391 0.020184741703729046 0.04691689008042895
22 0.6388983920629491 0.3741621983914209 0.046869654464591175 0.04121983914209115
99 0.8936024632227164 0.7945710455764075 0.01915839890523435 0.054289544235924934
211 0.23862470065001712 0.5445710455764075 0.019500513171399246 0.04423592493297587
13 0.47399931577146764 0.8974530831099196 0.04002736914129319 0.0388739946380697
13 0.269414984604858 0.7255361930294906 0.05576462538487855 0.04289544235924933
118 0.3792336640437906 0.3672922252010724 0.04481696886760178 0.045576407506702415
22 0.4839206294902497 0.42359249329758714 0.042080054738282587 0.04289544235924933
176 0.5619226821758467 0.7340817694369973 0.04823811152925077 0.037198391420911525
7 0.17499144714334589 0.7230227882037533 0.035237769414984604 0.04457104557640751
7 0.6346219637358878 0.7798257372654156 0.04036948340745809 0.04423592493297587
118 0.1867943893260349 0.896112600536193 0.04379062606910708 0.04825737265415549
118 0.2748888128634964 0.8344504021447721 0.04481696886760178 0.04222520107238606
7 0.5605542251111871 0.7781501340482574 0.042080054738282587 0.04758713136729222
160 0.5046185425932261 0.3153485254691689 0.03968525487512829 0.040214477211796246
149 0.0942524803284297 0.8895777479892761 0.03181662675333562 0.03853887399463807
224 0.12452959288402327 0.8894101876675603 0.03215874101950051 0.040214477211796246
22 0.37752309271296614 0.5425603217158177 0.03934314060896339 0.040214477211796246
200 0.7996920971604516 0.7337466487935657 0.028395484091686622 0.03920911528150134
7 0.7466643859048923 0.20308310991957104 0.04071159767362299 0.04088471849865952
160 0.6005815942524804 0.19839142091152814 0.04071159767362299 0.049597855227882036
211 0.42764283270612385 0.6053954423592494 0.023263770099213137 0.03920911528150134
200 0.5942524803284297 0.26005361930294907 0.0369483407458091 0.03686327077747989
99 0.4714334587752309 0.319872654155496 0.03010605542251112 0.04457104557640751
160 0.4579199452617174 0.7260388739946381 0.03181662675333562 0.041890080428954424
7 0.8178241532671913 0.4249329758713137 0.04481696886760178 0.0435656836461126
211 0.5092370851864523 0.4790549597855228 0.016763599042080055 0.04121983914209115
200 0.6804652754019843 0.6022117962466488 0.036264112213479305 0.03284182305630027
211 0.43260348956551486 0.7786528150134048 0.023605884365378037 0.04859249329758713
118 0.7815600410537119 0.20308310991957104 0.04481696886760178 0.04624664879356569
76 0.7293876154635648 0.3181970509383378 0.046527540198426275 0.04457104557640751
22 0.23058501539514198 0.4261058981233244 0.0369483407458091 0.04591152815013405
160 0.5585015395141978 0.676441018766756 0.034553540882654804 0.03853887399463807
211 0.4478275744098529 0.5420576407506702 0.02189531303455354 0.03920911528150134
211 0.23144030106055422 0.6028820375335121 0.020184741703729046 0.04624664879356569
13 0.5653438248374957 0.3691353887399464 0.05302771125555936 0.03920911528150134
32 0.4858022579541567 0.5425603217158177 0.047211768730756075 0.0435656836461126
118 0.8585357509408142 0.2719504021447721 0.042080054738282587 0.04591152815013405
7 0.8788915497776257 0.47972520107238603 0.0369483407458091 0.04121983914209115
110 0.6476223058501539 0.6045576407506702 0.03284296955183031 0.04088471849865952
58 0.1985973315087239 0.8279155495978552 0.05576462538487855 0.041890080428954424
58 0.6832021895313034 0.3181970509383378 0.05131713992473486 0.037868632707774796
22 0.17345193294560382 0.36427613941018766 0.047211768730756075 0.039544235924932974
22 0.10742387957577831 0.7801608579088471 0.03968525487512829 0.035522788203753354
185 0.8429695518303113 0.7835120643431636 0.03968525487512829 0.04691689008042895
211 0.7276770441327404 0.375 0.021211084502223743 0.04758713136729222
22 0.7783099555251454 0.8451742627345844 0.04515908313376668 0.05361930294906166
7 0.15412247690728703 0.8310991957104558 0.045501197399931574 0.05026809651474531
8 0.828771809784468 0.7362600536193029 0.035921997947314405 0.04758713136729222
110 0.3936024632227164 0.487097855227882 0.028395484091686622 0.0492627345844504
99 0.046356483065343825 0.31115951742627346 0.035237769414984604 0.041890080428954424
13 0.2109134450906603 0.3104892761394102 0.03934314060896339 0.041890080428954424
58 0.18354430379746836 0.4222520107238606 0.06055422511118714 0.035522788203753354
58 0.17550461854259322 0.5408847184986595 0.05131713992473486 0.040214477211796246
118 0.5824495381457406 0.837298927613941 0.042080054738282587 0.04792225201072386
99 0.2227163872733493 0.7823391420911529 0.03284296955183031 0.0492627345844504
118 0.5660280533698255 0.8930965147453083 0.0386589120766336 0.0435656836461126
99 0.5253164556962026 0.5482573726541555 0.028395484091686622 0.05160857908847185
13 0.637358877865207 0.2005697050938338 0.04926445432774547 0.051273458445040214
13 0.46082791652411903 0.8316018766756033 0.046527540198426275 0.04457104557640751
224 0.713821416353062 0.20140750670241286 0.046869654464591175 0.04289544235924933
32 0.34553540882654804 0.19654825737265416 0.041053711939787886 0.04591152815013405
118 0.9403010605542251 0.43297587131367293 0.04071159767362299 0.040214477211796246
7 0.37307560725282246 0.7226876675603218 0.042080054738282587 0.041890080428954424
7 0.8619568936024632 0.7354222520107239 0.045501197399931574 0.04457104557640751
22 0.2689018132056107 0.8895777479892761 0.046527540198426275 0.037198391420911525
22 0.4457748888128635 0.6734249329758714 0.026000684228532328 0.04121983914209115
16 0.27984946972288743 0.3113270777479893 0.041053711939787886 0.0435656836461126
13 0.22596647280191584 0.8920911528150134 0.04960656859391037 0.040214477211796246
7 0.3522066370167636 0.6015415549597856 0.04276428327061239 0.04691689008042895
200 0.6792678754704071 0.539544235924933 0.0386589120766336 0.04423592493297587
119 0.49538145740677386 0.191186327077748 0.03284296955183031 0.041890080428954424
224 0.8741019500513172 0.37667560321715815 0.03968525487512829 0.039544235924932974
7 0.3198768388641806 0.2578753351206434 0.04036948340745809 0.04591152815013405
160 0.11734519329456038 0.3049597855227882 0.04447485460143688 0.04758713136729222
200 0.21638727334929866 0.5432305630026809 0.03181662675333562 0.03686327077747989
7 0.9230242901128977 0.7932305630026809 0.04447485460143688 0.05026809651474531
13 0.9512487170715019 0.21363941018766755 0.03386931235032501 0.037868632707774796
211 0.4036948340745809 0.1895107238605898 0.01915839890523435 0.04993297587131367
200 0.5277112555593568 0.19436997319034852 0.030448169688676016 0.035522788203753354
99 0.9793020868970236 0.5536193029490617 0.027711255559356825 0.05093833780160858
76 0.698255217242559 0.37365951742627346 0.03968525487512829 0.07305630026809651
110 0.07868628121792678 0.3116621983914209 0.03968525487512829 0.04289544235924933
224 0.9208005473828259 0.27027479892761397 0.0386589120766336 0.04457104557640751
185 0.33544303797468356 0.5371983914209115 0.04276428327061239 0.039544235924932974
224 0.5371193978788915 0.31769436997319034 0.028737598357851522 0.0435656836461126
200 0.5215531987683887 0.7329088471849866 0.034553540882654804 0.03753351206434316
106 0.7451248717071501 0.7337466487935657 0.04036948340745809 0.042560321715817695
160 0.4370509750256586 0.2546916890080429 0.042080054738282587 0.04624664879356569
13 0.2714676702018474 0.5452412868632708 0.046185425932261374 0.036193029490616625
22 0.14522750598699966 0.19654825737265416 0.034553540882654804 0.0492627345844504
22 0.8985631200821074 0.42443029490616624 0.04276428327061239 0.04121983914209115
176 0.8404036948340746 0.4790549597855228 0.056448853917208344 0.04121983914209115
119 0.3616147793362983 0.2546916890080429 0.041053711939787886 0.036193029490616625
13 0.554396168320219 0.25804289544235925 0.041395826205952786 0.039544235924932974
13 0.09168662333219295 0.42392761394101874 0.047211768730756075 0.030160857908847184
22 0.7656517276770441 0.5400469168900804 0.04447485460143688 0.04859249329758713
106 0.4163530619226822 0.5432305630026809 0.03968525487512829 0.040214477211796246
200 0.43739308929182347 0.36662198391420914 0.04276428327061239 0.039544235924932974
160 0.44628806021211087 0.8986260053619303 0.04960656859391037 0.05328418230563003
119 0.48836811495039345 0.7295576407506702 0.045501197399931574 0.04289544235924933
211 0.7591515566199111 0.319872654155496 0.01847417037290455 0.042560321715817695
200 0.6561751625042764 0.6739276139410187 0.02942182689018132 0.035522788203753354
160 0.4818679438932604 0.3703083109919571 0.04276428327061239 0.040214477211796246
200 0.8817995210400273 0.21296916890080428 0.0379746835443038 0.037868632707774796
224 0.3973657201505303 0.31115951742627346 0.0386589120766336 0.03853887399463807
32 0.7151898734177216 0.7793230563002681 0.04276428327061239 0.04524128686327078
44 0.9609989736572015 0.6809651474530831 0.03284296955183031 0.04758713136729222
118 0.21382141635306193 0.6694034852546917 0.047211768730756075 0.04457104557640751
7 0.1657543619568936 0.5971849865951743 0.04892234006158057 0.039544235924932974
118 0.6402668491276087 0.5432305630026809 0.0379746835443038 0.035522788203753354
99 0.1501881628463907 0.30914879356568364 0.03284296955183031 0.04121983914209115
118 0.7976394115634622 0.37282171581769435 0.03934314060896339 0.041890080428954424
224 0.17721518987341772 0.25921581769436997 0.03284296955183031 0.037198391420911525
118 0.761033185083818 0.478887399463807 0.042080054738282587 0.04289544235924933
149 0.5615805679096818 0.5457439678284183 0.045501197399931574 0.041890080428954424
7 0.8884707492302429 0.271112600536193 0.036264112213479305 0.04289544235924933
22 0.5945945945945946 0.6797922252010724 0.036264112213479305 0.041890080428954424
44 0.9389326034895655 0.5449061662198391 0.046185425932261374 0.0388739946380697
