99 0.7701781970649895 0.629232039636664 0.05188679245283019 0.04376548307184145
13 0.515461215932914 0.3540462427745665 0.06656184486373165 0.05408753096614368
7 0.5448113207547169 0.19921552436003304 0.05712788259958071 0.04995871180842279
22 0.8671383647798742 0.4667630057803468 0.06865828092243187 0.05408753096614368
185 0.5623689727463312 0.851981833195706 0.05345911949685535 0.05408753096614368
118 0.42138364779874216 0.5798926507018992 0.07232704402515723 0.04995871180842279
200 0.635482180293501 0.7947976878612717 0.055031446540880505 0.03550784475639967
13 0.4882075471698113 0.5204376548307185 0.06865828092243187 0.047481420313790254
211 0.6357442348008385 0.8503303055326177 0.027253668763102725 0.03757225433526012
118 0.2539308176100629 0.5732865400495458 0.07075471698113207 0.056564822460776217
44 0.7112159329140462 0.24938067712634188 0.1069182389937107 0.04872006606110652
106 0.7623165618448637 0.3561106523534269 0.07914046121593292 0.05326176713459951
224 0.2555031446540881 0.4106110652353427 0.06446540880503145 0.05078447563996697
22 0.6745283018867925 0.40957886044591246 0.049266247379454925 0.05119735755573906
44 0.5379979035639413 0.46635012386457475 0.08962264150943396 0.05326176713459951
106 0.32258909853249473 0.3569364161849711 0.0759958071278826 0.05326176713459951
32 0.5458595387840671 0.30161023947151117 0.07180293501048218 0.05408753096614368
200 0.17138364779874213 0.4653179190751445 0.07756813417190776 0.0611065235342692
22 0.32258909853249473 0.40895953757225434 0.06446540880503145 0.0458298926507019
32 0.7009958071278826 0.6271676300578035 0.0759958071278826 0.04128819157720892
7 0.3160377358490566 0.30408753096614366 0.05870020964360587 0.05078447563996697
99 0.60062893081761 0.20251857968620973 0.05450733752620545 0.05491329479768786
224 0.3273060796645702 0.6312964492155244 0.04035639412997904 0.04789430222956235
22 0.7403039832285115 0.8495045417010735 0.05922431865828092 0.04500412881915772
211 0.47379454926624737 0.47047894302229565 0.040880503144654086 0.05491329479768786
7 0.2861635220125786 0.19983484723369116 0.05241090146750524 0.04459124690338563
7 0.8291404612159329 0.36003303055326175 0.05450733752620545 0.04872006606110652
118 0.24633123689727462 0.4653179190751445 0.06289308176100629 0.04128819157720892
118 0.8511530398322851 0.41226259289843104 0.057651991614255764 0.05491329479768786
13 0.3139412997903564 0.5759702725020645 0.06918238993710692 0.04376548307184145
118 0.3367400419287212 0.2543352601156069 0.07285115303983228 0.04376548307184145
13 0.7822327044025157 0.5258051197357556 0.08333333333333333 0.051610239471511145
7 0.40356394129979034 0.20334434351775393 0.06708595387840671 0.048307184145334435
76 0.8542976939203354 0.3036746490503716 0.06184486373165619 0.07390586292320396
99 0.7348008385744235 0.583195706028076 0.05555555555555555 0.04995871180842279
99 0.6346960167714885 0.2526837324525186 0.05660377358490566 0.05202312138728324
211 0.7185534591194969 0.41742361684558216 0.04612159329140461 0.03633360858794385
7 0.7329664570230608 0.680635838150289 0.07180293501048218 0.047481420313790254
160 0.745020964360587 0.4669694467382329 0.0759958071278826 0.06523534269199009
22 0.5775681341719078 0.3561106523534269 0.059748427672955975 0.051610239471511145
22 0.40356394129979034 0.2535094962840628 0.06708595387840671 0.042113955408753095
118 0.6176624737945493 0.4644921552436003 0.07389937106918239 0.05119735755573906
118 0.47667714884696016 0.6911643270024773 0.0749475890985325 0.03963666391412056
58 0.3359538784067086 0.6841453344343518 0.04716981132075472 0.04376548307184145
160 0.3789308176100629 0.40937241948802644 0.059748427672955975 0.05078447563996697
7 0.7138364779874213 0.30429397192402974 0.07127882599580712 0.05037159372419488
22 0.6960167714884696 0.35714285714285715 0.06184486373165619 0.046242774566473986
13 0.25340670859538783 0.5146573080099092 0.05188679245283019 0.04170107349298101
160 0.5458595387840671 0.6909578860445913 0.06551362683438156 0.05078447563996697
58 0.784853249475891 0.30119735755573906 0.08542976939203355 0.05986787778695293
149 0.16063941299790357 0.19900908340214699 0.08438155136268344 0.038810900082576386
211 0.5332809224318659 0.2510322047894302 0.026729559748427674 0.04541701073492981
185 0.574685534591195 0.6317093311312965 0.06551362683438156 0.04541701073492981
7 0.25471698113207547 0.3552848885218827 0.057651991614255764 0.051610239471511145
32 0.5773060796645703 0.7960363336085879 0.06865828092243187 0.046242774566473986
211 0.2741090146750524 0.25639966969446737 0.04612159329140461 0.04459124690338563
13 0.4281970649895178 0.30037159372419486 0.06708595387840671 0.04665565648224608
200 0.6823899371069182 0.4667630057803468 0.05555555555555555 0.05904211395540875
7 0.38469601677148846 0.36189099917423617 0.05241090146750524 0.03674649050371594
13 0.6695492662473794 0.573905862923204 0.08123689727463312 0.04128819157720892
22 0.7801362683438156 0.578860445912469 0.03511530398322851 0.04541701073492981
7 0.6142557651991615 0.30119735755573906 0.07127882599580712 0.051610239471511145
99 0.429769392033543 0.4112303881090008 0.0440251572327044 0.053674649050371594
224 0.7610062893081762 0.7411230388109001 0.05870020964360587 0.04459124690338563
7 0.5170335429769392 0.6321222130470685 0.05922431865828092 0.04128819157720892
211 0.6656184486373166 0.3024360033030553 0.03773584905660377 0.05573905862923204
99 0.6506813417190775 0.7423616845582164 0.05712788259958071 0.04872006606110652
200 0.7036163522012578 0.7419488026424442 0.05607966457023061 0.03550784475639967
200 0.4331761006289308 0.7483484723369116 0.062368972746331235 0.04335260115606936
176 0.3613731656184486 0.4644921552436003 0.0749475890985325 0.054500412881915775
185 0.8089622641509434 0.4671758876961189 0.055031446540880505 0.05491329479768786
106 0.47851153039832284 0.20210569777043766 0.08490566037735849 0.05078447563996697
32 0.660377358490566 0.5194054500412882 0.0639412997903564 0.0495458298926507
22 0.7442348008385744 0.14987613542526837 0.059748427672955975 0.04376548307184145
211 0.6029874213836478 0.847027250206441 0.029874213836477988 0.05078447563996697
211 0.36477987421383645 0.5763831544178365 0.04507337526205451 0.04459124690338563
118 0.6090146750524109 0.6870355078447564 0.07337526205450734 0.046242774566473986
211 0.540356394129979 0.5196118909991743 0.040880503144654086 0.04087530966143683
224 0.23532494758909853 0.1994219653179191 0.05345911949685535 0.042113955408753095
160 0.27646750524109015 0.629232039636664 0.06341719077568134 0.04706853839801817
211 0.47955974842767296 0.7471098265895953 0.03039832285115304 0.03757225433526012
99 0.6771488469601677 0.1467795210569777 0.06708595387840671 0.05078447563996697
143 0.5256813417190775 0.740710156895128 0.0649895178197065 0.04872006606110652
6 0.6716457023060797 0.684971098265896 0.06446540880503145 0.04541701073492981
7 0.28773584905660377 0.6845582163501238 0.057651991614255764 0.03963666391412056
143 0.7224842767295597 0.19900908340214699 0.08018867924528301 0.046242774566473986
224 0.6367924528301887 0.35631709331131295 0.05870020964360587 0.04789430222956235
44 0.784853249475891 0.4106110652353427 0.08333333333333333 0.05491329479768786
7 0.714622641509434 0.5216763005780347 0.05188679245283019 0.04500412881915772
22 0.6577568134171907 0.20086705202312138 0.05345911949685535 0.048307184145334435
22 0.610062893081761 0.5815441783649876 0.04821802935010482 0.032617671345995046
32 0.5605345911949685 0.40957886044591246 0.08333333333333333 0.05697770437654831
13 0.6800314465408805 0.8482658959537572 0.07809224318658281 0.047481420313790254
99 0.6226415094339622 0.4116432700247729 0.05241090146750524 0.06275805119735756
22 0.7646750524109015 0.7912881915772089 0.0639412997903564 0.0458298926507019
106 0.4790356394129979 0.250206440957886 0.0859538784067086 0.04541701073492981
224 0.5471698113207547 0.5763831544178365 0.05450733752620545 0.046242774566473986
118 0.695230607966457 0.7943848059454995 0.07914046121593292 0.042939719240297276
99 0.274895178197065 0.7343104872006606 0.07809224318658281 0.04500412881915772
7 0.8563941299790356 0.5291081750619323 0.051362683438155136 0.05821635012386457
160 0.49030398322851154 0.4114368290668869 0.06970649895178196 0.05821635012386457
7 0.30136268343815514 0.4636663914120562 0.05555555555555555 0.04789430222956235
7 0.30738993710691825 0.5198183319570603 0.06446540880503145 0.046242774566473986
118 0.45754716981132076 0.6333608587943848 0.05555555555555555 0.042113955408753095
13 0.574685534591195 0.250206440957886 0.06551362683438156 0.04872006606110652
224 0.3411949685534591 0.1977704376548307 0.06184486373165619 0.042113955408753095
160 0.4887316561844864 0.5772089182493807 0.06865828092243187 0.05119735755573906
118 0.44863731656184486 0.35198183319570603 0.07127882599580712 0.05326176713459951
224 0.3668763102725367 0.30119735755573906 0.051362683438155136 0.04995871180842279
7 0.6346960167714885 0.6275805119735756 0.06079664570230608 0.04046242774566474
22 0.42426624737945495 0.5202312138728323 0.06027253668763103 0.046242774566473986
224 0.23034591194968554 0.6771263418662262 0.046645702306079666 0.05615194054500413
22 0.4837526205450734 0.2999587118084228 0.05241090146750524 0.049132947976878616
224 0.5964360587002097 0.5154830718414534 0.0639412997903564 0.044178364987613544
160 0.5940775681341719 0.7423616845582164 0.07180293501048218 0.04706853839801817
7 0.4276729559748428 0.46924029727497935 0.05345911949685535 0.0573905862923204
99 0.7882599580712788 0.8459950454170108 0.04612159329140461 0.042939719240297276
6 0.36477987421383645 0.5194054500412882 0.06184486373165619 0.0495458298926507
