200 0.7232280431432974 0.4027010435850215 0.025038520801232665 0.022099447513812154
58 0.887904468412943 0.5489564149785144 0.04930662557781202 0.029158993247391036
200 0.22072419106317412 0.14625537139349293 0.030816640986132512 0.025475751995089013
118 0.19029275808936827 0.2759361571516268 0.039291217257318954 0.028852056476365868
118 0.8037365177195686 0.07688766114180479 0.038135593220338986 0.027317372621240024
118 0.16024653312788906 0.5046040515653776 0.03775038520801233 0.025168815224063844
160 0.6852850539291218 0.08578882750153469 0.04160246533127889 0.025475751995089013
118 0.2239984591679507 0.5030693677102517 0.03428351309707242 0.02578268876611418
22 0.23940677966101695 0.41375076734192756 0.03582434514637904 0.02578268876611418
7 0.8476502311248074 0.45135052179251073 0.030431432973805857 0.029158993247391036
110 0.7043528505392912 0.21869244935543278 0.02889060092449923 0.0334561080417434
200 0.8869414483821263 0.26365868631062 0.017334360554699536 0.030079803560466543
58 0.1939522342064715 0.5480356046654389 0.04352850539291217 0.025475751995089013
200 0.10670261941448382 0.15653775322283608 0.025423728813559324 0.020257826887661142
200 0.16987673343605547 0.4539594843462247 0.02157164869029276 0.026396562308164517
224 0.8709553158705701 0.45104358502148556 0.02773497688751926 0.02608962553713935
119 0.29333590138674887 0.5455801104972375 0.02889060092449923 0.03038674033149171
211 0.6531201848998459 0.2645794966236955 0.022727272727272728 0.034990791896869246
211 0.9150616332819723 0.12968078575813383 0.019645608628659477 0.027317372621240024
224 0.17238058551617874 0.3634131368937999 0.02889060092449923 0.02394106813996317
211 0.19664869029275808 0.4518109269490485 0.03659476117103236 0.0374462860650706
7 0.7960323574730355 0.3588090853284224 0.019645608628659477 0.027624309392265192
13 0.7203389830508474 0.35543278084714547 0.030046224961479198 0.026396562308164517
7 0.3177966101694915 0.49662369551872315 0.031587057010785825 0.027010435850214856
118 0.08821263482280431 0.4139042357274402 0.01926040061633282 0.03038674033149171
22 0.21340523882896764 0.31813996316758747 0.03543913713405239 0.029772866789441375
99 0.6987673343605547 0.3132289748311848 0.032357473035439135 0.03406998158379374
211 0.9094761171032357 0.2650399017802333 0.03466872110939907 0.029772866789441375
76 0.6533127889060092 0.05463474524248005 0.03312788906009245 0.03314917127071823
7 0.22977657935285054 0.10313075506445672 0.02580893682588598 0.024554941682013505
44 0.34553158705701076 0.5432780847145487 0.045454545454545456 0.024554941682013505
76 0.9160246533127889 0.09146715776550031 0.03389830508474576 0.03314917127071823
76 0.7925654853620955 0.4518109269490485 0.03582434514637904 0.06322897483118478
44 0.6685285053929122 0.13397790055248618 0.05508474576271186 0.025475751995089013
7 0.31317411402157164 0.545426642111725 0.031587057010785825 0.03621853898096992
149 0.14040832049306626 0.36494782074892573 0.02889060092449923 0.030079803560466543
118 0.25385208012326654 0.3612645794966237 0.03389830508474576 0.02578268876611418
200 0.8278120184899846 0.3149171270718232 0.040832049306625574 0.02578268876611418
44 0.7374807395993837 0.31215469613259667 0.04892141756548536 0.026396562308164517
149 0.6623651771956857 0.35758133824432164 0.030431432973805857 0.028238182934315532
149 0.22785053929121726 0.07120933087783916 0.02889060092449923 0.029465930018416207
13 0.7112865947611711 0.5038367096378146 0.032742681047765794 0.0334561080417434
13 0.162557781201849 0.41267648864333945 0.03466872110939907 0.023634131368937997
224 0.2725346687211094 0.4989257213014119 0.02580893682588598 0.02608962553713935
160 0.27291987673343604 0.40899324739103743 0.04044684129429892 0.027931246163290364
13 0.8684514637904468 0.2664211172498465 0.025038520801232665 0.027010435850214856
6 0.8956086286594761 0.4057704112952732 0.03389830508474576 0.021485573971761818
13 0.2944915254237288 0.4976979742173112 0.031201848998459167 0.027931246163290364
22 0.7291987673343605 0.2174647022713321 0.026964560862865947 0.03038674033149171
160 0.7035824345146379 0.5432780847145487 0.03505392912172573 0.030079803560466543
32 0.18335901386748846 0.3199815837937385 0.029275808936825885 0.03038674033149171
6 0.19510785824345148 0.3614180478821363 0.028120184899845916 0.029158993247391036
149 0.8482280431432974 0.5480356046654389 0.0362095531587057 0.025475751995089013
13 0.6600539291217258 0.40239410681399634 0.03582434514637904 0.027010435850214856
22 0.8397534668721109 0.36080417434008594 0.030046224961479198 0.03161448741559239
106 0.11787365177195686 0.5478821362799263 0.04776579352850539 0.027010435850214856
160 0.10535439137134052 0.2401780233271946 0.03582434514637904 0.024861878453038673
119 0.9071648690292758 0.5039901780233272 0.026194144838212634 0.025168815224063844
22 0.2908320493066256 0.061694290976058934 0.02157164869029276 0.03376304481276857
106 0.7290061633281972 0.27117863720073665 0.045839753466872114 0.03222836095764273
211 0.1960708782742681 0.1496316758747698 0.020801232665639446 0.029158993247391036
106 0.6644838212634823 0.3100061387354205 0.04468412942989214 0.030693677102516883
211 0.276386748844376 0.5446593001841621 0.016563944530046226 0.027317372621240024
118 0.7031972265023112 0.442756292203806 0.031201848998459167 0.027317372621240024
13 0.13751926040061632 0.4547268262737876 0.039291217257318954 0.02608962553713935
200 0.14714946070878274 0.5481890730509515 0.025423728813559324 0.02332719459791283
6 0.19664869029275808 0.07351135666052794 0.03582434514637904 0.027317372621240024
176 0.10130970724191063 0.19076120319214243 0.02773497688751926 0.024861878453038673
110 0.7715716486902927 0.35865561694290976 0.02773497688751926 0.03038674033149171
224 0.13039291217257318 0.15392879066912216 0.02349768875192604 0.024248004910988337
22 0.12538520801232667 0.11264579496623696 0.028120184899845916 0.026396562308164517
22 0.6739214175654854 0.5441988950276243 0.031201848998459167 0.028238182934315532
6 0.12134052388289676 0.31952117863720075 0.04468412942989214 0.025168815224063844
211 0.9106317411402157 0.047268262737875995 0.030816640986132512 0.01841620626151013
224 0.2781201848998459 0.10282381829343155 0.026194144838212634 0.024554941682013505
211 0.7582819722650231 0.07949662369551873 0.021956856702619414 0.039287906691221605
149 0.6542758089368259 0.08824432166973603 0.038906009244992296 0.0334561080417434
118 0.8971494607087828 0.21623695518723143 0.0362095531587057 0.029772866789441375
32 0.11594761171032357 0.4162062615101289 0.03312788906009245 0.028238182934315532
185 0.7542372881355932 0.40607734806629836 0.03543913713405239 0.030079803560466543
118 0.8403312788906009 0.503683241252302 0.039676425269645606 0.028852056476365868
7 0.8466872110939908 0.08809085328422345 0.030046224961479198 0.02578268876611418
119 0.7293913713405239 0.17756292203806015 0.027349768875192602 0.03222836095764273
149 0.1448382126348228 0.279158993247391 0.023882896764252697 0.024861878453038673
200 0.8931047765793528 0.13044812768569675 0.02580893682588598 0.027624309392265192
58 0.8836671802773498 0.0885512584407612 0.039291217257318954 0.024248004910988337
22 0.8669106317411402 0.2156230816451811 0.026579352850539292 0.029772866789441375
99 0.8141371340523883 0.3621853898096992 0.02349768875192604 0.030079803560466543
160 0.799884437596302 0.26611418047882135 0.031972265023112484 0.030079803560466543
106 0.1113251155624037 0.3661755678330264 0.030816640986132512 0.028852056476365868
200 0.687788906009245 0.4045426642111725 0.02349768875192604 0.028238182934315532
224 0.8936825885978429 0.45227133210558623 0.023882896764252697 0.025475751995089013
224 0.8176040061633282 0.5457335788827502 0.02426810477657935 0.024554941682013505
224 0.6879815100154083 0.503683241252302 0.032357473035439135 0.03376304481276857
44 0.15196456086286594 0.2410988336402701 0.04815100154083205 0.02302025782688766
118 0.38694144838212635 0.5426642111724984 0.04044684129429892 0.027010435850214856
200 0.6581278890600925 0.5021485573971762 0.03428351309707242 0.03192142418661756
119 0.6479198767334361 0.5426642111724984 0.031587057010785825 0.032535297728667895
106 0.684322033898305 0.2678023327194598 0.0450693374422188 0.029158993247391036
224 0.10612480739599384 0.45610804174340086 0.025038520801232665 0.028852056476365868
185 0.8201078582434514 0.21669736034376919 0.04776579352850539 0.03192142418661756
99 0.6814329738058552 0.2194597912829957 0.025423728813559324 0.03621853898096992
7 0.1469568567026194 0.4194290976058932 0.04121725731895223 0.027317372621240024
118 0.8176040061633282 0.04358502148557397 0.030431432973805857 0.019643953345610803
7 0.9191063174114021 0.4538060159607121 0.026964560862865947 0.024861878453038673
22 0.2513482280431433 0.4976979742173112 0.027349768875192602 0.0285451197053407
7 0.7885208012326657 0.4043891958256599 0.030046224961479198 0.025475751995089013
200 0.2226502311248074 0.36172498465316144 0.023882896764252697 0.02056476365868631
119 0.20608628659476116 0.10420503376304481 0.03466872110939907 0.02608962553713935
13 0.14637904468412943 0.1939840392879067 0.03312788906009245 0.024554941682013505
22 0.13212634822804314 0.5019950890116636 0.029275808936825885 0.026703499079189688
211 0.3401386748844376 0.49171270718232046 0.02234206471494607 0.027624309392265192
7 0.187211093990755 0.4120626151012891 0.028505392912172575 0.026703499079189688
13 0.9000385208012327 0.3534376918354819 0.025038520801232665 0.0334561080417434
58 0.10265793528505393 0.505524861878453 0.038906009244992296 0.02394106813996317
6 0.8480354391371341 0.1270718232044199 0.026579352850539292 0.03130755064456722
22 0.8046995377503852 0.501841620626151 0.030046224961479198 0.027010435850214856
224 0.8724961479198767 0.3118477593615715 0.05624036979969183 0.0374462860650706
200 0.25385208012326654 0.10251688152240639 0.025423728813559324 0.025168815224063844
118 0.2515408320493066 0.5458870472682628 0.03312788906009245 0.025475751995089013
118 0.7842835130970724 0.5471147943523634 0.03775038520801233 0.029772866789441375
149 0.22842835130970723 0.2747084100675261 0.040061633281972264 0.028852056476365868
118 0.813366718027735 0.17756292203806015 0.039676425269645606 0.0334561080417434
200 0.7555855161787365 0.5440454266421118 0.025038520801232665 0.025475751995089013
149 0.30489214175654855 0.4094536525475752 0.04198767334360555 0.030079803560466543
224 0.690677966101695 0.35911602209944754 0.028505392912172575 0.027624309392265192
176 0.21302003081664098 0.4129834254143646 0.03312788906009245 0.02608962553713935
22 0.7515408320493067 0.13106200122774708 0.026964560862865947 0.03314917127071823
76 0.7800462249614792 0.1309085328422345 0.03543913713405239 0.03713934929404543
224 0.839175654853621 0.2648864333947207 0.03736517719568567 0.028238182934315532
22 0.225346687211094 0.5451197053406999 0.025423728813559324 0.025168815224063844
200 0.19183359013867488 0.5044505831798649 0.03312788906009245 0.024248004910988337
211 0.1673728813559322 0.547268262737876 0.01810477657935285 0.028238182934315532
7 0.926617873651772 0.5518723143032536 0.02426810477657935 0.028852056476365868
13 0.8437981510015409 0.04435236341313689 0.022727272727272728 0.02117863720073665
32 0.2621340523882897 0.062461632903621854 0.03736517719568567 0.03038674033149171
200 0.7336286594761171 0.5029158993247391 0.02426810477657935 0.029158993247391036
13 0.7806240369799692 0.31307550644567217 0.0450693374422188 0.027010435850214856
118 0.2459553158705701 0.3164518109269491 0.032742681047765794 0.027010435850214856
58 0.6640986132511556 0.17756292203806015 0.046224961479198766 0.0334561080417434
6 0.11902927580893682 0.28084714548802947 0.02465331278890601 0.024554941682013505
185 0.9156394453004623 0.312768569674647 0.02773497688751926 0.03621853898096992
200 0.9264252696456087 0.35865561694290976 0.025423728813559324 0.0285451197053407
7 0.19684129429892142 0.19613259668508287 0.06548536209553159 0.027010435850214856
58 0.7694530046224961 0.5029158993247391 0.04429892141756549 0.029158993247391036
22 0.16063174114021572 0.07535297728667895 0.039291217257318954 0.0285451197053407
200 0.17969953775038522 0.15116635972989564 0.02580893682588598 0.022406384284837322
58 0.7263097072419107 0.08394720687538366 0.04429892141756549 0.029158993247391036
7 0.8692218798151001 0.043738489871086556 0.031201848998459167 0.022406384284837322
7 0.8189522342064715 0.1259975445058318 0.031587057010785825 0.035297728667894414
200 0.7738828967642527 0.21884591774094536 0.026194144838212634 0.03192142418661756
44 0.7492295839753467 0.4458256599140577 0.05546995377503852 0.0285451197053407
7 0.6527349768875192 0.21623695518723143 0.026579352850539292 0.029772866789441375
224 0.7172573189522342 0.13259668508287292 0.04699537750385208 0.029465930018416207
99 0.8206856702619415 0.4536525475751995 0.02349768875192604 0.03621853898096992
119 0.7542372881355932 0.17648864333947206 0.026194144838212634 0.030079803560466543
22 0.847457627118644 0.17203806015960713 0.0362095531587057 0.029772866789441375
149 0.15677966101694915 0.32166973603437693 0.030046224961479198 0.028238182934315532
211 0.75 0.2193063228974831 0.02157164869029276 0.03284223449969306
32 0.7347842835130971 0.5420503376304481 0.032742681047765794 0.03437691835481891
106 0.8931047765793528 0.17295887047268263 0.052773497688751926 0.03406998158379374
211 0.7921802773497689 0.21823204419889503 0.017334360554699536 0.027624309392265192
7 0.9264252696456087 0.21992019643953345 0.01848998459167951 0.029158993247391036
58 0.09456856702619415 0.10819521178637201 0.03428351309707242 0.0334561080417434
200 0.7817796610169492 0.17664211172498465 0.02889060092449923 0.03284223449969306
200 0.7686825885978429 0.2687231430325353 0.026579352850539292 0.03222836095764273
7 0.7010785824345146 0.17879066912216082 0.03312788906009245 0.03406998158379374
