58 0.5222094029420248 0.5002912055911474 0.03893856359965388 0.040768782760629
200 0.9424574560138448 0.7440302853814793 0.031439284684164986 0.0361094933022714
185 0.7980963368906836 0.9047757716948165 0.036342659359676954 0.039021549213744906
160 0.8753965964811076 0.9031741409435061 0.04441880588404961 0.039312754804892255
211 0.5160080761465243 0.1550669772859639 0.020767233919815404 0.04222481071636575
211 0.46928179982693974 0.28057658707047173 0.015575425439861552 0.04222481071636575
200 0.9164984136140756 0.51703552708212 0.04124603403518892 0.037565521258008154
118 0.7378136717623306 0.4235585323238206 0.05191808479953851 0.03640069889341875
224 0.5542255552350736 0.3731799650553291 0.03836169599077012 0.037565521258008154
118 0.42255552350735504 0.5942050087361678 0.0490337467551197 0.045719277810133956
22 0.6201326795500433 0.377256843331392 0.03518892414190943 0.04513686662783926
13 0.5905682145947505 0.37012230634828186 0.025670608595327372 0.041933605125218404
22 0.7036342659359677 0.5522714036109493 0.04297663686184021 0.039895165987186954
200 0.4206807037784828 0.44962143273150845 0.040669166426305164 0.033197437390797904
22 0.8430920103836169 0.7361677344205009 0.029997115661955582 0.033197437390797904
22 0.9091433516008076 0.42297612114152594 0.03576579175079319 0.03873034362259756
32 0.8347274300548024 0.46840419336051253 0.042111335448514566 0.03814793244030285
185 0.7819440438419383 0.4223937099592312 0.037496394577444477 0.035235876528829355
211 0.8614075569656764 0.5599883517763541 0.02451687337755985 0.0343622597553873
185 0.8857802134410153 0.6515725101921956 0.03576579175079319 0.039895165987186954
200 0.8720796077300259 0.6064356435643564 0.040669166426305164 0.03814793244030285
13 0.8513123738102105 0.6952533488642982 0.03951543120853764 0.04863133372160745
22 0.5038938563599654 0.197582993593477 0.029997115661955582 0.03640069889341875
44 0.396163830400923 0.8089691322073383 0.055667724257282954 0.039021549213744906
7 0.5659071243149697 0.8095515433896331 0.04268820305739833 0.0361094933022714
22 0.48081915200461495 0.4981071636575422 0.044995673492933375 0.03640069889341875
44 0.45111047014710126 0.23514851485148514 0.05307182001730603 0.029994175888177054
22 0.4962503605422556 0.5439720442632499 0.031439284684164986 0.0361094933022714
118 0.927747331987309 0.471316249271986 0.04124603403518892 0.037565521258008154
22 0.4788001153735218 0.5943506115317414 0.042111335448514566 0.047757716948165406
224 0.6586385924430344 0.6865171811298777 0.03547735794635131 0.039895165987186954
200 0.7992500721084511 0.377693651718113 0.037496394577444477 0.040768782760629
7 0.35232189212575715 0.7631042516016308 0.0475915777329103 0.03814793244030285
118 0.7375252379578887 0.5963890506697729 0.04326507066628209 0.041933605125218404
211 0.941880588404961 0.4239953407105416 0.03490049033746755 0.0442632498543972
200 0.4087107008941448 0.1956901572510192 0.02942024805307182 0.0401863715783343
118 0.601528699163542 0.4161327897495632 0.04124603403518892 0.043680838672102505
13 0.4079896163830401 0.15317414094350612 0.0475915777329103 0.040768782760629
118 0.7306028266512835 0.7246651135701806 0.03230458609749062 0.03348864298194525
200 0.48125180271127777 0.15419336051252183 0.04124603403518892 0.035235876528829355
13 0.6574848572252668 0.5515433896330809 0.040669166426305164 0.039021549213744906
32 0.930054802422844 0.703407105416424 0.04586097490625901 0.04688410017472335
7 0.3755408133833285 0.54120559114735 0.037496394577444477 0.052125800815375656
118 0.6533025670608595 0.643855562026791 0.051341217190654743 0.041933605125218404
22 0.5513412171906548 0.6849155503785672 0.028554946639746177 0.0384391380314502
7 0.8355927314681281 0.9041933605125219 0.038650129795212 0.041351193942923706
211 0.5106720507643496 0.4552999417588818 0.023363138159792327 0.043389633080955156
32 0.51687337755985 0.635264997087944 0.029997115661955582 0.03873034362259756
118 0.4606287856936833 0.5442632498543972 0.04153446783963081 0.041933605125218404
22 0.6990193250648976 0.5969714618520675 0.036054225555235075 0.039603960396039604
118 0.5860974906259013 0.2868375072801398 0.03576579175079319 0.03669190448456611
13 0.6370060571098933 0.7638322655794991 0.03951543120853764 0.0401863715783343
211 0.5255263916931064 0.5445544554455446 0.03230458609749062 0.0425160163075131
200 0.6492644937986732 0.4614152591729761 0.03691952696856071 0.036983110075713456
44 0.686184020767234 0.42108328479906815 0.05018748197288722 0.039021549213744906
118 0.6321026824343813 0.7259755387303436 0.04932218055956158 0.030867792661619105
58 0.4702913181424863 0.40695981362842165 0.04874531295067782 0.03581828771112405
200 0.649697144505336 0.8092603377984857 0.042399769252956444 0.0384391380314502
211 0.44361119123161236 0.7626674432149098 0.02884338044418806 0.039021549213744906
44 0.7986732044995674 0.8618229470005824 0.05018748197288722 0.04047757716948165
185 0.7421401788289588 0.46622015142690737 0.03461205653302567 0.041351193942923706
211 0.8363138159792327 0.5141234711706465 0.01990193250648976 0.03814793244030285
118 0.7378136717623306 0.8168316831683168 0.046726276319584654 0.040768782760629
7 0.5859532737236804 0.3262958648806057 0.033169887510816266 0.03581828771112405
118 0.44505336025382175 0.8092603377984857 0.04384193827516585 0.0384391380314502
110 0.4113066051341217 0.7671811298776936 0.03230458609749062 0.035235876528829355
160 0.42457456013844824 0.41045428072218987 0.04268820305739833 0.03873034362259756
185 0.44087107008941445 0.494175888177053 0.037784828381886355 0.04309842748980781
13 0.4004903374675512 0.24039021549213746 0.03836169599077012 0.03581828771112405
224 0.48154023651571964 0.45180547466511356 0.03893856359965388 0.039895165987186954
106 0.799394289010672 0.7748980780430984 0.0475915777329103 0.041933605125218404
224 0.5416786847418518 0.5924577751892837 0.027112777617536776 0.04047757716948165
149 0.6856071531583502 0.7268491555037857 0.04845687914623594 0.032615026208503206
176 0.9052494952408422 0.7422830518345952 0.03951543120853764 0.0361094933022714
211 0.4405826362849726 0.1956901572510192 0.018171329679838477 0.0314502038439138
58 0.6104701471012403 0.45952242283051836 0.040669166426305164 0.0442632498543972
211 0.8728006922411307 0.7363133372160745 0.02365157196423421 0.03174140943506115
185 0.5356215748485722 0.4528246942341293 0.03576579175079319 0.039603960396039604
200 0.6990193250648976 0.6453115899825277 0.0400922988174214 0.0401863715783343
6 0.7375252379578887 0.6464764123471171 0.03461205653302567 0.0401863715783343
99 0.8269397173348716 0.558677926616191 0.031727718488606865 0.036983110075713456
224 0.7062301701759446 0.3787128712871287 0.033169887510816266 0.037565521258008154
149 0.7859821171041246 0.8174140943506115 0.040380732621863286 0.0361094933022714
200 0.8807326218632824 0.4691322073383809 0.042399769252956444 0.041933605125218404
13 0.9252956446495529 0.7792661619103087 0.04557254110181713 0.050669772859638904
99 0.44216902220940296 0.15419336051252183 0.0282665128353043 0.03873034362259756
143 0.5464378425151428 0.15739662201514268 0.03374675511970003 0.03640069889341875
149 0.6182578598211711 0.6878276062900408 0.042399769252956444 0.050087361677344205
7 0.7545428324199596 0.7738788584740827 0.03922699740409576 0.039895165987186954
13 0.758580905682146 0.7303436225975539 0.038650129795212 0.035527082119976704
32 0.3973175656186905 0.28538147932440305 0.03951543120853764 0.0425160163075131
99 0.8151139313527546 0.6474956319161328 0.0282665128353043 0.04222481071636575
22 0.8103547735794635 0.5132498543972044 0.030862417075281222 0.03873034362259756
160 0.5762907412748774 0.2400990099009901 0.03461205653302567 0.043972044263249854
211 0.521632535333141 0.36764705882352944 0.02047880011537352 0.036983110075713456
76 0.4134698586674358 0.5414967967384974 0.04701471012402653 0.06377402446126966
118 0.6915200461494088 0.5061153174140943 0.042399769252956444 0.0489225393127548
211 0.413037207960773 0.49854397204426326 0.027112777617536776 0.04717530576587071
176 0.867320449956735 0.5154338963308096 0.04441880588404961 0.039603960396039604
118 0.9042399769252957 0.6036691904484566 0.03403518892414191 0.0361094933022714
32 0.7444476492644938 0.5546010483401281 0.04557254110181713 0.03640069889341875
99 0.5836458032881454 0.6862259755387303 0.025670608595327372 0.04222481071636575
118 0.8784251514277474 0.7799941758881771 0.04586097490625901 0.04513686662783926
211 0.5142774733198731 0.5896913220733838 0.027689645226420537 0.0442632498543972
7 0.8498702047880011 0.6527373325567851 0.03893856359965388 0.04513686662783926
200 0.3785693683299683 0.4988351776354106 0.03951543120853764 0.0361094933022714
149 0.8282376694548601 0.42457775189283636 0.042399769252956444 0.0384391380314502
211 0.3847706951254687 0.762085032032615 0.020767233919815404 0.0378567268491555
22 0.7815113931352754 0.5993011065812464 0.0400922988174214 0.0401863715783343
32 0.5292760311508509 0.8080955154338963 0.03691952696856071 0.033197437390797904
224 0.38664551485434095 0.4116191030867793 0.033169887510816266 0.03640069889341875
118 0.4981251802711278 0.2389341875364007 0.04326507066628209 0.035235876528829355
58 0.39241419094317853 0.3693942923704135 0.04124603403518892 0.03640069889341875
7 0.5698009806749351 0.4548631333721607 0.03490049033746755 0.0425160163075131
200 0.4326507066628209 0.32687827606290043 0.038650129795212 0.037565521258008154
224 0.4955292760311509 0.28057658707047173 0.03461205653302567 0.036983110075713456
99 0.9216902220940294 0.6512813046010484 0.03259301990193251 0.04047757716948165
106 0.5109604845687915 0.6843331391962726 0.04182290164407269 0.0343622597553873
99 0.7412748774156331 0.3322655794991264 0.030573983270839343 0.0448456610366919
7 0.5758580905682146 0.5911473500291206 0.03259301990193251 0.0378567268491555
32 0.6140755696567638 0.5043680838672102 0.042111335448514566 0.050669772859638904
13 0.6414767810787424 0.42108328479906815 0.037496394577444477 0.0425160163075131
13 0.37424286126334005 0.4528246942341293 0.040669166426305164 0.041933605125218404
13 0.3901067205076435 0.3280430984274898 0.0400922988174214 0.037565521258008154
224 0.7731468128064609 0.5110658124635993 0.036054225555235075 0.041933605125218404
22 0.6708970291318143 0.331974373907979 0.037496394577444477 0.041933605125218404
200 0.5497548312662244 0.7619394292370414 0.037496394577444477 0.03873034362259756
6 0.5253821747908854 0.28057658707047173 0.02451687337755985 0.03814793244030285
160 0.7065186039803865 0.33284799068142107 0.03374675511970003 0.041351193942923706
22 0.6968560715315835 0.6862259755387303 0.03518892414190943 0.041642399534071055
7 0.43712143063167 0.28363424577751895 0.03893856359965388 0.041933605125218404
211 0.4881742140178829 0.6381770529994176 0.018748197288722238 0.03814793244030285
211 0.466109027978079 0.3274606872451951 0.02307470435535045 0.037565521258008154
118 0.8890972021920969 0.5630460104834013 0.021632535333141044 0.04863133372160745
211 0.7699740409576002 0.3794408852649971 0.019325064897606 0.0401863715783343
58 0.8250648976059994 0.6019219569015725 0.04701471012402653 0.041933605125218404
22 0.5542255552350736 0.28115899825276647 0.032016152293048744 0.036983110075713456
7 0.7340640323045861 0.5123762376237624 0.03461205653302567 0.04455445544554455
118 0.594173637150274 0.7613570180547466 0.044995673492933375 0.043972044263249854
119 0.5079319296221517 0.7597553873034363 0.03691952696856071 0.046010483401281305
110 0.6892125757138736 0.4627256843331392 0.037784828381886355 0.039603960396039604
13 0.5999423132391116 0.5968258590564939 0.037496394577444477 0.052708211997670354
32 0.4900490337467551 0.36750145602795575 0.04268820305739833 0.0314502038439138
185 0.5509085664839919 0.3276062900407688 0.036342659359676954 0.040768782760629
7 0.5377848283818863 0.2395165987186954 0.037784828381886355 0.037565521258008154
118 0.6938275165849438 0.8117355853232382 0.04297663686184021 0.03581828771112405
176 0.5359100086530141 0.19918462434478743 0.03518892414190943 0.033197437390797904
200 0.5638880876838765 0.5499417588817705 0.03980386501297952 0.036983110075713456
200 0.787568503028555 0.556930693069307 0.04297663686184021 0.03581828771112405
7 0.6732044995673493 0.7660163075131042 0.03807326218632824 0.04222481071636575
160 0.5592731468128065 0.6415259172976121 0.03576579175079319 0.039021549213744906
200 0.6629650995096625 0.3763832265579499 0.04701471012402653 0.04222481071636575
44 0.7907412748774156 0.4656377402446127 0.04874531295067782 0.034944670937682006
7 0.47331987308912604 0.7622306348281886 0.030573983270839343 0.041642399534071055
7 0.7781944043841938 0.6453115899825277 0.03461205653302567 0.041351193942923706
7 0.5589847130083646 0.4117647058823529 0.037496394577444477 0.039021549213744906
13 0.47000288433804444 0.19408852649970879 0.03432362272858379 0.03581828771112405
160 0.5682145947505047 0.5002912055911474 0.046726276319584654 0.040768782760629
118 0.6130660513412172 0.5506697728596389 0.04701471012402653 0.0384391380314502
149 0.4415921546005192 0.36735585323238207 0.04557254110181713 0.029994175888177054
118 0.7167580040380732 0.7676179382644147 0.04384193827516585 0.047757716948165406
149 0.6518603980386501 0.5037856726849156 0.03691952696856071 0.046010483401281305
110 0.8751081626766657 0.42152009318578915 0.03980386501297952 0.03814793244030285
224 0.49682722815113933 0.32833430401863717 0.03432362272858379 0.04455445544554455
110 0.8433804441880588 0.8640069889341875 0.042111335448514566 0.0361094933022714
7 0.8390539371214306 0.7763541059988351 0.03691952696856071 0.041351193942923706
118 0.8883761176809922 0.8258590564938847 0.04441880588404961 0.041351193942923706
211 0.45284107297375253 0.45369831100757135 0.021344101528699165 0.041351193942923706
22 0.8849149120276897 0.6961269656377402 0.033458321315258145 0.04863133372160745
44 0.8399192385347563 0.8213453698311007 0.05018748197288722 0.037565521258008154
211 0.5261032593019902 0.32731508444962143 0.021920969137582926 0.041351193942923706
160 0.7408422267089703 0.3813337216074549 0.03259301990193251 0.04513686662783926
106 0.519325064897606 0.4085614443797321 0.04182290164407269 0.039021549213744906
22 0.4907701182578598 0.8088235294117647 0.03893856359965388 0.037565521258008154
200 0.5735506201326795 0.19889341875364008 0.03374675511970003 0.0314502038439138
