22 0.12890874282067646 0.6013647369579573 0.01914486279514997 0.018930222320052828
13 0.19931929376728355 0.7320052828527405 0.017868538608806637 0.018710103455866166
7 0.7470750904062965 0.5584415584415584 0.02169751116783663 0.020691173233546113
211 0.13826845352052755 0.45245432533568125 0.011912359072537758 0.021351529826106098
118 0.8077004892576047 0.287805414924059 0.022122952563284407 0.02223200528285274
200 0.9168262071899596 0.3258859784283513 0.01871942139970219 0.027074620294959276
211 0.6146564560731759 0.1941448382126348 0.00872154860667943 0.022452124147039402
211 0.5007445224420336 0.31532027294739157 0.008934269304403318 0.02487343165309267
7 0.2815358434375665 0.6040061633281972 0.018506700701978303 0.022452124147039402
32 0.16570942352690918 0.5744001760950913 0.018293980004254414 0.020471054369359455
110 0.12125079770261646 0.6365837552278231 0.017868538608806637 0.02289236187541272
118 0.26249734099127847 0.22243011226062073 0.019570304190597746 0.02487343165309267
7 0.4413954477770687 0.25016508914814 0.015315890236119975 0.026634382566585957
13 0.7322910019144863 0.3181818181818182 0.01595405232929164 0.021351529826106098
160 0.37630291427355883 0.22132951793968744 0.017017655817911082 0.02487343165309267
7 0.15358434375664753 0.45454545454545453 0.017868538608806637 0.02465331278890601
224 0.2515422250584982 0.7637023992956197 0.015103169538396086 0.021351529826106098
22 0.8961922995107424 0.3863086066475897 0.017017655817911082 0.021131410961919436
160 0.2152733460965752 0.3060752806515518 0.021272069772388852 0.022672243011226063
224 0.12741969793660923 0.3921417565485362 0.022548393958732184 0.022672243011226063
106 0.13826845352052755 0.1929341844596082 0.02297383535417996 0.020030816640986132
32 0.11401829398000425 0.4531146819282412 0.019570304190597746 0.022672243011226063
149 0.8013188683258881 0.5622936385648251 0.018293980004254414 0.021791767554479417
99 0.7789831950648798 0.25830948712304647 0.014890448840672197 0.023992956196346026
176 0.4992554775579664 0.37012987012987014 0.014039566049776643 0.020471054369359455
160 0.12401616677302701 0.2771296500110059 0.016592214422463305 0.020250935505172794
58 0.33163156775154223 0.2237508254457407 0.02467560093597107 0.02223200528285274
106 0.7237821740055307 0.5926700418225842 0.028291852797277174 0.028835571208452565
160 0.7635609444798979 0.31917235307065817 0.018081259306530525 0.021131410961919436
8 0.5315890236119974 0.338432753686991 0.01574133163156775 0.031036759850319173
7 0.5158476919804297 0.22276029055690072 0.01574133163156775 0.01672903367818622
211 0.2618591788981068 0.6689412282632622 0.008083386513507764 0.021131410961919436
7 0.5288236545415869 0.2566585956416465 0.01744309721335886 0.02685450143077262
224 0.15730695596681557 0.6945850759410082 0.016804935120187194 0.018269865727492847
224 0.8599234205488194 0.29275808936825887 0.011274196979366092 0.020691173233546113
99 0.10997660072325037 0.24928461369139335 0.01148691767708998 0.023992956196346026
7 0.12188895979578813 0.3609949372661237 0.016592214422463305 0.01937046004842615
185 0.17070835992342054 0.8427250715386309 0.02063390767921719 0.02443319392471935
32 0.07891937885556265 0.24862425709883337 0.01914486279514997 0.022672243011226063
32 0.18751329504360775 0.7885758309487123 0.019357583492873857 0.020471054369359455
13 0.1811316741118911 0.19458507594100816 0.016379493724739416 0.018930222320052828
118 0.6266751754945756 0.25610829848117983 0.0204211869814933 0.021791767554479417
22 0.8335460540310572 0.3833370019810698 0.014677728142948309 0.02223200528285274
7 0.3743884279940438 0.28230244331939247 0.021272069772388852 0.023112480739599383
106 0.393107849393746 0.2218798151001541 0.020846628376941078 0.01937046004842615
185 0.2102744097000638 0.4850319172353071 0.02148479047011274 0.022672243011226063
7 0.3248245054243778 0.19249394673123488 0.014890448840672197 0.029275808936825885
211 0.18868325888108914 0.3932423508694695 0.007657945118059987 0.021351529826106098
200 0.23984258668368433 0.6363636363636364 0.014677728142948309 0.021131410961919436
200 0.4843650287172942 0.37057010785824346 0.01574133163156775 0.020471054369359455
200 0.16592214422463306 0.8135593220338984 0.016592214422463305 0.018930222320052828
106 0.261433737502659 0.4881135813339203 0.02467560093597107 0.022672243011226063
160 0.4014039566049777 0.2531366938146599 0.017868538608806637 0.023772837332159368
22 0.14571367794086365 0.572639225181598 0.01871942139970219 0.019590578912612813
118 0.20006381620931718 0.6671802773497689 0.02148479047011274 0.021131410961919436
211 0.22686662412252712 0.7317851639885539 0.009997872793022762 0.021791767554479417
211 0.2936609232078281 0.1933744221879815 0.00872154860667943 0.020471054369359455
22 0.6002978089768134 0.37123046445080343 0.013614124654328865 0.022672243011226063
58 0.6573069559668155 0.37321153422848335 0.026802807913209957 0.026634382566585957
118 0.24994681982556902 0.3652872551177636 0.017868538608806637 0.022672243011226063
58 0.30865773239736227 0.19183359013867488 0.01914486279514997 0.0275148580233326
44 0.8464156562433525 0.2892361875412723 0.01318868325888109 0.02817521461589258
22 0.5156349712827059 0.3423948932423509 0.019995745586045523 0.021791767554479417
99 0.6238034460753031 0.4282412502751486 0.012550521165709424 0.02531366938146599
200 0.46766645394596895 0.18930222320052828 0.016379493724739416 0.021131410961919436
22 0.17932354818123802 0.5435835351089588 0.016592214422463305 0.018710103455866166
224 0.15081897468623698 0.5413823464670923 0.01574133163156775 0.019590578912612813
211 0.3916188045096788 0.28439357252916575 0.011061476281642203 0.01848998459167951
160 0.23505637098489682 0.7003081664098614 0.01446500744522442 0.0275148580233326
22 0.12678153584343757 0.4522342064714946 0.016166773027015528 0.01915034118423949
13 0.2952563284407573 0.7012987012987013 0.018293980004254414 0.01981069777679947
22 0.14550095724313974 0.48382126348228044 0.017868538608806637 0.021131410961919436
44 0.6496490108487556 0.4594981289896544 0.022548393958732184 0.025753907109839314
106 0.7247394171452882 0.5574510235527185 0.02339927674962774 0.020911292097732775
22 0.2236758136566688 0.6358133392031697 0.018506700701978303 0.020030816640986132
7 0.8284407572856839 0.6321813779440898 0.018081259306530525 0.02157164869029276
160 0.22569666028504573 0.4865727492846137 0.017868538608806637 0.025753907109839314
185 0.50382897255903 0.188201628879595 0.021910231865560518 0.020691173233546113
211 0.2431397574984046 0.30783623156504514 0.009359710699851096 0.020911292097732775
200 0.2723888534354393 0.5195905789126128 0.01723037651563497 0.021351529826106098
224 0.48691767708998085 0.2831829187761391 0.017868538608806637 0.021791767554479417
22 0.16953839608593915 0.790116662998019 0.016166773027015528 0.021791767554479417
119 0.20240374388427995 0.7898965441338323 0.01595405232929164 0.021791767554479417
200 0.8222718570516911 0.23156504512436715 0.012975962561157201 0.020691173233546113
224 0.864603275898745 0.324455205811138 0.014677728142948309 0.023332599603786044
211 0.8088704530950862 0.5960818842174774 0.02318655605190385 0.029495927801012546
176 0.7300574345883855 0.4700638344706141 0.025526483726866625 0.023992956196346026
200 0.4879812805786003 0.22209993396434075 0.014890448840672197 0.018930222320052828
149 0.26845352052754734 0.4570768214836011 0.026802807913209957 0.021351529826106098
22 0.8976813443948096 0.5085846357032797 0.026802807913209957 0.02487343165309267
143 0.9174643692831312 0.38663878494386966 0.023824718145075516 0.0275148580233326
7 0.1057221867687726 0.22000880475456747 0.016592214422463305 0.02487343165309267
200 0.5130823229100191 0.31532027294739157 0.01318868325888109 0.023112480739599383
7 0.6317804722399489 0.3707902267224301 0.01574133163156775 0.026194144838212634
44 0.11423101467772814 0.33226942548976446 0.02339927674962774 0.020911292097732775
118 0.2542012337800468 0.4268104776579353 0.01871942139970219 0.025974025974025976
118 0.1787917464369283 0.22287034998899405 0.02148479047011274 0.023552718467972706
32 0.7781323122739843 0.47182478538410744 0.016166773027015528 0.022672243011226063
13 0.22697298447138906 0.22441118203830068 0.01871942139970219 0.021791767554479417
6 0.23877898319506488 0.5769315430332379 0.016804935120187194 0.01937046004842615
211 0.12125079770261646 0.19227382786704822 0.008934269304403318 0.020471054369359455
224 0.16804935120187195 0.45597622716266784 0.01446500744522442 0.02531366938146599
58 0.7681344394809615 0.28692493946731235 0.028504573495001063 0.020471054369359455
160 0.16975111678366306 0.2772397094430993 0.017017655817911082 0.021791767554479417
118 0.24526696447564347 0.4555359894342945 0.022122952563284407 0.020911292097732775
176 0.20527547330355245 0.6982170372000881 0.0204211869814933 0.020250935505172794
160 0.8630078706658157 0.35417125247633724 0.016592214422463305 0.022452124147039402
7 0.19761752818549244 0.22320052828527404 0.016166773027015528 0.024213075060532687
32 0.5460540310572218 0.25401716927140655 0.018293980004254414 0.02817521461589258
58 0.8152520740268028 0.38113581333920316 0.02063390767921719 0.020030816640986132
44 0.20378642841948522 0.7608408540611931 0.025526483726866625 0.018710103455866166
22 0.20048925760476494 0.8159806295399515 0.01595405232929164 0.020691173233546113
143 0.83205700914699 0.5965221219458507 0.021910231865560518 0.026414263702399295
224 0.26558179110827485 0.8182918776139115 0.013826845352052754 0.020911292097732775
224 0.8083386513507764 0.2591899625797931 0.016592214422463305 0.022672243011226063
118 0.8730057434588385 0.20405018710103456 0.02169751116783663 0.01937046004842615
99 0.16730482875983832 0.19469513537310149 0.012550521165709424 0.018710103455866166
160 0.18272707934482024 0.574620294959278 0.014890448840672197 0.020030816640986132
200 0.5479685173367369 0.3399735857362976 0.017017655817911082 0.027955095751705922
118 0.44937247394171453 0.18996257979308825 0.024037438842799404 0.020691173233546113
13 0.19283131248670496 0.6373541712524763 0.018506700701978303 0.019590578912612813
99 0.2829185279727717 0.3635263042042703 0.014039566049776643 0.02531366938146599
7 0.7241012550521165 0.5015408320493067 0.026802807913209957 0.02487343165309267
119 0.8589661774090619 0.5671362535769315 0.017017655817911082 0.022672243011226063
7 0.17751542225058498 0.42207792207792205 0.016379493724739416 0.026194144838212634
211 0.8450329717081472 0.5660356592559982 0.009146990002127207 0.023552718467972706
118 0.23505637098489682 0.6674003962139555 0.017017655817911082 0.023332599603786044
143 0.7706870878536481 0.3804754567466432 0.0204211869814933 0.021791767554479417
185 0.8295043607743033 0.4764472815320273 0.02148479047011274 0.020471054369359455
200 0.45086151882578174 0.37266123706801674 0.02063390767921719 0.022452124147039402
76 0.1648585407360136 0.5417125247633722 0.016592214422463305 0.036539731454985694
13 0.1604977664326739 0.8787145058331499 0.016379493724739416 0.029495927801012546
118 0.5445649861731546 0.22176975566806076 0.01871942139970219 0.020471054369359455
99 0.1595405232929164 0.4865727492846137 0.013614124654328865 0.02487343165309267
224 0.8803446075303127 0.35571208452564385 0.018506700701978303 0.023772837332159368
200 0.24345883854499042 0.7907770195905789 0.01723037651563497 0.020911292097732775
22 0.7885556264624548 0.4450803433854281 0.016166773027015528 0.020691173233546113
149 0.8834290576473091 0.45531587057010786 0.017017655817911082 0.023112480739599383
99 0.43863007870665816 0.2223200528285274 0.010636034886194426 0.02509355051727933
224 0.8844926611359285 0.29495927801012545 0.01446500744522442 0.02201188641866608
211 0.1742182514358647 0.2512656834690733 0.009785152095298873 0.020030816640986132
160 0.47925973197192084 0.2536869909751266 0.019570304190597746 0.023552718467972706
99 0.4624547968517337 0.28406339423288574 0.012337800467985535 0.023552718467972706
185 0.17251648585407361 0.4859123926920537 0.020846628376941078 0.023552718467972706
7 0.8240799829823442 0.2597402597402597 0.017868538608806637 0.022452124147039402
22 0.18070623271644332 0.6677305745102355 0.018081259306530525 0.01915034118423949
211 0.34737289938311 0.22298040942108738 0.01021059349074665 0.02157164869029276
13 0.5617953626887896 0.187211093990755 0.022122952563284407 0.027074620294959276
13 0.1790044671346522 0.39269205370900284 0.01595405232929164 0.01981069777679947
7 0.2179323548181238 0.6662998018930222 0.019357583492873857 0.021131410961919436
99 0.13635396724101256 0.36264582874752366 0.01148691767708998 0.021791767554479417
200 0.7336736864496916 0.2860444640105657 0.01744309721335886 0.021791767554479417
7 0.2542012337800468 0.3349108518600044 0.015315890236119975 0.02487343165309267
106 0.0908317379281004 0.2772397094430993 0.01914486279514997 0.020911292097732775
224 0.2778132312273984 0.7015188201628879 0.016592214422463305 0.020250935505172794
211 0.16496490108487555 0.22342064714946072 0.007870665815783875 0.02509355051727933
13 0.2326100829610721 0.30827646929341845 0.01595405232929164 0.020030816640986132
106 0.45905126568815147 0.25346687211093993 0.026802807913209957 0.023992956196346026
99 0.7714316102956817 0.35174994497028395 0.012550521165709424 0.01981069777679947
176 0.732929164007658 0.25511776359233984 0.022761114656456072 0.02157164869029276
185 0.27547330355243566 0.4258199427690953 0.02637736651776218 0.023992956196346026
7 0.6267815358434375 0.45685670261941447 0.024462880238247182 0.021791767554479417
22 0.25696660285045736 0.5160686770856262 0.01574133163156775 0.021791767554479417
58 0.469474579876622 0.22209993396434075 0.0204211869814933 0.01981069777679947
200 0.528610933843863 0.2836231565045124 0.018293980004254414 0.020030816640986132
211 0.20548819400127633 0.36330618534008363 0.01148691767708998 0.023992956196346026
58 0.5500957243139758 0.3696896324014968 0.02297383535417996 0.020471054369359455
211 0.1782599446926186 0.3040942108738719 0.01021059349074665 0.02223200528285274
7 0.12486704956392257 0.5396213955535989 0.01446500744522442 0.01915034118423949
7 0.9003403531163582 0.4185560202509355 0.021910231865560518 0.02223200528285274
149 0.7481386938949159 0.3509795289456306 0.019570304190597746 0.021351529826106098
185 0.2465432886619868 0.2515958617653533 0.02297383535417996 0.020250935505172794
118 0.14688364177834504 0.5092449922958397 0.021059349074664963 0.01915034118423949
176 0.23909806424165073 0.7314549856922739 0.017017655817911082 0.02157164869029276
7 0.17740906190172304 0.6348228043143297 0.01574133163156775 0.02289236187541272
160 0.10870027653690705 0.42042703059652214 0.014890448840672197 0.024213075060532687
200 0.47394171452882367 0.2836231565045124 0.01574133163156775 0.021791767554479417
185 0.8238672622846203 0.4149240589918556 0.01914486279514997 0.021131410961919436
185 0.8038715166985748 0.4445300462249615 0.021272069772388852 0.023992956196346026
200 0.271006168900234 0.3950033017829628 0.01318868325888109 0.023552718467972706
224 0.2297383535417996 0.2526964560862866 0.01744309721335886 0.020691173233546113
211 0.28770474367155924 0.7310147479639005 0.021910231865560518 0.03213735417125248
224 0.8948096149755371 0.29495927801012545 0.014252286747500531 0.02157164869029276
176 0.2215486066794299 0.5461149020471054 0.016379493724739416 0.021131410961919436
99 0.2693044033184429 0.7326656394453005 0.01021059349074665 0.023112480739599383
224 0.4227823867262285 0.3110279550957517 0.016804935120187194 0.029495927801012546
211 0.587747287811104 0.22110939907550076 0.01021059349074665 0.020030816640986132
7 0.13635396724101256 0.3036539731454986 0.01744309721335886 0.02487343165309267
7 0.849181025313763 0.32137354171252475 0.015315890236119975 0.025533788245652653
211 0.1645394596894278 0.636253576931543 0.007445224420336099 0.023112480739599383
13 0.8463092958944906 0.6332819722650231 0.018081259306530525 0.020250935505172794
22 0.19549032120825358 0.19601584855822143 0.016592214422463305 0.01915034118423949
22 0.23516273133375878 0.8173013427250715 0.014677728142948309 0.02157164869029276
22 0.10636034886194427 0.27690953114681927 0.012763241863433313 0.01981069777679947
118 0.5113805573282281 0.2536869909751266 0.02169751116783663 0.02443319392471935
176 0.6169963837481387 0.37167070217917675 0.019783024888321635 0.021791767554479417
149 0.19017230376515634 0.8432753686990975 0.020846628376941078 0.030816640986132512
176 0.1811316741118911 0.45487563284173455 0.018506700701978303 0.023112480739599383
176 0.07700489257604765 0.2193484481620075 0.021272069772388852 0.02443319392471935
160 0.41608168474792595 0.2831829187761391 0.01574133163156775 0.021791767554479417
200 0.8786428419485216 0.32533568126788465 0.019357583492873857 0.01981069777679947
160 0.4992554775579664 0.28340303764032576 0.017868538608806637 0.023112480739599383
118 0.16273133375877472 0.33072859344045785 0.019995745586045523 0.020471054369359455
76 0.20070197830248884 0.5128769535549197 0.018506700701978303 0.031697116442879154
7 0.1429483088704531 0.39192163768434957 0.017868538608806637 0.023112480739599383
99 0.7776005105296745 0.6322914373761831 0.012975962561157201 0.01915034118423949
99 0.09529887258030206 0.41987673343605547 0.015315890236119975 0.023992956196346026
22 0.7560093597106998 0.5016508914814 0.018293980004254414 0.024213075060532687
200 0.8306743246117847 0.44794188861985473 0.016166773027015528 0.01981069777679947
106 0.12550521165709425 0.25038520801232667 0.022122952563284407 0.020911292097732775
7 0.5720059561795363 0.42306845696676204 0.015315890236119975 0.024213075060532687
119 0.3382259093809828 0.19183359013867488 0.011912359072537758 0.02487343165309267
13 0.8176983620506275 0.5630640545894783 0.019570304190597746 0.01981069777679947
119 0.5309508615188258 0.31333920316971164 0.014039566049776643 0.02531366938146599
99 0.7840884918102531 0.5942108738718909 0.01871942139970219 0.02443319392471935
200 0.26483726866624124 0.7006383447061413 0.01446500744522442 0.018930222320052828
13 0.20357370772176134 0.6031256878714506 0.016592214422463305 0.020250935505172794
99 0.2534567113380132 0.5473255558001321 0.010848755583918315 0.019590578912612813
7 0.2208040842373963 0.3350209112920977 0.01871942139970219 0.020691173233546113
200 0.9216124228887471 0.20867268324895444 0.015103169538396086 0.022452124147039402
118 0.6302914273558817 0.22220999339643407 0.017868538608806637 0.021351529826106098
7 0.23292916400765795 0.363086066475897 0.019570304190597746 0.022672243011226063
13 0.21038077004892575 0.19491525423728814 0.01574133163156775 0.017829627999119524
185 0.1748564135290364 0.5119964780981731 0.0204211869814933 0.020250935505172794
200 0.13997021910231866 0.4218578032137354 0.015315890236119975 0.025753907109839314
200 0.16422037864284195 0.30431432973805855 0.017017655817911082 0.021791767554479417
200 0.8483301425228674 0.3537310147479639 0.016592214422463305 0.02201188641866608
200 0.818655605190385 0.351419766674004 0.015103169538396086 0.021791767554479417
7 0.11040204211869815 0.3031036759850319 0.014039566049776643 0.02201188641866608
7 0.6379493724739417 0.4271406559542153 0.016592214422463305 0.029275808936825885
22 0.22697298447138906 0.45531587057010786 0.021272069772388852 0.021351529826106098
119 0.1910231865560519 0.4242791107197887 0.01574133163156775 0.027955095751705922
22 0.8330142522867475 0.6626678406339424 0.01446500744522442 0.02223200528285274
22 0.10806211444373537 0.19073299581774159 0.017868538608806637 0.01915034118423949
185 0.36992129334184215 0.25115562403698 0.01871942139970219 0.026414263702399295
211 0.7981280578600298 0.38146599163548317 0.009359710699851096 0.01937046004842615
200 0.21303977877047436 0.7318952234206472 0.01723037651563497 0.018930222320052828
22 0.5432886619868114 0.3151001540832049 0.014039566049776643 0.026194144838212634
7 0.2799404382046373 0.3359013867488444 0.01318868325888109 0.021131410961919436
185 0.5856200808338652 0.4221879815100154 0.016166773027015528 0.02201188641866608
99 0.21633694958519464 0.5172793308386529 0.009359710699851096 0.029495927801012546
7 0.25483939587321847 0.7311248073959938 0.016166773027015528 0.021791767554479417
211 0.8857689853222719 0.26161127008584634 0.008508827908955541 0.01915034118423949
13 0.14954265049989365 0.3036539731454986 0.01574133163156775 0.021351529826106098
200 0.513507764305467 0.3714505833149901 0.016166773027015528 0.021351529826106098
22 0.7261221016804935 0.43935725291657496 0.01893214209742608 0.01981069777679947
119 0.7486704956392257 0.2870349988994057 0.014252286747500531 0.02201188641866608
200 0.4086364603275899 0.22198987453224742 0.016166773027015528 0.021791767554479417
22 0.15198893852371836 0.635263042042703 0.015528610933843863 0.021131410961919436
176 0.2356945330780685 0.39148139995597625 0.01744309721335886 0.020471054369359455
224 0.3668368432248458 0.19447501650891483 0.016379493724739416 0.020911292097732775
200 0.7822803658796 0.534998899405679 0.016804935120187194 0.01915034118423949
44 0.7183577962135715 0.6278890600924499 0.022548393958732184 0.0275148580233326
224 0.12380344607530312 0.4218578032137354 0.01871942139970219 0.025753907109839314
110 0.10614762816422038 0.537640325775919 0.01871942139970219 0.03015628439357253
185 0.8274835141459264 0.28791547435615233 0.02169751116783663 0.02289236187541272
149 0.1706019995745586 0.6023552718467973 0.01871942139970219 0.021351529826106098
76 0.4971282705807275 0.34316530926700417 0.02297383535417996 0.029055690072639227
32 0.20155286109338438 0.575941008144398 0.021910231865560518 0.023112480739599383
224 0.13124867049563924 0.22110939907550076 0.018293980004254414 0.02443319392471935
44 0.7970644543714104 0.474686330618534 0.02297383535417996 0.021351529826106098
200 0.22452669644756434 0.7607307946290998 0.015528610933843863 0.01848998459167951
118 0.5657306955966815 0.34019370460048426 0.021059349074664963 0.026634382566585957
32 0.49415018081259304 0.2537970504072199 0.019570304190597746 0.025974025974025976
106 0.8096149755371198 0.6319612590799032 0.023824718145075516 0.01937046004842615
200 0.8503509891512444 0.2324455205811138 0.01723037651563497 0.020691173233546113
44 0.7259093809827696 0.5319172353070658 0.02914273558817273 0.018710103455866166
106 0.8147202722824931 0.5058331499009465 0.021272069772388852 0.02289236187541272
118 0.8318442884492662 0.3200528285274048 0.022335673261008295 0.022452124147039402
200 0.25845564773452456 0.2810917895663658 0.01446500744522442 0.017609509134932862
119 0.19378855562646247 0.3344706141316311 0.01318868325888109 0.023112480739599383
106 0.21835779621357157 0.8173013427250715 0.019783024888321635 0.020691173233546113
211 0.2811104020421187 0.6380145278450363 0.007870665815783875 0.02443319392471935
13 0.5481812380344607 0.3963240149680828 0.022548393958732184 0.026194144838212634
99 0.09210806211444374 0.22022892361875412 0.01148691767708998 0.02443319392471935
211 0.17762178259944691 0.8130090248734316 0.008508827908955541 0.019590578912612813
200 0.8335460540310572 0.5061633281972265 0.018081259306530525 0.020030816640986132
211 0.14316102956817697 0.6011446180937706 0.007657945118059987 0.01981069777679947
106 0.8802382471814507 0.41943649570768216 0.01446500744522442 0.031476997578692496
13 0.10614762816422038 0.36220559101915034 0.01914486279514997 0.022672243011226063
149 0.6090193575834929 0.2541272287034999 0.02169751116783663 0.02223200528285274
7 0.14879812805786002 0.6656394453004623 0.015528610933843863 0.018930222320052828
200 0.8563071686875133 0.5957517059211974 0.02063390767921719 0.03015628439357253
7 0.18059987236758138 0.3327096632181378 0.014890448840672197 0.021791767554479417
149 0.22133588598170603 0.5773717807616112 0.018506700701978303 0.018930222320052828
106 0.8932142097426079 0.20581113801452786 0.0204211869814933 0.023332599603786044
224 0.18730057434588385 0.8142196786264583 0.012550521165709424 0.015848558221439577
200 0.15549883003616252 0.2762491745542593 0.01318868325888109 0.01848998459167951
200 0.8603488619442672 0.2598503191723531 0.017655817911082748 0.021351529826106098
22 0.8369495851946395 0.6934844816200748 0.025739204424590514 0.02443319392471935
211 0.18847053818336523 0.512987012987013 0.00723250372261221 0.01915034118423949
7 0.2935545628589662 0.6678406339423288 0.013614124654328865 0.022452124147039402
22 0.876090193575835 0.6339423288575831 0.019783024888321635 0.020691173233546113
149 0.4620293554562859 0.31113801452784506 0.01574133163156775 0.022672243011226063
160 0.921931503935333 0.2966101694915254 0.019570304190597746 0.021351529826106098
160 0.4834077855775367 0.1894122826326216 0.01723037651563497 0.02223200528285274
13 0.2503722612210168 0.6685009905348889 0.016166773027015528 0.01981069777679947
106 0.7688789619229951 0.4432093330398415 0.022761114656456072 0.020471054369359455
106 0.7421825143586471 0.40788025533788247 0.023824718145075516 0.021131410961919436
106 0.9118272707934482 0.2367378384327537 0.024037438842799404 0.01915034118423949
58 0.18964050202084662 0.25104556460488664 0.021910231865560518 0.021351529826106098
99 0.11423101467772814 0.6032357473035439 0.012337800467985535 0.018710103455866166
58 0.44150180812593065 0.3101474796390051 0.02063390767921719 0.026414263702399295
118 0.8009997872793023 0.35130970724191063 0.021910231865560518 0.023332599603786044
118 0.15071261433737504 0.8427250715386309 0.019357583492873857 0.025753907109839314
76 0.5141459263986385 0.2836231565045124 0.014890448840672197 0.033678186220559105
7 0.09551159327802596 0.24818401937046006 0.01574133163156775 0.020911292097732775
211 0.1967666453945969 0.27756988773937924 0.007657945118059987 0.021131410961919436
106 0.8995958306743246 0.47930882676645387 0.024250159540523293 0.021791767554479417
211 0.7961072112316528 0.413383226942549 0.008296107211231652 0.02201188641866608
185 0.2737715379706445 0.3089368258859784 0.019570304190597746 0.021351529826106098
99 0.8323760901935758 0.3534008364516839 0.01446500744522442 0.023552718467972706
7 0.5423314188470538 0.19018269865727494 0.019357583492873857 0.02773497688751926
118 0.9022548393958733 0.4560862865947612 0.022335673261008295 0.02157164869029276
211 0.5296745373324825 0.22176975566806076 0.013614124654328865 0.02223200528285274
99 0.40608381195490323 0.31532027294739157 0.016166773027015528 0.028395333480079242
119 0.15868964050202083 0.24994497028395332 0.017868538608806637 0.022672243011226063
119 0.13305679642629228 0.6661897424609289 0.016804935120187194 0.019590578912612813
118 0.7762178259944693 0.5026414263702399 0.02339927674962774 0.021351529826106098
44 0.23144011912359072 0.5167290336781862 0.02339927674962774 0.01915034118423949
7 0.19442671771963413 0.5438036539731455 0.014039566049776643 0.018710103455866166
99 0.3871516698574771 0.25192604006163327 0.01574133163156775 0.02487343165309267
7 0.5700914699000212 0.3964340744001761 0.023824718145075516 0.022452124147039402
44 0.22325037226122102 0.6037860444640105 0.02659008721548607 0.01981069777679947
185 0.8958732184641566 0.32522562183579135 0.018081259306530525 0.020911292097732775
32 0.6013614124654328 0.22243011226062073 0.01446500744522442 0.023552718467972706
160 0.2716443309934057 0.28186220559101915 0.013614124654328865 0.021791767554479417
22 0.8316315677515422 0.5646048866387849 0.016379493724739416 0.02201188641866608
176 0.38523718357796216 0.3116883116883117 0.018293980004254414 0.02817521461589258
224 0.25047862156987877 0.700528285274048 0.014677728142948309 0.019590578912612813
22 0.3985322271857052 0.1911732335461149 0.016379493724739416 0.022672243011226063
16 0.2208040842373963 0.42493946731234866 0.018293980004254414 0.029275808936825885
7 0.23484365028717294 0.42493946731234866 0.020846628376941078 0.028395333480079242
22 0.2503722612210168 0.8191723530706582 0.01574133163156775 0.021351529826106098
6 0.4326738991703893 0.28406339423288574 0.014890448840672197 0.020030816640986132
7 0.7922782386726228 0.2593000220118864 0.021059349074664963 0.023772837332159368
44 0.8534354392682408 0.20261941448382126 0.021272069772388852 0.017389390270746204
22 0.23739629865985962 0.5451243671582655 0.01871942139970219 0.020911292097732775
119 0.20463731121038076 0.3345806735637244 0.013614124654328865 0.01981069777679947
44 0.7751542225058499 0.6606867708562624 0.022122952563284407 0.017829627999119524
160 0.8497128270580727 0.663218137794409 0.020208466283769412 0.02289236187541272
13 0.7985534992554776 0.5358793748624258 0.019995745586045523 0.017389390270746204
22 0.1914486279514997 0.3628659476117103 0.018293980004254414 0.023992956196346026
76 0.8163156775154222 0.6614571868809157 0.018081259306530525 0.035219018269865725
160 0.847266539034248 0.4508034338542813 0.018293980004254414 0.023772837332159368
7 0.35237183577962133 0.1937046004842615 0.013401403956604978 0.02157164869029276
160 0.22495213784301213 0.1937046004842615 0.016379493724739416 0.01848998459167951
200 0.45139332057009146 0.22254017169271406 0.01574133163156775 0.01981069777679947
118 0.7988725803020634 0.6617873651771957 0.021059349074664963 0.017829627999119524
13 0.42586683684322485 0.22298040942108738 0.018293980004254414 0.02157164869029276
106 0.8429057647309083 0.25952014087607306 0.019783024888321635 0.020691173233546113
200 0.7896192299510743 0.28736517719568566 0.016592214422463305 0.019590578912612813
211 0.2667517549457562 0.33513097072419107 0.009785152095298873 0.021791767554479417
106 0.833865135077643 0.5384107418005724 0.02637736651776218 0.022452124147039402
118 0.16209317166560305 0.3917015188201629 0.022122952563284407 0.021791767554479417
118 0.15868964050202083 0.4217477437816421 0.022122952563284407 0.02773497688751926
22 0.753775792384599 0.3794849218578032 0.019357583492873857 0.01937046004842615
22 0.1801744309721336 0.8776139115122166 0.026802807913209957 0.022452124147039402
58 0.9161880450967879 0.35758309487123047 0.01744309721335886 0.02443319392471935
200 0.14954265049989365 0.361435174994497 0.016592214422463305 0.020250935505172794
160 0.269091682620719 0.6364736957957297 0.016592214422463305 0.023992956196346026
106 0.7637736651776218 0.41140215716486905 0.02318655605190385 0.020691173233546113
99 0.09253350350989151 0.3333700198106978 0.021272069772388852 0.020030816640986132
76 0.8961922995107424 0.262161567246313 0.017017655817911082 0.034338542813119086
7 0.763241863433312 0.6324014968082765 0.016166773027015528 0.01672903367818622
7 0.2181450755158477 0.7891261281091789 0.016379493724739416 0.021131410961919436
149 0.1925122314401191 0.4854721549636804 0.02169751116783663 0.023552718467972706
13 0.8671559242714316 0.4517939687431213 0.02063390767921719 0.02443319392471935
224 0.2074026802807913 0.5438036539731455 0.016166773027015528 0.018710103455866166
99 0.8597106998510955 0.6337222099933965 0.013401403956604978 0.02201188641866608
211 0.875877472878111 0.5993836671802774 0.019357583492873857 0.02817521461589258
160 0.23803446075303128 0.7619414483821263 0.013614124654328865 0.020030816640986132
149 0.25707296319931927 0.5774818401937046 0.019357583492873857 0.018710103455866166
58 0.4207615400978515 0.25016508914814 0.029355456285896617 0.026634382566585957
211 0.7417570729631994 0.5007704160246533 0.011061476281642203 0.023332599603786044
44 0.21250797702616464 0.2508254457407 0.023824718145075516 0.02443319392471935
224 0.18815145713677942 0.6027955095751706 0.01893214209742608 0.021351529826106098
176 0.8359923420548819 0.2324455205811138 0.016166773027015528 0.018930222320052828
99 0.22122952563284407 0.6997578692493946 0.013614124654328865 0.023332599603786044
160 0.8723675813656668 0.4778780541492406 0.012337800467985535 0.021131410961919436
16 0.875877472878111 0.26051067576491305 0.012975962561157201 0.020471054369359455
224 0.7483514145926399 0.5321373541712525 0.01871942139970219 0.01915034118423949
13 0.7320782812167624 0.349768875192604 0.019357583492873857 0.020250935505172794
7 0.7487768559880876 0.47127448822364076 0.018293980004254414 0.02289236187541272
22 0.2039991491172091 0.4227382786704821 0.016166773027015528 0.023992956196346026
185 0.8755583918315252 0.23376623376623376 0.021272069772388852 0.024213075060532687
200 0.43075941289087427 0.19359454105216817 0.01744309721335886 0.01915034118423949
106 0.8768347160178686 0.38619854721549635 0.02169751116783663 0.019590578912612813
149 0.24441608168474793 0.22364076601364738 0.017868538608806637 0.02201188641866608
44 0.6085939161880451 0.42339863526304206 0.0204211869814933 0.022672243011226063
13 0.2760051052967454 0.5772617213295179 0.018081259306530525 0.018710103455866166
99 0.9097000638162093 0.20834250495267445 0.012975962561157201 0.02223200528285274
185 0.12401616677302701 0.5745102355271847 0.024250159540523293 0.024213075060532687
58 0.2770687087853648 0.6683909311027955 0.021910231865560518 0.020911292097732775
99 0.12188895979578813 0.30387409200968524 0.01148691767708998 0.023552718467972706
22 0.9117209104445863 0.2652432313449263 0.014039566049776643 0.02157164869029276
224 0.8067432461178473 0.413713405238829 0.014252286747500531 0.02223200528285274
119 0.47053818336524145 0.3703499889940568 0.017868538608806637 0.02443319392471935
22 0.8152520740268028 0.536979969183359 0.016804935120187194 0.020911292097732775
106 0.7336736864496916 0.3804754567466432 0.022548393958732184 0.018710103455866166
176 0.3113167411189109 0.6704820603125687 0.021910231865560518 0.02201188641866608
118 0.5854073601361413 0.3710103455866168 0.01871942139970219 0.02223200528285274
99 0.542012337800468 0.2860444640105657 0.009359710699851096 0.02487343165309267
118 0.528610933843863 0.18743121285494166 0.01871942139970219 0.02531366938146599
200 0.14699000212720698 0.8786044464010566 0.019570304190597746 0.027074620294959276
211 0.5898744947883429 0.18930222320052828 0.008083386513507764 0.018930222320052828
58 0.204211869814933 0.3934624697336562 0.024250159540523293 0.023552718467972706
185 0.2095298872580302 0.2770195905789126 0.022122952563284407 0.021351529826106098
22 0.5681769836205063 0.36946951353731017 0.01744309721335886 0.021791767554479417
99 0.1376302914273559 0.5402817521461589 0.011061476281642203 0.019590578912612813
185 0.1633694958519464 0.6665199207572089 0.019570304190597746 0.020691173233546113
224 0.2561157200595618 0.3084965881576051 0.018293980004254414 0.02223200528285274
58 0.7965326526271006 0.3190622936385648 0.021059349074664963 0.021791767554479417
143 0.18347160178685387 0.7604006163328197 0.019357583492873857 0.020471054369359455
149 0.4482025101042331 0.28252256218357913 0.019570304190597746 0.020471054369359455
224 0.09487343118485429 0.30431432973805855 0.017017655817911082 0.022672243011226063
7 0.5564773452456924 0.423728813559322 0.01744309721335886 0.01981069777679947
185 0.14018293980004254 0.27756988773937924 0.01914486279514997 0.01937046004842615
200 0.2484577749415018 0.3923618754127229 0.01574133163156775 0.021351529826106098
22 0.7827058072750479 0.4111820383006824 0.018506700701978303 0.02201188641866608
13 0.7840884918102531 0.5618534008364516 0.016592214422463305 0.022672243011226063
224 0.7801531589023613 0.31983270966321814 0.015103169538396086 0.020250935505172794
22 0.19634120399914912 0.4561963460268545 0.0204211869814933 0.02223200528285274
7 0.3565198893852372 0.2523662777900066 0.011912359072537758 0.03015628439357253
211 0.482875983833227 0.3415144177856042 0.009785152095298873 0.023112480739599383
106 0.8626887896192299 0.4197666740039621 0.019357583492873857 0.02685450143077262
106 0.851095511593278 0.7216596962359674 0.023824718145075516 0.03191723530706581
7 0.5791320995532865 0.18875192604006163 0.012975962561157201 0.020471054369359455
22 0.2929164007657945 0.6394453004622496 0.016592214422463305 0.023772837332159368
22 0.9062965326526271 0.29627999119524545 0.013401403956604978 0.01937046004842615
211 0.25994469261859177 0.39401276689412285 0.00723250372261221 0.023772837332159368
118 0.8525845564773452 0.3838872991415364 0.020846628376941078 0.021131410961919436
224 0.18783237609019357 0.3049746863306185 0.016592214422463305 0.023992956196346026
32 0.7468623697085727 0.44078802553378826 0.019995745586045523 0.022672243011226063
211 0.8614124654328866 0.4772176975566806 0.009572431397574984 0.01937046004842615
22 0.1503935332907892 0.9045784723750826 0.021272069772388852 0.028835571208452565
149 0.07817485641352903 0.1915034118423949 0.018506700701978303 0.023772837332159368
160 0.21080621144437353 0.22243011226062073 0.019570304190597746 0.023552718467972706
211 0.7267602637736652 0.40710983931322914 0.011274196979366092 0.020911292097732775
149 0.26696447564348014 0.2517059211974466 0.021272069772388852 0.020911292097732775
211 0.7663263135503084 0.25610829848117983 0.009146990002127207 0.020471054369359455
7 0.8956604977664326 0.3558221439577372 0.018506700701978303 0.02223200528285274
185 0.09455435013826845 0.1900726392251816 0.01723037651563497 0.020911292097732775
119 0.7641991065730696 0.47182478538410744 0.01595405232929164 0.02443319392471935
99 0.2265475430759413 0.28230244331939247 0.01021059349074665 0.023552718467972706
200 0.20080833865135078 0.3091569447501651 0.016166773027015528 0.020911292097732775
44 0.269091682620719 0.5471054369359454 0.02169751116783663 0.018269865727492847
58 0.5583918315252074 0.2836231565045124 0.024250159540523293 0.020911292097732775
200 0.24207615400978516 0.487012987012987 0.019995745586045523 0.023992956196346026
58 0.14784088491810254 0.21912832929782083 0.02467560093597107 0.0275148580233326
185 0.25983833226972985 0.6027955095751706 0.02616464582003829 0.020471054369359455
13 0.17326100829610722 0.6944750165089149 0.016804935120187194 0.020250935505172794
176 0.38236545415868967 0.1933744221879815 0.020208466283769412 0.020471054369359455
118 0.7677089980855137 0.5602025093550518 0.02297383535417996 0.02509355051727933
44 0.24186343331206125 0.28032137354171255 0.0204211869814933 0.020471054369359455
22 0.7523931078493937 0.2562183579132732 0.017868538608806637 0.01981069777679947
13 0.870134014039566 0.509355051727933 0.018081259306530525 0.020691173233546113
118 0.26207189959583066 0.7924279110719789 0.019570304190597746 0.02201188641866608
149 0.8485428632205914 0.47732775698877394 0.016592214422463305 0.023112480739599383
211 0.8451393320570092 0.4162447721769756 0.01446500744522442 0.02773497688751926
185 0.2665390342480323 0.3659476117103236 0.0204211869814933 0.025753907109839314
185 0.15347798340778557 0.6010345586616773 0.017655817911082748 0.023112480739599383
32 0.8540736013614124 0.5069337442218799 0.019570304190597746 0.023332599603786044
22 0.18964050202084662 0.6970063834470615 0.017655817911082748 0.019590578912612813
185 0.7638800255264837 0.5334580673563725 0.019995745586045523 0.020911292097732775
22 0.8136566687938737 0.3193924719348448 0.015315890236119975 0.02157164869029276
200 0.40246756009359713 0.2831829187761391 0.01318868325888109 0.01915034118423949
7 0.14337375026590088 0.2490644948272067 0.0204211869814933 0.023552718467972706
224 0.2174005530738141 0.3635263042042703 0.01574133163156775 0.023552718467972706
7 0.2210168049351202 0.3917015188201629 0.013614124654328865 0.023552718467972706
211 0.23080195703041906 0.789786484701739 0.009785152095298873 0.022452124147039402
76 0.6015741331631568 0.19095311468192824 0.016592214422463305 0.03059652212194585
13 0.7250584981918741 0.6559542152762492 0.023611997447351627 0.02157164869029276
99 0.20921080621144436 0.6370239929561964 0.013826845352052754 0.02289236187541272
119 0.540097851520953 0.4232885758309487 0.01871942139970219 0.02157164869029276
7 0.7947245266964476 0.5029716046665199 0.018293980004254414 0.02465331278890601
224 0.9226760263773666 0.4174554259300022 0.016804935120187194 0.026194144838212634
32 0.2383535417996171 0.3339203169711644 0.016379493724739416 0.02201188641866608
119 0.21059349074664965 0.45487563284173455 0.014039566049776643 0.023992956196346026
176 0.24260795575409488 0.19403477878054148 0.02318655605190385 0.01915034118423949
224 0.25505211657094234 0.637244111820383 0.016166773027015528 0.020250935505172794
118 0.3622633482237822 0.22198987453224742 0.019570304190597746 0.021791767554479417
7 0.6160391406083812 0.2237508254457407 0.014890448840672197 0.022672243011226063
119 0.5974260795575409 0.45531587057010786 0.02616464582003829 0.03279771076381246
7 0.8937460114869177 0.2338762931983271 0.016379493724739416 0.023552718467972706
224 0.18538608806636886 0.2772397094430993 0.017655817911082748 0.020911292097732775
106 0.17028291852797278 0.3619854721549637 0.02659008721548607 0.02223200528285274
7 0.4877685598808764 0.3101474796390051 0.009359710699851096 0.023772837332159368
160 0.5180812593065305 0.18489984591679506 0.024037438842799404 0.029495927801012546
211 0.11827270793448202 0.22132951793968744 0.009359710699851096 0.023112480739599383
200 0.7473941714528823 0.3178516398855382 0.018081259306530525 0.018930222320052828
224 0.5022335673261008 0.22419106317411402 0.013614124654328865 0.021351529826106098
224 0.4767070835992342 0.31124807395993837 0.015315890236119975 0.021131410961919436
224 0.8322697298447139 0.723200528285274 0.015103169538396086 0.028835571208452565
185 0.4134226760263774 0.19051287695355493 0.021059349074664963 0.02223200528285274
160 0.8562008083386513 0.5403918115782522 0.01914486279514997 0.02289236187541272
44 0.13997021910231866 0.33325996037860445 0.02893001489044884 0.018930222320052828
99 0.13731121038077004 0.6354831609068897 0.015528610933843863 0.021131410961919436
211 0.16102956817698363 0.5112260620735197 0.007657945118059987 0.01694915254237288
22 0.8718357796213572 0.2935285053929122 0.014252286747500531 0.02223200528285274
224 0.28259944692618594 0.19227382786704822 0.015528610933843863 0.021791767554479417
160 0.7915337162305892 0.6306405458947831 0.016166773027015528 0.020691173233546113
