7 0.6884108258154059 0.5615487914055506 0.05968077723802915 0.051477170993733216
13 0.7081887578070785 0.8106535362578334 0.09646079111727966 0.043867502238137866
211 0.5076335877862596 0.6269024171888988 0.021512838306731435 0.046105640107430616
22 0.36433032616238725 0.502461951656222 0.04302567661346287 0.044315129811996416
13 0.2501734906315059 0.45411817367949864 0.07702984038861901 0.04162936436884512
160 0.4472588480222068 0.5653536257833482 0.054823039555863984 0.043867502238137866
22 0.41603053435114506 0.6837511190689346 0.0395558639833449 0.03446732318710832
58 0.7428868841082582 0.5622202327663384 0.06315058986814712 0.050134288272157566
7 0.47050659264399725 0.3701880035810206 0.06939625260235947 0.046553267681289166
58 0.6814712005551701 0.6239928379588182 0.0791117279666898 0.04297224709042077
211 0.5975017349063151 0.4368845120859445 0.033310201249132546 0.04297224709042077
185 0.24670367800138793 0.6293643688451208 0.056210964607911175 0.03849597135183527
6 0.5517002081887578 0.43912264995523725 0.055517002081887576 0.043867502238137866
118 0.4024982650936849 0.3213965980304387 0.06662040249826509 0.047448522829006266
7 0.5881332408049965 0.7423903312444047 0.06453851492019431 0.049686660698299016
224 0.45211658570437196 0.6833034914950761 0.03261623872310895 0.02820053715308863
22 0.4736294240111034 0.7412712623097583 0.046495489243580844 0.04207699194270367
211 0.5843164469118668 0.5049239033124441 0.02220680083275503 0.043867502238137866
149 0.5402498265093685 0.3131154879140555 0.07564191533657183 0.048791405550581916
176 0.3518390006939625 0.5646821844225605 0.06662040249826509 0.03715308863025962
118 0.5340041637751561 0.8023724261414503 0.06870229007633588 0.046105640107430616
106 0.3514920194309507 0.37757385854968667 0.07425399028452463 0.03983885407341092
22 0.5517002081887578 0.5022381378692927 0.05412907702984039 0.045658012533572066
118 0.4198473282442748 0.7428379588182632 0.06800832755031229 0.044315129811996416
118 0.5503122831367107 0.6255595344673232 0.06800832755031229 0.051477170993733216
7 0.23490631505898682 0.5653536257833482 0.05759888965995836 0.043867502238137866
200 0.4024982650936849 0.5666965085049239 0.04580152671755725 0.03760071620411817
7 0.7900763358778626 0.6233213965980304 0.06176266481609993 0.050581915846016116
7 0.5787647467036781 0.3681736794986571 0.05690492713393477 0.047896150402864816
185 0.7449687716863289 0.69136078782453 0.047883414295628035 0.03178155774395703
22 0.2997918112421929 0.626230975828111 0.0527411519777932 0.03581020590868397
13 0.2480916030534351 0.6929274843330349 0.08396946564885496 0.050134288272157566
185 0.4673837612768911 0.3137869292748433 0.07702984038861901 0.052820053715308866
99 0.3969465648854962 0.6309310653536258 0.0388619014573213 0.045210384959713516
160 0.34941013185287995 0.6264547896150403 0.056210964607911175 0.043419874664279316
118 0.41603053435114506 0.8012533572068039 0.06037473976405274 0.051924798567591766
224 0.5666204024982651 0.5631154879140555 0.06037473976405274 0.04207699194270367
118 0.5010409437890354 0.5017905102954342 0.06800832755031229 0.044762757385854966
211 0.43268563497571133 0.630259623992838 0.031228313671061762 0.047448522829006266
185 0.25225537820957666 0.37667860340196957 0.07564191533657183 0.03894359892569382
13 0.6349757113115891 0.5622202327663384 0.07494795281054822 0.044762757385854966
119 0.4118667591950035 0.373769024171889 0.06176266481609993 0.04207699194270367
7 0.7935461485079806 0.6833034914950761 0.05065926439972242 0.043419874664279316
160 0.4718945176960444 0.8019247985675918 0.055517002081887576 0.048791405550581916
44 0.3612074947952811 0.4357654431512981 0.07425399028452463 0.03804834377797672
106 0.6377515614156836 0.6882273948075202 0.0777238029146426 0.03536257833482542
32 0.5298403886190146 0.37332139659803043 0.05343511450381679 0.04297224709042077
32 0.734559333795975 0.49485228290062666 0.05898681471200555 0.04073410922112802
6 0.4864677307425399 0.6844225604297225 0.041637751561415685 0.03670546105640107
99 0.30985426786953507 0.6918084153983886 0.04233171408743928 0.047000895255147716
6 0.4732824427480916 0.6260071620411818 0.048577376821651634 0.03804834377797672
22 0.6800832755031229 0.4973142345568487 0.05412907702984039 0.04118173679498657
224 0.32581540596807773 0.5069382273948075 0.04510756419153366 0.03446732318710832
106 0.5277585010409438 0.7466427931960609 0.07564191533657183 0.03939122649955237
211 0.3018736988202637 0.37869292748433303 0.030534351145038167 0.04297224709042077
149 0.7519083969465649 0.749104744852283 0.06176266481609993 0.049686660698299016
185 0.49757113115891743 0.5646821844225605 0.0527411519777932 0.03804834377797672
44 0.36363636363636365 0.6801700984780662 0.06939625260235947 0.04073410922112802
13 0.260235947258848 0.3238585496866607 0.09576682859125607 0.049686660698299016
119 0.6429562803608605 0.740152193375112 0.054823039555863984 0.051477170993733216
110 0.2873004857737682 0.5693822739480752 0.062456627342123525 0.03939122649955237
6 0.40423317140874393 0.5035810205908684 0.046495489243580844 0.044762757385854966
106 0.6512838306731437 0.4375559534467323 0.06870229007633588 0.04252461951656222
22 0.5867453157529493 0.8039391226499553 0.049271339347675226 0.04207699194270367
106 0.7206800832755031 0.4344225604297225 0.07147814018043026 0.03267681289167413
22 0.445176960444136 0.5015666965085049 0.0520471894517696 0.04252461951656222
44 0.4299097848716169 0.4368845120859445 0.07425399028452463 0.03491495076096687
200 0.6974323386537127 0.6891226499552372 0.05412907702984039 0.03804834377797672
119 0.6943095072866066 0.7426141450313339 0.056210964607911175 0.05371530886302596
118 0.4958362248438584 0.44180841539838855 0.06731436502428868 0.04297224709042077
99 0.3102012491325468 0.4449418084153984 0.04302567661346287 0.049239033124440466
160 0.2723802914642609 0.5107430617726052 0.07009021512838307 0.03760071620411817
211 0.5145732130464955 0.6855416293643688 0.027064538514920196 0.03983885407341092
149 0.33622484385843165 0.32072515666965085 0.07009021512838307 0.050581915846016116
76 0.7428868841082582 0.6266786034019696 0.0520471894517696 0.05998209489704566
160 0.6145038167938931 0.6293643688451208 0.06037473976405274 0.051029543419874666
7 0.6374045801526718 0.8028200537153088 0.0659264399722415 0.05416293643688451
106 0.5652324774462179 0.6866606982990152 0.07286606523247745 0.04028648164726947
118 0.6256072172102707 0.5 0.06453851492019431 0.043867502238137866
