7 0.7021116138763197 0.49338165773715725 0.038712921065862244 0.03435234793570753
224 0.1897938662644545 0.3410022061140876 0.03971845148315736 0.03151591553734636
22 0.35118149824032174 0.2234478411597857 0.03971845148315736 0.03277655215884021
211 0.19984917043740574 0.2169870784746297 0.020613373554550025 0.033722029624960605
185 0.16440422322775264 0.38244563504569806 0.05429864253393665 0.03309171131421368
119 0.7156862745098039 0.13945792625275763 0.0457516339869281 0.03246139300346675
7 0.43413775766716944 0.18326504884966907 0.03569632981397687 0.033722029624960605
22 0.608848667672197 0.18137409391742831 0.0563097033685269 0.03183107469271983
32 0.729260935143288 0.6295304128584935 0.049773755656108594 0.029309801449732116
7 0.7770236299648065 0.5899779388591239 0.049773755656108594 0.03151591553734636
44 0.5032679738562091 0.22439331862590609 0.058320764203117145 0.023952095808383235
13 0.5869783810960282 0.6738102741884652 0.05077928607340372 0.03844941695556256
106 0.16767219708396178 0.21493854396470216 0.049773755656108594 0.030885597226599434
185 0.7772750125691302 0.40025212732429877 0.05731523378582202 0.030255278915852505
211 0.6716943187531422 0.4023006618342263 0.02815485168426345 0.03309171131421368
211 0.5165912518853696 0.3988339111251182 0.02262443438914027 0.03435234793570753
118 0.09954751131221719 0.6136148755121337 0.05429864253393665 0.03971005357705641
185 0.38687782805429866 0.850141821619918 0.05279034690799397 0.03435234793570753
149 0.7378079436902967 0.26426095178064923 0.04776269482151835 0.036243302867948315
7 0.5595776772247361 0.8090135518436811 0.0563097033685269 0.03718878033406871
149 0.589492207139266 0.6284273558146865 0.06083459024635495 0.03151591553734636
22 0.8511814982403217 0.18216199180586196 0.03418803418803419 0.030255278915852505
224 0.6475615887380594 0.35549952726126693 0.048265460030165915 0.03277655215884021
32 0.7335344394167923 0.45020485345099276 0.04725992961287079 0.03246139300346675
224 0.37355455002513827 0.3914276709738418 0.04424333836098542 0.03277655215884021
99 0.6724484665661137 0.7672549637566971 0.033685268979386625 0.04254648597541759
7 0.6096028154851685 0.3999369681689253 0.05077928607340372 0.03340687046958714
224 0.4180492709904475 0.754963756697132 0.03971845148315736 0.03435234793570753
22 0.230517848164907 0.5721714465805232 0.0457516339869281 0.03687362117869524
58 0.7936148818501759 0.5453829183737787 0.05982905982905983 0.03561298455720139
7 0.7199597787833082 0.86306334699023 0.053293112116641526 0.05074062401512764
7 0.3720462543991956 0.5304128584935393 0.058320764203117145 0.025843050740624016
58 0.3034188034188034 0.21840529467381029 0.06787330316742081 0.02962496060510558
106 0.6483157365510307 0.2639457926252758 0.049773755656108594 0.03561298455720139
211 0.6111111111111112 0.5811534825086668 0.036701860231272 0.030255278915852505
211 0.12192056309703368 0.3860699653324929 0.03569632981397687 0.034667507091081
211 0.6108597285067874 0.26693980460132366 0.027149321266968326 0.034667507091081
99 0.4527400703871292 0.5352978254018279 0.033685268979386625 0.029940119760479042
160 0.6538461538461539 0.18216199180586196 0.05077928607340372 0.02962496060510558
149 0.4803921568627451 0.35297825401827926 0.05178481649069885 0.02962496060510558
149 0.5970336852689794 0.5343523479357075 0.049773755656108594 0.036243302867948315
8 0.4710910005027652 0.445950204853451 0.04424333836098542 0.030885597226599434
224 0.06359979889391654 0.2934131736526946 0.036701860231272 0.02899464229435865
200 0.6852689793866265 0.5865111881500158 0.04424333836098542 0.03403718878033407
7 0.7456008044243339 0.5409706901985503 0.04122674710910005 0.03498266624645446
13 0.5603318250377074 0.4900724866057359 0.036701860231272 0.03151591553734636
200 0.602061337355455 0.7593759848723606 0.04675716440422323 0.03498266624645446
211 0.20010055304172952 0.38827607942010717 0.024132730015082957 0.041601008509297197
44 0.6151332327802916 0.22518121651433975 0.07893413775766717 0.02804916482823826
211 0.4188034188034188 0.3098014497321147 0.026143790849673203 0.03277655215884021
118 0.5427350427350427 0.6684525685471163 0.05279034690799397 0.03718878033406871
185 0.5598290598290598 0.754963756697132 0.05480140774258421 0.03561298455720139
6 0.8227752639517345 0.7644185313583359 0.04675716440422323 0.04002521273242988
13 0.4165409753645048 0.5318310746927198 0.05178481649069885 0.029940119760479042
119 0.5776772247360482 0.713835486920895 0.05429864253393665 0.03277655215884021
22 0.8265460030165912 0.40025212732429877 0.04725992961287079 0.03277655215884021
7 0.4007038712921066 0.48597541758588086 0.04625439919557567 0.03151591553734636
211 0.7978883861236803 0.681531673495115 0.023127199597787834 0.03561298455720139
185 0.8355957767722474 0.6752284903876458 0.053293112116641526 0.03309171131421368
44 0.31724484665661135 0.5721714465805232 0.07139265962795374 0.02615820989599748
32 0.3562091503267974 0.48235108729908605 0.049773755656108594 0.029940119760479042
200 0.555052790346908 0.26693980460132366 0.04122674710910005 0.032146233848093286
224 0.4997486173956762 0.8567601638827608 0.0392156862745098 0.03750393948944217
13 0.2445952740070387 0.2611093602269146 0.05178481649069885 0.031200756381972897
7 0.45098039215686275 0.2259691144027734 0.05429864253393665 0.03340687046958714
7 0.30392156862745096 0.30349826662464546 0.04776269482151835 0.03277655215884021
32 0.7111613876319759 0.3086983926883076 0.05077928607340372 0.036243302867948315
160 0.6166415284062343 0.7155688622754491 0.049773755656108594 0.036243302867948315
176 0.2395676219205631 0.17822250236369366 0.05681246857717446 0.03435234793570753
118 0.3808446455505279 0.5742199810904507 0.05580693815987934 0.03844941695556256
76 0.18350930115635997 0.5735896627797038 0.053293112116641526 0.05609832965647652
200 0.7496229260935143 0.31326820044122283 0.04122674710910005 0.03277655215884021
200 0.6711915535444947 0.1411913016073117 0.04424333836098542 0.030255278915852505
8 0.7755153343388638 0.13945792625275763 0.03569632981397687 0.033722029624960605
211 0.6719457013574661 0.49275133942641036 0.02564102564102564 0.03309171131421368
22 0.7161890397184515 0.7155688622754491 0.042735042735042736 0.03498266624645446
106 0.26872800402212166 0.3424204223132682 0.06787330316742081 0.03183107469271983
119 0.3961789844142785 0.18279231011660887 0.0392156862745098 0.036558462023321775
22 0.8202614379084967 0.49227860069335017 0.036701860231272 0.039079735266309486
110 0.7091503267973857 0.5441222817522849 0.04172951231774761 0.03435234793570753
58 0.3964303670186023 0.2259691144027734 0.05480140774258421 0.02962496060510558
149 0.23755656108597284 0.3863851244878664 0.048768225238813474 0.03277655215884021
200 0.4625439919557567 0.4848723605420737 0.038210155857214684 0.036243302867948315
44 0.602061337355455 0.3088559722659943 0.06586224233283057 0.030885597226599434
58 0.6133735545500252 0.1381972896312638 0.07038712921065862 0.03309171131421368
224 0.5565610859728507 0.22360542073747242 0.04424333836098542 0.02615820989599748
224 0.5467571644042232 0.3082256539552474 0.05077928607340372 0.03151591553734636
211 0.7410759175465058 0.3964702174598172 0.03720462543991956 0.036558462023321775
200 0.777526395173454 0.6296879924361802 0.048768225238813474 0.037819098644815634
7 0.6900452488687783 0.3558146864166404 0.049773755656108594 0.03340687046958714
7 0.7762694821518351 0.7647336905137094 0.05530417295123177 0.03750393948944217
99 0.27023629964806434 0.5767412543334384 0.036701860231272 0.037819098644815634
224 0.13298139768728004 0.25543649543019226 0.04776269482151835 0.03183107469271983
149 0.3262946204122675 0.3890639773085408 0.05530417295123177 0.036243302867948315
32 0.4791352438411262 0.7143082256539552 0.0563097033685269 0.03561298455720139
58 0.2119155354449472 0.482981405609833 0.06686777275012569 0.028679483138985187
99 0.3504273504273504 0.1872045382918374 0.024132730015082957 0.03844941695556256
118 0.4829059829059829 0.6238575480617712 0.05077928607340372 0.03309171131421368
224 0.8423831070889894 0.7201386700283643 0.03569632981397687 0.030885597226599434
200 0.8117144293614882 0.1397730854081311 0.038712921065862244 0.03561298455720139
118 0.42885872297637 0.35408131106208635 0.05530417295123177 0.03183107469271983
149 0.4117647058823529 0.6649858178380081 0.053293112116641526 0.03151591553734636
118 0.5055304172951232 0.14150646076268517 0.048768225238813474 0.03592814371257485
200 0.37355455002513827 0.2680428616451308 0.042232277526395176 0.03309171131421368
106 0.45349421820010055 0.3088559722659943 0.043237807943690296 0.032146233848093286
118 0.3614881850175968 0.8020800504254648 0.06033182503770739 0.03844941695556256
22 0.2888386123680241 0.18247715096123543 0.036701860231272 0.032146233848093286
22 0.4565108094519859 0.8539237314843996 0.049270990447461034 0.033722029624960605
118 0.5020110608345902 0.7595335644500473 0.05379587732528909 0.03277655215884021
200 0.17546505781799898 0.528837062716672 0.0563097033685269 0.02962496060510558
200 0.15309200603318251 0.34210526315789475 0.03770739064856712 0.029309801449732116
8 0.16918049270990448 0.6612039079735267 0.048768225238813474 0.032146233848093286
224 0.38838612368024134 0.7106838953671604 0.0457516339869281 0.037819098644815634
22 0.4856711915535445 0.5304128584935393 0.0392156862745098 0.02899464229435865
160 0.6397687280040221 0.7600063031831075 0.03569632981397687 0.033722029624960605
118 0.4193061840120664 0.44563504569807755 0.053293112116641526 0.03151591553734636
6 0.15434891905480141 0.4325559407500788 0.04122674710910005 0.03183107469271983
211 0.324534942182001 0.1853135833595966 0.02564102564102564 0.03340687046958714
224 0.5889894419306184 0.4450047273873306 0.03971845148315736 0.03277655215884021
185 0.6289592760180995 0.44610778443113774 0.05530417295123177 0.02804916482823826
44 0.21040723981900453 0.6128269776237 0.06586224233283057 0.03687362117869524
185 0.46907993966817496 0.26883075953356445 0.04424333836098542 0.03151591553734636
13 0.48617395676219205 0.39867633154743143 0.04424333836098542 0.03151591553734636
149 0.6432880844645551 0.6714465805231642 0.05279034690799397 0.03498266624645446
211 0.26244343891402716 0.2179325559407501 0.014077425842131725 0.029940119760479042
211 0.5364504776269482 0.9029309801449732 0.04725992961287079 0.03403718878033407
58 0.8217697335344394 0.31011660888748815 0.06787330316742081 0.034667507091081
119 0.7357968828557064 0.35849353923731486 0.05379587732528909 0.033722029624960605
13 0.3456510809451986 0.4399621809013552 0.05077928607340372 0.04034037188780334
118 0.6561085972850679 0.30601953986763314 0.05128205128205128 0.03340687046958714
118 0.5532931121166416 0.18247715096123543 0.05480140774258421 0.030885597226599434
224 0.2606837606837607 0.6189725811534825 0.043740573152337855 0.03277655215884021
200 0.5153343388637506 0.4464229435865112 0.042232277526395176 0.03435234793570753
22 0.6799899446958271 0.6227544910179641 0.04474610356963298 0.037819098644815634
119 0.6995977878330819 0.268515600378191 0.048768225238813474 0.03971005357705641
118 0.4180492709904475 0.26977623699968484 0.05077928607340372 0.03340687046958714
13 0.1282051282051282 0.5300976993381658 0.05128205128205128 0.034667507091081
22 0.4311211664152841 0.7106838953671604 0.033685268979386625 0.037819098644815634
160 0.30995475113122173 0.4840844626536401 0.048768225238813474 0.034667507091081
110 0.3174962292609351 0.5253703120075638 0.05077928607340372 0.03340687046958714
106 0.7765208647561589 0.4951150330917113 0.049773755656108594 0.037819098644815634
22 0.2066365007541478 0.30097699338165773 0.0392156862745098 0.03844941695556256
32 0.7760180995475113 0.18326504884966907 0.05379587732528909 0.03183107469271983
22 0.6701860231271995 0.8101166088874882 0.04625439919557567 0.036243302867948315
200 0.4142785319255908 0.3953671604160101 0.04524886877828054 0.029940119760479042
58 0.5671191553544495 0.5789473684210527 0.07139265962795374 0.03277655215884021
32 0.25565610859728505 0.43098014497321147 0.06385118149824032 0.03750393948944217
22 0.13725490196078433 0.5713835486920895 0.0392156862745098 0.03151591553734636
160 0.4555052790346908 0.3994642294358651 0.06033182503770739 0.03561298455720139
160 0.7275012569130216 0.18247715096123543 0.048265460030165915 0.02962496060510558
22 0.7604323780794369 0.22281752284903877 0.038712921065862244 0.030255278915852505
224 0.7373051784816491 0.4946422943586511 0.033685268979386625 0.03435234793570753
118 0.25163398692810457 0.3001890954932241 0.05279034690799397 0.04002521273242988
160 0.21040723981900453 0.6632524424834542 0.04474610356963298 0.03498266624645446
99 0.8195072900955254 0.18263473053892215 0.03217697335344394 0.029940119760479042
224 0.5143288084464555 0.3532934131736527 0.029160382101558573 0.03151591553734636
200 0.3250377073906486 0.34856602584305074 0.05077928607340372 0.030255278915852505
200 0.30568124685771747 0.6227544910179641 0.048265460030165915 0.030885597226599434
149 0.5540472599296129 0.14040340371887802 0.05128205128205128 0.033722029624960605
118 0.8768225238813474 0.6350456980775292 0.06133735545500251 0.037819098644815634
58 0.8315736551030669 0.8104317680428617 0.07239819004524888 0.03939489442168295
44 0.11739567621920563 0.4350772139930665 0.04474610356963298 0.036243302867948315
224 0.11940673705379588 0.47494484714780966 0.05279034690799397 0.03403718878033407
160 0.5525389643036702 0.44673810274188464 0.042232277526395176 0.033722029624960605
119 0.7335344394167923 0.7639457926252757 0.04725992961287079 0.032146233848093286
7 0.8255404725992961 0.264418531358336 0.05429864253393665 0.03971005357705641
160 0.34087481146304677 0.30696501733375353 0.0392156862745098 0.03844941695556256
200 0.5213675213675214 0.5817838008194138 0.043237807943690296 0.03277655215884021
22 0.4348919054801408 0.6218090135518437 0.049270990447461034 0.03403718878033407
200 0.2895927601809955 0.2615820989599748 0.042232277526395176 0.030885597226599434
168 0.6669180492709904 0.7223447841159786 0.05279034690799397 0.04979514654900725
176 0.5409753645047762 0.8586511188150016 0.0563097033685269 0.03498266624645446
13 0.7184514831573655 0.22376300031515917 0.0392156862745098 0.030885597226599434
22 0.7762694821518351 0.44673810274188464 0.05128205128205128 0.030570438071225968
211 0.7478632478632479 0.13803971005357707 0.02262443438914027 0.02962496060510558
7 0.4700854700854701 0.8069650173337536 0.048265460030165915 0.03813425780018909
7 0.2066365007541478 0.25590923416325245 0.04524886877828054 0.03340687046958714
7 0.2239819004524887 0.3400567286479672 0.04776269482151835 0.028364323983611724
76 0.6654097536450477 0.8559722659943272 0.05580693815987934 0.052946738102741885
106 0.43539467068878834 0.9065553104317681 0.06133735545500251 0.04443744090765837
22 0.5965309200603318 0.8611723920579892 0.05077928607340372 0.03435234793570753
99 0.7740070387129211 0.679167979829814 0.024635495223730517 0.039079735266309486
149 0.5992961287078934 0.3532934131736527 0.0563097033685269 0.03277655215884021
160 0.45324283559577677 0.7570122912070596 0.038712921065862244 0.030255278915852505
185 0.14881850175967823 0.6121966593129531 0.053293112116641526 0.03813425780018909
211 0.7790346907993967 0.31326820044122283 0.0196078431372549 0.03151591553734636
16 0.37229763700351937 0.7574850299401198 0.0628456510809452 0.04254648597541759
118 0.6950729009552539 0.6749133312322723 0.05279034690799397 0.03498266624645446
200 0.7410759175465058 0.6769618657421999 0.043237807943690296 0.03340687046958714
32 0.7621920563097033 0.7195083517176174 0.048265460030165915 0.030885597226599434
224 0.6377576671694318 0.5354554049795146 0.04474610356963298 0.030885597226599434
7 0.6015585721468074 0.4866057358966278 0.05379587732528909 0.03277655215884021
200 0.26872800402212166 0.4771509612354239 0.05077928607340372 0.039079735266309486
6 0.3841126194067371 0.3071225969114403 0.04122674710910005 0.03561298455720139
7 0.49698340874811464 0.6660888748818153 0.05077928607340372 0.02804916482823826
211 0.4358974358974359 0.4900724866057359 0.024132730015082957 0.03844941695556256
22 0.267219708396179 0.5286794831389852 0.049773755656108594 0.033722029624960605
185 0.5537958773252891 0.5341947683580208 0.04776269482151835 0.036558462023321775
176 0.5598290598290598 0.3964702174598172 0.06787330316742081 0.02962496060510558
200 0.5301659125188537 0.6265364008824457 0.049773755656108594 0.03718878033406871
7 0.7657114127702364 0.8090135518436811 0.0563097033685269 0.03718878033406871
7 0.6709401709401709 0.5414434289316105 0.049773755656108594 0.03403718878033407
99 0.11965811965811966 0.3424204223132682 0.029160382101558573 0.03309171131421368
119 0.6452991452991453 0.5817838008194138 0.048768225238813474 0.03277655215884021
7 0.8049270990447461 0.723290261582099 0.04524886877828054 0.03403718878033407
200 0.23328305681246858 0.21730223763000314 0.04625439919557567 0.031200756381972897
13 0.22021116138763197 0.5286794831389852 0.048265460030165915 0.03498266624645446
118 0.7033685268979387 0.4005672864796722 0.04524886877828054 0.039079735266309486
200 0.10105580693815988 0.2960920264733691 0.042232277526395176 0.029940119760479042
44 0.8235294117647058 0.6378821304758904 0.058320764203117145 0.030885597226599434
224 0.637506284565108 0.6248030255278916 0.042232277526395176 0.03498266624645446
7 0.30492709904474613 0.43681058934762057 0.049773755656108594 0.03151591553734636
224 0.6804927099044746 0.22234478411597858 0.0457516339869281 0.03498266624645446
149 0.8853695324283559 0.67743460447526 0.05731523378582202 0.028679483138985187
58 0.3743086978381096 0.3496690828868579 0.0628456510809452 0.036243302867948315
224 0.17194570135746606 0.2533879609202647 0.03217697335344394 0.030885597226599434
176 0.6166415284062343 0.8090135518436811 0.06887883358471594 0.03718878033406871
211 0.7043740573152338 0.8145288370627167 0.030165912518853696 0.03939489442168295
13 0.5118149824032177 0.8077529152221872 0.04725992961287079 0.04097069019855027
16 0.7823026646556058 0.26835802080050425 0.043237807943690296 0.043176804286164515
22 0.21543489190548015 0.4286164513079105 0.04776269482151835 0.03971005357705641
44 0.6847662141779789 0.44878663725181217 0.06737053795877325 0.03340687046958714
44 0.504524886877828 0.18326504884966907 0.049773755656108594 0.031200756381972897
7 0.08044243338360986 0.4807752915222187 0.05429864253393665 0.028679483138985187
44 0.881850175967823 0.76615190671289 0.07139265962795374 0.032146233848093286
200 0.7762694821518351 0.35896627797037506 0.042232277526395176 0.03277655215884021
211 0.49924585218702866 0.4881815316734951 0.029160382101558573 0.039079735266309486
224 0.27928607340372047 0.38890639773085406 0.038712921065862244 0.034667507091081
99 0.6432880844645551 0.40261582098959975 0.03770739064856712 0.03876457611093602
224 0.12543991955756661 0.6615190671289001 0.04776269482151835 0.03403718878033407
13 0.33408748114630465 0.2653640088244564 0.049773755656108594 0.03151591553734636
200 0.1649069884364002 0.47778127954617083 0.048265460030165915 0.03971005357705641
200 0.6430367018602313 0.48786637251812165 0.04022121669180493 0.03151591553734636
211 0.8720462543991956 0.7322722975102427 0.017596782302664656 0.03813425780018909
110 0.9022121669180493 0.7294358651118815 0.0457516339869281 0.04506775921840529
7 0.42735042735042733 0.5762685156003782 0.04725992961287079 0.03687362117869524
160 0.8735545500251383 0.2650488496690829 0.04675716440422323 0.039079735266309486
118 0.7307692307692307 0.5877718247715096 0.05279034690799397 0.03971005357705641
58 0.1546003016591252 0.29703750393948947 0.06887883358471594 0.033722029624960605
211 0.5208647561588738 0.5327765521588402 0.02513826043237808 0.036243302867948315
176 0.8212669683257918 0.3573904821935077 0.05379587732528909 0.03277655215884021
224 0.4602815485168426 0.6660888748818153 0.04474610356963298 0.033722029624960605
99 0.6918049270990447 0.18389536716041602 0.027149321266968326 0.030570438071225968
211 0.42232277526395173 0.8532934131736527 0.027149321266968326 0.036243302867948315
22 0.4894419306184012 0.9040340371887803 0.048768225238813474 0.03750393948944217
200 0.3790849673202614 0.44279861329971637 0.04022121669180493 0.032146233848093286
13 0.5517848164906989 0.35266309486290576 0.043740573152337855 0.02899464229435865
22 0.8908999497234792 0.8121651433974157 0.05731523378582202 0.04475260006303183
32 0.42232277526395173 0.8019224708477781 0.05731523378582202 0.04569807752915222
118 0.8270487682252388 0.4495745351402458 0.05731523378582202 0.033722029624960605
224 0.5296631473102061 0.48550267885282067 0.04675716440422323 0.030570438071225968
224 0.8501759678230266 0.13914276709738418 0.04524886877828054 0.03498266624645446
99 0.5867269984917044 0.2699338165773716 0.029160382101558573 0.03687362117869524
22 0.3911513323278029 0.898361172392058 0.05128205128205128 0.04443744090765837
118 0.4683257918552036 0.5748502994011976 0.05178481649069885 0.03971005357705641
7 0.5158371040723982 0.2650488496690829 0.0563097033685269 0.030885597226599434
176 0.8293112116641529 0.5931295304128585 0.05982905982905983 0.03340687046958714
