224 0.8015350877192983 0.6326078194276501 0.09429824561403509 0.03345425231761386
200 0.7330043859649122 0.6866182990729545 0.13925438596491227 0.04796453043127771
58 0.8410087719298246 0.7406287787182587 0.1337719298245614 0.04554615074566707
22 0.7297149122807017 0.7394195888754534 0.11293859649122807 0.04070939137444579
7 0.7828947368421053 0.31761386537686415 0.10526315789473684 0.06529625151148731
6 0.7905701754385965 0.4834744054816606 0.14473684210526316 0.05199516324062878
6 0.7675438596491229 0.5844417573559049 0.12280701754385964 0.03869407496977025
149 0.7861842105263158 0.37807335751713017 0.12938596491228072 0.04514308746473196
211 0.7149122807017544 0.6338170092704555 0.05043859649122807 0.03426037887948408
160 0.8399122807017544 0.685006045949214 0.08114035087719298 0.04232164449818621
149 0.7916666666666666 0.16928657799274485 0.13157894736842105 0.042724707779121324
7 0.8432017543859649 0.841596130592503 0.1206140350877193 0.04433696090286175
44 0.8075657894736842 0.4296654574768239 0.17653508771929824 0.04675534058847239
32 0.7702850877192983 0.5358726320032245 0.13706140350877194 0.04554615074566707
13 0.7291666666666666 0.7904070939137444 0.13157894736842105 0.04353083434099154
32 0.7341008771929824 0.8419991938734381 0.15021929824561403 0.04030632809351068
44 0.8530701754385965 0.7920193470374849 0.1206140350877193 0.042724707779121324
