8 0.4419642857142857 0.46377118644067794 0.027636054421768707 0.041101694915254235
7 0.2110969387755102 0.13432203389830508 0.04889455782312925 0.04067796610169491
22 0.20748299319727892 0.5375 0.02891156462585034 0.04025423728813559
211 0.4689625850340136 0.13177966101694916 0.01870748299319728 0.030508474576271188
200 0.5335884353741497 0.18347457627118643 0.031462585034013606 0.036440677966101696
160 0.6738945578231292 0.5021186440677966 0.04591836734693878 0.0423728813559322
118 0.38477891156462585 0.19194915254237288 0.04336734693877551 0.03728813559322034
211 0.23065476190476192 0.7052966101694915 0.019982993197278913 0.04025423728813559
32 0.4755527210884354 0.5843220338983051 0.03443877551020408 0.043220338983050846
119 0.4423894557823129 0.3514830508474576 0.03443877551020408 0.04364406779661017
224 0.6511479591836735 0.1858050847457627 0.029336734693877552 0.041101694915254235
7 0.5882227891156463 0.5097457627118644 0.0429421768707483 0.03983050847457627
224 0.4487670068027211 0.13114406779661017 0.031037414965986394 0.034322033898305085
118 0.31101190476190477 0.19809322033898305 0.036139455782312924 0.041101694915254235
119 0.2740221088435374 0.6521186440677966 0.03273809523809524 0.038135593220338986
22 0.3056972789115646 0.6514830508474576 0.036564625850340135 0.03940677966101695
185 0.6420068027210885 0.561864406779661 0.04251700680272109 0.04152542372881356
211 0.18473639455782312 0.5930084745762711 0.01913265306122449 0.04025423728813559
176 0.3358843537414966 0.5264830508474576 0.0391156462585034 0.03855932203389831
211 0.26339285714285715 0.1413135593220339 0.021683673469387755 0.048728813559322036
22 0.4451530612244898 0.5811440677966102 0.04251700680272109 0.03771186440677966
200 0.24851190476190477 0.6559322033898305 0.03273809523809524 0.030508474576271188
22 0.564625850340136 0.18008474576271186 0.03316326530612245 0.03474576271186441
106 0.42644557823129253 0.7588983050847458 0.05102040816326531 0.03559322033898305
22 0.5980017006802721 0.6372881355932203 0.027636054421768707 0.038135593220338986
99 0.4190051020408163 0.5260593220338983 0.025085034013605442 0.041101694915254235
32 0.20684523809523808 0.5930084745762711 0.03358843537414966 0.03516949152542373
118 0.36096938775510207 0.4120762711864407 0.04591836734693878 0.034322033898305085
13 0.4995748299319728 0.19004237288135592 0.039965986394557826 0.036016949152542374
7 0.6065051020408163 0.5692796610169492 0.04379251700680272 0.04025423728813559
200 0.5488945578231292 0.5764830508474577 0.02891156462585034 0.036016949152542374
224 0.415391156462585 0.4629237288135593 0.02976190476190476 0.04533898305084746
119 0.5612244897959183 0.23622881355932204 0.03741496598639456 0.03347457627118644
224 0.42665816326530615 0.13177966101694916 0.027636054421768707 0.03559322033898305
149 0.4249574829931973 0.40635593220338984 0.039540816326530615 0.03559322033898305
44 0.3127125850340136 0.2531779661016949 0.04889455782312925 0.030084745762711865
118 0.6243622448979592 0.23665254237288136 0.036139455782312924 0.03686440677966102
7 0.6590136054421769 0.23114406779661018 0.03571428571428571 0.04364406779661017
99 0.27869897959183676 0.7661016949152543 0.026785714285714284 0.03389830508474576
7 0.29124149659863946 0.3086864406779661 0.03741496598639456 0.03855932203389831
22 0.19770408163265307 0.31334745762711863 0.031462585034013606 0.048728813559322036
118 0.1568877551020408 0.25508474576271184 0.04251700680272109 0.03474576271186441
224 0.28316326530612246 0.5849576271186441 0.04081632653061224 0.032627118644067796
58 0.29528061224489793 0.4711864406779661 0.04974489795918367 0.03474576271186441
99 0.5737670068027211 0.573728813559322 0.026785714285714284 0.04576271186440678
7 0.22151360544217688 0.4161016949152542 0.04251700680272109 0.03728813559322034
44 0.3101615646258503 0.763135593220339 0.03869047619047619 0.03135593220338983
7 0.25616496598639454 0.361228813559322 0.04039115646258504 0.03686440677966102
149 0.36054421768707484 0.13580508474576272 0.047619047619047616 0.04364406779661017
99 0.3086734693877551 0.7040254237288136 0.031462585034013606 0.04703389830508475
160 0.7011054421768708 0.6262711864406779 0.031462585034013606 0.044915254237288135
7 0.6281887755102041 0.6326271186440678 0.047193877551020405 0.04067796610169491
149 0.13392857142857142 0.4233050847457627 0.04251700680272109 0.038135593220338986
118 0.14243197278911565 0.2961864406779661 0.04336734693877551 0.03898305084745763
149 0.24022108843537415 0.5934322033898305 0.04081632653061224 0.034322033898305085
8 0.2576530612244898 0.31207627118644066 0.036564625850340135 0.04194915254237288
22 0.33482142857142855 0.761864406779661 0.025085034013605442 0.03220338983050847
118 0.18537414965986396 0.48389830508474574 0.04251700680272109 0.03559322033898305
106 0.23341836734693877 0.19470338983050847 0.04421768707482993 0.03686440677966102
211 0.6175595238095238 0.5046610169491526 0.01913265306122449 0.03559322033898305
211 0.39179421768707484 0.46652542372881356 0.026785714285714284 0.04406779661016949
176 0.22321428571428573 0.47690677966101697 0.034013605442176874 0.03516949152542373
224 0.16985544217687074 0.19491525423728814 0.03358843537414966 0.03135593220338983
22 0.382015306122449 0.5836864406779662 0.036139455782312924 0.03771186440677966
200 0.33014455782312924 0.7023305084745762 0.026785714285714284 0.03177966101694915
118 0.414328231292517 0.5834745762711865 0.04039115646258504 0.03983050847457627
7 0.4651360544217687 0.46038135593220336 0.03571428571428571 0.034322033898305085
44 0.1758078231292517 0.6504237288135594 0.029336734693877552 0.038135593220338986
211 0.24851190476190477 0.7046610169491525 0.021683673469387755 0.03728813559322034
7 0.622874149659864 0.18241525423728813 0.02806122448979592 0.03855932203389831
7 0.37244897959183676 0.525635593220339 0.04421768707482993 0.04703389830508475
99 0.20960884353741496 0.08008474576271186 0.03571428571428571 0.043220338983050846
7 0.3335459183673469 0.4690677966101695 0.03358843537414966 0.038135593220338986
110 0.3590561224489796 0.7635593220338983 0.026785714285714284 0.03474576271186441
7 0.6415816326530612 0.5014830508474576 0.03571428571428571 0.03940677966101695
99 0.12988945578231292 0.5411016949152543 0.03273809523809524 0.03559322033898305
224 0.3088860544217687 0.5300847457627119 0.027636054421768707 0.036440677966101696
118 0.46237244897959184 0.1858050847457627 0.036139455782312924 0.04364406779661017
58 0.3469387755102041 0.6480932203389831 0.0467687074829932 0.036016949152542374
200 0.148171768707483 0.48495762711864404 0.04124149659863945 0.03516949152542373
176 0.5695153061224489 0.6457627118644068 0.04889455782312925 0.043220338983050846
211 0.3934948979591837 0.7036016949152543 0.019982993197278913 0.03177966101694915
118 0.15752551020408162 0.5961864406779661 0.039540816326530615 0.03305084745762712
200 0.1564625850340136 0.5400423728813559 0.027210884353741496 0.03177966101694915
13 0.31760204081632654 0.13644067796610168 0.050170068027210885 0.044915254237288135
22 0.19005102040816327 0.2523305084745763 0.02891156462585034 0.03686440677966102
200 0.2835884353741497 0.5315677966101695 0.02891156462585034 0.032627118644067796
13 0.5144557823129252 0.5781779661016949 0.045068027210884355 0.041101694915254235
185 0.6647534013605442 0.6228813559322034 0.04379251700680272 0.04067796610169491
224 0.28635204081632654 0.13686440677966102 0.027636054421768707 0.03559322033898305
7 0.4215561224489796 0.18389830508474575 0.0352891156462585 0.03983050847457627
185 0.2225765306122449 0.35889830508474574 0.03358843537414966 0.0423728813559322
58 0.35119047619047616 0.3591101694915254 0.04251700680272109 0.03347457627118644
22 0.3979591836734694 0.13029661016949154 0.02976190476190476 0.041101694915254235
76 0.21683673469387754 0.251271186440678 0.03486394557823129 0.06016949152542373
119 0.5019132653061225 0.4608050847457627 0.04549319727891157 0.034322033898305085
118 0.36394557823129253 0.7008474576271186 0.03826530612244898 0.038135593220338986
185 0.20854591836734693 0.7063559322033899 0.03358843537414966 0.03474576271186441
22 0.31505102040816324 0.3610169491525424 0.02976190476190476 0.03983050847457627
58 0.17772108843537415 0.41991525423728815 0.050170068027210885 0.0423728813559322
13 0.24681122448979592 0.7705508474576271 0.039540816326530615 0.03516949152542373
118 0.7272534013605442 0.5610169491525424 0.042091836734693876 0.044915254237288135
99 0.28869047619047616 0.3625 0.03231292517006803 0.042796610169491524
22 0.37202380952380953 0.3076271186440678 0.0467687074829932 0.043220338983050846
32 0.5533588435374149 0.513771186440678 0.0429421768707483 0.03940677966101695
118 0.34375 0.07563559322033898 0.036989795918367346 0.03771186440677966
22 0.5444302721088435 0.46377118644067794 0.04634353741496599 0.03855932203389831
22 0.5191326530612245 0.5163135593220339 0.031462585034013606 0.034322033898305085
149 0.34438775510204084 0.19258474576271187 0.03486394557823129 0.03771186440677966
118 0.28061224489795916 0.07733050847457627 0.03486394557823129 0.03686440677966102
211 0.2534013605442177 0.4163135593220339 0.021258503401360544 0.03940677966101695
58 0.24404761904761904 0.5345338983050848 0.05272108843537415 0.026694915254237287
224 0.1838860544217687 0.5396186440677966 0.03018707482993197 0.032627118644067796
22 0.24766156462585034 0.2548728813559322 0.026785714285714284 0.032627118644067796
118 0.4955357142857143 0.13326271186440677 0.0352891156462585 0.04025423728813559
185 0.2803996598639456 0.41800847457627116 0.0429421768707483 0.03855932203389831
22 0.18431122448979592 0.7063559322033899 0.02423469387755102 0.03898305084745763
149 0.226828231292517 0.3059322033898305 0.04039115646258504 0.036440677966101696
185 0.48767006802721086 0.5135593220338983 0.0391156462585034 0.03220338983050847
106 0.21343537414965985 0.6586864406779661 0.039965986394557826 0.03347457627118644
22 0.38499149659863946 0.7603813559322034 0.02848639455782313 0.03686440677966102
200 0.6953656462585034 0.5608050847457627 0.026785714285714284 0.03347457627118644
99 0.24085884353741496 0.14004237288135593 0.025935374149659865 0.03855932203389831
8 0.38711734693877553 0.3561440677966102 0.027636054421768707 0.04194915254237288
44 0.7351190476190477 0.6235169491525424 0.0467687074829932 0.034322033898305085
119 0.32716836734693877 0.30635593220338986 0.03784013605442177 0.038135593220338986
32 0.27508503401360546 0.7050847457627119 0.04336734693877551 0.03474576271186441
22 0.14200680272108843 0.19745762711864406 0.034013605442176874 0.036440677966101696
99 0.27168367346938777 0.2593220338983051 0.023809523809523808 0.044915254237288135
7 0.25956632653061223 0.47584745762711866 0.03869047619047619 0.03305084745762712
44 0.2457482993197279 0.07987288135593221 0.0391156462585034 0.03940677966101695
44 0.45110544217687076 0.5186440677966102 0.04081632653061224 0.03559322033898305
7 0.1962159863945578 0.19533898305084746 0.036139455782312924 0.036440677966101696
7 0.41135204081632654 0.3516949152542373 0.03273809523809524 0.0423728813559322
44 0.3171768707482993 0.4141949152542373 0.0467687074829932 0.036016949152542374
200 0.5914115646258503 0.2375 0.027210884353741496 0.03516949152542373
149 0.27125850340136054 0.19682203389830508 0.045068027210884355 0.03855932203389831
32 0.5907738095238095 0.18072033898305084 0.03443877551020408 0.036016949152542374
58 0.3284438775510204 0.5745762711864407 0.04379251700680272 0.03983050847457627
211 0.6677295918367347 0.5635593220338984 0.0233843537414966 0.038135593220338986
211 0.39880952380952384 0.526906779661017 0.01870748299319728 0.03686440677966102
