149 0.6838170624450308 0.0781197724991636 0.10817941952506596 0.035797925727668115
160 0.7515391380826737 0.31047172967547676 0.11169744942832015 0.03747072599531616
16 0.781882145998241 0.08163265306122448 0.08970976253298153 0.035463365674138506
224 0.5787159190853123 0.2721646035463366 0.08795074758135445 0.031114084978253596
160 0.7005277044854882 0.2301773168283707 0.09410729991204925 0.03211776513884242
22 0.6675461741424802 0.38524590163934425 0.079155672823219 0.02977584476413516
211 0.6873350923482849 0.42271662763466045 0.051890941072999124 0.03445968551354968
200 0.6600703605980651 0.4989963198394112 0.0870712401055409 0.03312144529943125
160 0.6429199648197009 0.45851455336232855 0.08619173262972735 0.0351288056206089
211 0.7295514511873351 0.49815991970558715 0.06244503078276165 0.03412512546002008
224 0.8139841688654353 0.19371027099364335 0.055408970976253295 0.031448645031783205
32 0.7937554969217239 0.2298427567748411 0.1011433597185576 0.03345600535296086
149 0.702726473175022 0.5366343258614922 0.1284080914687775 0.03412512546002008
118 0.6037818821459983 0.23084643693542992 0.12576956904133685 0.036132485781197723
224 0.19656992084432717 0.4412847106055537 0.07651715039577836 0.03211776513884242
200 0.6631486367634125 0.30946804951488793 0.079155672823219 0.03011040481766477
13 0.7352682497801232 0.4605219136835062 0.10554089709762533 0.03646704583472733
224 0.6596306068601583 0.15523586483773838 0.06684256816182937 0.03278688524590164
7 0.6754617414248021 0.19069923051187687 0.08091468777484609 0.03479424556707929
211 0.8144239226033422 0.46186015389762464 0.047493403693931395 0.03445968551354968
7 0.5532102022867195 0.4595182335229174 0.09850483729111698 0.038474406155904986
22 0.6266490765171504 0.42338574774171966 0.07651715039577836 0.031114084978253596
119 0.5993843447669305 0.19304115088658413 0.10817941952506596 0.03412512546002008
13 0.5474934036939314 0.42355302776848447 0.10993843447669305 0.03345600535296086
22 0.8161829375549692 0.15657410505185682 0.040457343887423045 0.03345600535296086
32 0.5703605980650835 0.3862495817999331 0.11345646437994723 0.0351288056206089
211 0.7572559366754618 0.12094345935095349 0.056288478452066845 0.031114084978253596
32 0.7607739665787159 0.3867514218802275 0.11081794195250659 0.03278688524590164
99 0.5980650835532102 0.077785212445634 0.06508355321020229 0.03445968551354968
58 0.6785400175901495 0.271830043492807 0.1363236587510994 0.03245232519237203
118 0.575197889182058 0.3482770157243225 0.09850483729111698 0.03947808631649381
224 0.7748460861917327 0.34961525593844095 0.11609498680738786 0.03345600535296086
99 0.6904133685136323 0.11860153897624624 0.06508355321020229 0.03044496487119438
185 0.5817941952506597 0.3076279692204751 0.1169744942832014 0.03445968551354968
22 0.7788038698328936 0.27116092338574777 0.07299912049252419 0.03245232519237203
200 0.6750219876868954 0.34928069588491134 0.09586631486367635 0.03412512546002008
176 0.7700087950747582 0.4237203077952493 0.10993843447669305 0.039143526262964204
149 0.7994722955145118 0.49732351957176313 0.08267370272647317 0.03379056540649047
22 0.12576956904133685 0.4407828705252593 0.06508355321020229 0.031114084978253596
176 0.7352682497801232 0.1560722649715624 0.11081794195250659 0.035797925727668115
118 0.5756376429199648 0.5374707259953162 0.1363236587510994 0.0351288056206089
6 0.8126649076517151 0.11943793911007025 0.052770448548812667 0.030779524924723987
106 0.5562884784520669 0.49782535965205754 0.12225153913808268 0.03747072599531616
200 0.7506596306068601 0.19387755102040816 0.0712401055408971 0.029106724657075946
8 0.6011433597185576 0.11893609902977584 0.08003518029903255 0.035797925727668115
22 0.5910290237467019 0.15707594513215123 0.0773966578715919 0.03646704583472733
