200 0.20528109028960817 0.500199203187251 0.05167518455423055 0.0450199203187251
106 0.5996592844974447 0.31593625498007966 0.07722884724588303 0.0350597609561753
44 0.19988642816581487 0.3557768924302789 0.08290743895513912 0.027091633466135457
13 0.456274843838728 0.5884462151394423 0.05735377626348666 0.04143426294820717
6 0.7149346961953436 0.5681274900398406 0.04656445201590006 0.034262948207171316
8 0.5459965928449745 0.5906374501992032 0.044860874503123226 0.049800796812749
13 0.22657580919931858 0.18824701195219123 0.03747870528109029 0.030677290836653385
22 0.2825099375354912 0.5452191235059761 0.04599659284497445 0.042629482071713146
7 0.44321408290743897 0.40577689243027887 0.04258943781942078 0.041035856573705176
7 0.20329358319136853 0.7239043824701196 0.06132879045996593 0.035856573705179286
22 0.454855195911414 0.3541832669322709 0.04770017035775128 0.03745019920318725
13 0.47643384440658715 0.6840637450199203 0.03861442362294151 0.03824701195219123
200 0.4687677455990914 0.18764940239043826 0.04258943781942078 0.031075697211155377
22 0.1686541737649063 0.5420318725099602 0.04202157864849517 0.04183266932270916
149 0.5993753549119818 0.4043824701195219 0.039182282793867124 0.02948207171314741
118 0.5769449176604202 0.4904382470119522 0.05224304372515616 0.04143426294820717
211 0.38642816581487793 0.4535856573705179 0.02555366269165247 0.05298804780876494
118 0.8327654741624078 0.5561752988047809 0.0380465644520159 0.04063745019920319
106 0.5499716070414538 0.6828685258964143 0.05735377626348666 0.04063745019920319
106 0.23821692220329357 0.3151394422310757 0.05167518455423055 0.0398406374501992
7 0.38103350369108463 0.1854581673306773 0.034071550255536626 0.03227091633466136
119 0.2524134014764338 0.39820717131474104 0.044860874503123226 0.03864541832669323
110 0.5386144236229415 0.3587649402390438 0.06076093128904032 0.0402390438247012
200 0.3233957978421351 0.6362549800796813 0.043725156161272004 0.04143426294820717
160 0.5096536059057354 0.18306772908366534 0.049403747870528106 0.034661354581673305
224 0.6445201590005678 0.39741035856573703 0.04997160704145372 0.03386454183266932
7 0.40005678591709254 0.3155378486055777 0.04713231118682567 0.046215139442231074
200 0.2938671209540034 0.398406374501992 0.04599659284497445 0.03745019920318725
22 0.5928449744463373 0.5870517928286852 0.04088586030664395 0.042629482071713146
22 0.412549687677456 0.35597609561752985 0.04145371947756956 0.03545816733067729
200 0.49772856331629756 0.7270916334661355 0.04599659284497445 0.04302788844621514
58 0.41396933560477 0.500199203187251 0.08631459398069279 0.034661354581673305
224 0.44349801249290177 0.6816733067729084 0.029528676888131742 0.04223107569721116
224 0.35718341851220897 0.44800796812749005 0.03520726859738785 0.030677290836653385
118 0.7169222032935831 0.3137450199203187 0.044860874503123226 0.03227091633466136
22 0.28506530380465644 0.2256972111553785 0.039750141964792735 0.034661354581673305
200 0.533503691084611 0.4956175298804781 0.04031800113571834 0.023107569721115537
22 0.4128336172629188 0.22788844621513943 0.04997160704145372 0.03745019920318725
99 0.2010221465076661 0.5448207171314741 0.03861442362294151 0.04342629482071713
106 0.4852356615559341 0.500996015936255 0.06643952299829642 0.037848605577689244
7 0.4287336740488359 0.5394422310756972 0.059057353776263484 0.03824701195219123
200 0.2992617830777967 0.447808764940239 0.03634298693923907 0.027888446215139442
7 0.5093696763202725 0.6840637450199203 0.029528676888131742 0.04063745019920319
22 0.4043157296990346 0.6737051792828685 0.0488358886996025 0.0350597609561753
200 0.42674616695059625 0.6370517928286853 0.04713231118682567 0.04701195219123506
200 0.3228279386712095 0.6806772908366534 0.0380465644520159 0.044223107569721115
13 0.2717206132879046 0.35737051792828683 0.059625212947189095 0.03346613545816733
200 0.17632027257240204 0.5896414342629482 0.03577512776831346 0.04701195219123506
211 0.3197047132311187 0.45079681274900396 0.030664395229982964 0.04183266932270916
13 0.7651902328222601 0.31772908366533864 0.044860874503123226 0.036254980079681275
119 0.30465644520159 0.49760956175298804 0.06303236797274275 0.03266932270916335
118 0.49148211243611584 0.40856573705179283 0.06757524134014764 0.04342629482071713
7 0.16780238500851788 0.22310756972111553 0.04826802952867689 0.0350597609561753
22 0.2680295286768881 0.18705179282868525 0.044293015332197615 0.02908366533864542
185 0.37052810902896083 0.35717131474103586 0.05053946621237933 0.03545816733067729
118 0.22600795002839297 0.5960159362549801 0.06132879045996593 0.04063745019920319
22 0.21493469619534356 0.3956175298804781 0.05394662123793299 0.04063745019920319
58 0.4696195343554798 0.3143426294820717 0.10221465076660988 0.04143426294820717
32 0.43214082907438955 0.18844621513944224 0.04770017035775128 0.031075697211155377
7 0.25354911981828504 0.4448207171314741 0.04713231118682567 0.044223107569721115
119 0.29045996592844975 0.3137450199203187 0.056218057921635436 0.042629482071713146
32 0.21493469619534356 0.6412350597609562 0.06076093128904032 0.045816733067729085
211 0.3427030096536059 0.7247011952191235 0.034639409426462237 0.03824701195219123
118 0.326519023282226 0.5442231075697211 0.04997160704145372 0.03745019920318725
7 0.32481544576944915 0.3545816733067729 0.04997160704145372 0.034262948207171316
118 0.34099943214082906 0.39681274900398406 0.059625212947189095 0.04302788844621514
22 0.8057921635434412 0.3187250996015936 0.03520726859738785 0.03745019920318725
118 0.2021578648495173 0.44661354581673307 0.06246450880181715 0.04780876494023904
211 0.16013628620102216 0.4952191235059761 0.04656445201590006 0.03187250996015936
160 0.4741624077228847 0.6370517928286853 0.05792163543441227 0.04860557768924303
7 0.5445769449176604 0.3141434262948207 0.05224304372515616 0.03864541832669323
224 0.5479840999432141 0.7294820717131474 0.06132879045996593 0.04780876494023904
118 0.18086314593980693 0.18784860557768923 0.044860874503123226 0.030677290836653385
185 0.5312322544009086 0.6372509960159363 0.07666098807495741 0.050597609561752986
200 0.2773992049971607 0.5932270916334661 0.043725156161272004 0.03745019920318725
7 0.4611016467915957 0.2256972111553785 0.04997160704145372 0.03864541832669323
160 0.3489494605337876 0.5 0.05394662123793299 0.0398406374501992
224 0.3191368540601931 0.5920318725099601 0.04997160704145372 0.03824701195219123
224 0.18824531516183987 0.3151394422310757 0.04599659284497445 0.031075697211155377
7 0.23821692220329357 0.3151394422310757 0.05167518455423055 0.0398406374501992
13 0.30096536059057355 0.7229083665338646 0.04202157864849517 0.04342629482071713
185 0.6226575809199318 0.4904382470119522 0.05394662123793299 0.04143426294820717
13 0.24304372515616127 0.22430278884462151 0.0488358886996025 0.0350597609561753
7 0.6624077228847246 0.31693227091633464 0.055082339579784215 0.033067729083665336
13 0.44321408290743897 0.7254980079681275 0.06757524134014764 0.04302788844621514
211 0.4994321408290744 0.2294820717131474 0.030096536059057353 0.04541832669322709
22 0.6672345258375922 0.5727091633466136 0.05110732538330494 0.037848605577689244
7 0.2441794434980125 0.6832669322709163 0.0488358886996025 0.035856573705179286
119 0.34582623509369675 0.3141434262948207 0.05792163543441227 0.04900398406374502
6 0.16524701873935263 0.3934262948207171 0.04656445201590006 0.03545816733067729
99 0.1848381601362862 0.6836653386454183 0.04599659284497445 0.03346613545816733
200 0.5542305508233958 0.4065737051792829 0.05792163543441227 0.03545816733067729
99 0.7549687677455991 0.5649402390438247 0.033503691084611015 0.030278884462151396
211 0.49829642248722317 0.5908366533864542 0.03577512776831346 0.03904382470119522
99 0.4994321408290744 0.3599601593625498 0.03236797274275979 0.04900398406374502
118 0.5360590573537762 0.22629482071713147 0.04656445201590006 0.04223107569721116
99 0.2501419647927314 0.7290836653386454 0.055082339579784215 0.04780876494023904
22 0.36655309483248155 0.5906374501992032 0.044860874503123226 0.045816733067729085
224 0.37223168654173766 0.6358565737051792 0.05167518455423055 0.04223107569721116
99 0.6260647359454855 0.5762948207171315 0.03577512776831346 0.042629482071713146
7 0.5775127768313458 0.3591633466135458 0.05110732538330494 0.04183266932270916
224 0.3850085178875639 0.7256972111553784 0.04770017035775128 0.042629482071713146
44 0.6964792731402613 0.39900398406374504 0.04145371947756956 0.033067729083665336
224 0.3628620102214651 0.6786852589641434 0.04315729699034639 0.03705179282868526
224 0.412549687677456 0.5888446215139442 0.04258943781942078 0.04462151394422311
160 0.2552526973310619 0.499601593625498 0.04713231118682567 0.0398406374501992
224 0.835320840431573 0.31892430278884465 0.034071550255536626 0.033067729083665336
211 0.20300965360590573 0.22788844621513943 0.031232254400908575 0.04462151394422311
118 0.28563316297558206 0.6752988047808764 0.03520726859738785 0.0398406374501992
200 0.24247586598523566 0.5432270916334662 0.03861442362294151 0.03545816733067729
13 0.38188529244747305 0.5394422310756972 0.055082339579784215 0.0398406374501992
6 0.36740488358886997 0.22589641434262947 0.044293015332197615 0.04063745019920319
22 0.67206132879046 0.48685258964143424 0.055082339579784215 0.04541832669322709
22 0.272572402044293 0.6344621513944223 0.05792163543441227 0.04183266932270916
200 0.7935831913685406 0.5551792828685259 0.04145371947756956 0.03386454183266932
13 0.39182282793867124 0.4 0.054514480408858604 0.04223107569721116
