76 0.8370221327967807 0.3976073187895848 0.1488933601609658 0.09148486980999296
32 0.5110663983903421 0.6738212526389866 0.08450704225352113 0.048557353976073185
110 0.5970824949698189 0.6129486277269528 0.14587525150905434 0.07881773399014778
211 0.46830985915492956 0.5045742434904996 0.05533199195171026 0.1055594651653765
200 0.7665995975855131 0.7339901477832512 0.10462776659959759 0.09711470795214637
99 0.641851106639839 0.39655172413793105 0.07847082494969819 0.11189303307529909
118 0.22334004024144868 0.38106966924700914 0.1448692152917505 0.08374384236453201
7 0.3782696177062374 0.7357494722026742 0.12877263581488935 0.10626319493314568
106 0.71579476861167 0.1505981703026038 0.16800804828973842 0.11118930330752991
7 0.7248490945674044 0.3852920478536242 0.10362173038229376 0.09781843771991555
22 0.5870221327967807 0.6713581984517946 0.043259557344064385 0.0422237860661506
176 0.5020120724346077 0.7389162561576355 0.10865191146881288 0.10696692470091484
16 0.232897384305835 0.5014074595355383 0.12977867203219315 0.0964109781843772
7 0.5422535211267606 0.1505981703026038 0.16700201207243462 0.11118930330752991
160 0.7505030181086519 0.5133708655876144 0.10261569416498995 0.09500351864883885
224 0.6504024144869215 0.5091484869809993 0.11569416498993963 0.0964109781843772
8 0.5779678068410463 0.2730471498944405 0.09557344064386318 0.10978184377199156
22 0.4783702213279678 0.26108374384236455 0.1056338028169014 0.09852216748768473
7 0.5503018108651911 0.38494018296973964 0.1227364185110664 0.09852216748768473
7 0.6121730382293763 0.7396199859254047 0.12977867203219315 0.09992962702322308
22 0.4768611670020121 0.6125967628430683 0.08249496981891348 0.06826178747361013
106 0.39889336016096577 0.378606615059817 0.1981891348088531 0.09007741027445461
185 0.35563380281690143 0.49859254046446166 0.1720321931589537 0.10626319493314568
200 0.6800804828973843 0.2755102040816326 0.11066398390342053 0.0964109781843772
160 0.7977867203219315 0.2790288529204785 0.14084507042253522 0.12174524982406756
200 0.5462776659959758 0.5056298381421535 0.11468812877263582 0.10626319493314568
