118 0.1461162411732754 0.44131161236424393 0.060836501901140684 0.05137844611528822
58 0.5043454644215101 0.3705096073517126 0.0755024443237371 0.03592314118629908
99 0.39299293862031504 0.8026315789473685 0.04617055947854427 0.04720133667502088
99 0.1670287887017925 0.38283208020050125 0.04617055947854427 0.049707602339181284
224 0.791689299293862 0.3230994152046784 0.07441607821835959 0.05137844611528822
160 0.4459532862574688 0.38283208020050125 0.052145573058120585 0.054720133667502086
99 0.2737642585551331 0.6299081035923141 0.05866376969038566 0.06599832915622389
13 0.2906029331884845 0.8022138680033417 0.05866376969038566 0.04051796157059315
149 0.23112438891906573 0.8011695906432749 0.06898424769147203 0.04427736006683375
200 0.1338946224877784 0.3253968253968254 0.051602390005431834 0.03508771929824561
118 0.14693101575230852 0.18170426065162906 0.06246605105920695 0.042606516290726815
7 0.7813688212927756 0.379281537176274 0.06137968495382944 0.045112781954887216
99 0.7914177077675176 0.2548036758563074 0.04888647474198805 0.05680868838763575
160 0.14149918522542096 0.6831662489557226 0.043997827267789245 0.04887218045112782
211 0.8207495926127105 0.38283208020050125 0.028245518739815317 0.049707602339181284
160 0.28028245518739814 0.5653717627401837 0.06735469853340575 0.06558061821219716
149 0.815317762085823 0.18358395989974938 0.051059206952743075 0.046365914786967416
200 0.23058120586637698 0.560359231411863 0.050516023900054316 0.041353383458646614
224 0.17816404128191202 0.8053467000835421 0.049972840847365564 0.04427736006683375
211 0.24035850081477458 0.6198830409356725 0.03204780010863661 0.05012531328320802
211 0.16892992938620316 0.32393483709273185 0.026072786529060293 0.035505430242272346
118 0.6175991309071157 0.3686299081035923 0.057577403585008145 0.043859649122807015
44 0.22596414991852254 0.743734335839599 0.08147745790331341 0.04553049289891395
118 0.30010863661053777 0.7418546365914787 0.08093427485062465 0.050960735171261484
160 0.11868549701249322 0.5593149540517962 0.049429657794676805 0.05012531328320802
224 0.3378598587724063 0.5574352548036758 0.054318305268875614 0.043859649122807015
13 0.17870722433460076 0.5572263993316625 0.061922868006518195 0.03508771929824561
118 0.1461162411732754 0.6148705096073517 0.054318305268875614 0.04344193817878028
44 0.3356871265616513 0.6173767752715121 0.06518196632265073 0.04344193817878028
58 0.3804997284084737 0.37489557226399334 0.09071156979902227 0.04553049289891395
13 0.18766974470396525 0.4993734335839599 0.07115697990222705 0.04553049289891395
224 0.9193373166757197 0.379281537176274 0.04617055947854427 0.04845446950710108
7 0.1990765888104291 0.6146616541353384 0.05594785442694188 0.04553049289891395
32 0.12737642585551331 0.38492063492063494 0.04073872895165671 0.04803675856307435
44 0.566811515480717 0.37009189640768586 0.06789788158609451 0.03592314118629908
44 0.14258555133079848 0.24039264828738513 0.06137968495382944 0.043859649122807015
7 0.8661053775122216 0.379281537176274 0.059206952743074415 0.050960735171261484
224 0.19961977186311788 0.6879699248120301 0.050516023900054316 0.04594820384294068
224 0.1360673546985334 0.8059732664995823 0.039652362846279196 0.04302422723475355
7 0.4464964693101575 0.7967836257309941 0.06626833242802825 0.043859649122807015
149 0.34464964693101574 0.8015873015873016 0.052688756110809344 0.04678362573099415
7 0.3101575230852797 0.37656641604010027 0.051059206952743075 0.046365914786967416
211 0.23546985334057577 0.4993734335839599 0.034220532319391636 0.049707602339181284
149 0.1499185225420967 0.745405179615706 0.0706137968495383 0.046365914786967416
200 0.20912547528517111 0.3836675020885547 0.044541010320478004 0.03884711779448621
224 0.25964149918522544 0.37969924812030076 0.06518196632265073 0.04427736006683375
22 0.1632265073329712 0.8734335839598998 0.066811515480717 0.04177109440267335
224 0.13145029875067898 0.49916457811194653 0.046713742531233025 0.04427736006683375
