224 0.4818949909474955 0.7836058128973661 0.06940253470126735 0.05858310626702997
185 0.33584791792395896 0.9430063578564941 0.06216053108026554 0.057674841053587646
118 0.19855159927579963 0.388283378746594 0.0627640313820157 0.05812897366030881
7 0.8138201569100785 0.3860127157129882 0.07543753771876886 0.05812897366030881
22 0.3611949305974653 0.7836058128973661 0.058539529269764634 0.05404178019981835
149 0.692214846107423 0.8930517711171662 0.07242003621001811 0.0522252497729337
32 0.7124321062160531 0.6430517711171662 0.07423053711526856 0.0653950953678474
119 0.4016294508147254 0.3773841961852861 0.08026554013277007 0.06267029972752043
118 0.7157513578756789 0.4782016348773842 0.07724803862401931 0.07084468664850137
22 0.8059746529873265 0.4738873751135331 0.07664453832226917 0.06948228882833787
119 0.9333132166566084 0.38419618528610355 0.05974652987326494 0.06721162579473206
7 0.771876885938443 0.6516802906448683 0.0700060350030175 0.0653950953678474
200 0.41852745926372964 0.784741144414169 0.06216053108026554 0.05994550408719346
22 0.3292094146047073 0.388283378746594 0.06095353047676524 0.06085376930063579
7 0.6955340977670489 0.3857856494096276 0.05612552806276403 0.06130790190735695
7 0.7643331321665661 0.8860127157129882 0.08147254073627037 0.04450499545867393
13 0.40072420036210016 0.6469118982742961 0.05793602896801448 0.04495912806539509
149 0.2776101388050694 0.31607629427792916 0.09535304767652383 0.06721162579473206
200 0.7471333735666867 0.837874659400545 0.0748340374170187 0.05722070844686648
185 0.35697042848521426 0.21889191643960038 0.1019915509957755 0.07175295186194369
211 0.2311406155703078 0.48387829246139874 0.02896801448400724 0.06403269754768393
160 0.33826191913095954 0.7148047229791099 0.06095353047676524 0.05812897366030881
99 0.4915509957754979 0.5544959128065395 0.051297525648762825 0.05267938237965486
13 0.15419432709716355 0.14554950045413262 0.08388654194327097 0.04495912806539509
211 0.8708509354254678 0.46662125340599453 0.053108026554013275 0.08583106267029973
149 0.7208811104405553 0.5631244323342416 0.08267954133977067 0.07266121707538602
7 0.18497284248642124 0.4841053587647593 0.05491852745926373 0.05086285195277021
7 0.624019312009656 0.30767484105358767 0.10983705491852747 0.05858310626702997
224 0.6041038020519011 0.47524977293369663 0.0700060350030175 0.05495004541326067
118 0.6894990947495474 0.8458219800181653 0.05250452625226312 0.05495004541326067
7 0.18406759203379602 0.22048138056312444 0.09414604707302354 0.06494096276112625
200 0.359987929993965 0.6460036330608537 0.04888352444176222 0.039509536784741145
118 0.2628243814121907 0.21934604904632152 0.09354254677127338 0.07538601271571299
211 0.6544960772480386 0.4757039055404178 0.03922751961375981 0.07584014532243415
110 0.2987326493663247 0.1360127157129882 0.07966203983101991 0.0631244323342416
22 0.5588412794206397 0.3776112624886467 0.0712130356065178 0.06130790190735695
22 0.2788171394085697 0.3966848319709355 0.10380205190102595 0.0740236148955495
13 0.38774894387447195 0.7166212534059946 0.057332528666264336 0.05086285195277021
200 0.19945684972842487 0.319936421435059 0.07423053711526856 0.0631244323342416
211 0.8213639106819554 0.7783832879200726 0.03862401931200966 0.06448683015440508
118 0.6315630657815329 0.8966848319709355 0.06216053108026554 0.047683923705722074
200 0.3035606517803259 0.8621707538601272 0.08207604103802052 0.05040871934604905
106 0.2848521424260712 0.47910990009082655 0.09535304767652383 0.055404178019981834
118 0.13548581774290888 0.3212988192552225 0.06940253470126735 0.0631244323342416
211 0.35697042848521426 0.857402361489555 0.03922751961375981 0.07084468664850137
176 0.4266747133373567 0.8648955495004541 0.08086904043452021 0.055858310626702996
22 0.8741701870850935 0.6453224341507721 0.07785153892576946 0.06993642143505904
119 0.7015691007845504 0.7788374205267938 0.07543753771876886 0.06267029972752043
22 0.5452625226312613 0.5544959128065395 0.058539529269764634 0.05449591280653951
119 0.3581774290887145 0.4732061762034514 0.07060953530476766 0.07084468664850137
32 0.23445986722993362 0.7150317892824705 0.06578153289076645 0.05313351498637602
211 0.8777911888955945 0.5624432334241598 0.045262522631261314 0.0667574931880109
106 0.47254073627036813 0.3737511353315168 0.0700060350030175 0.06357856494096276
13 0.5380205190102595 0.30517711171662126 0.06578153289076645 0.06357856494096276
200 0.5274592637296318 0.476158038147139 0.07604103802051901 0.05858310626702997
200 0.4372359686179843 0.7107175295186194 0.04888352444176222 0.05449591280653951
211 0.8165359082679541 0.6387375113533151 0.03741701870850935 0.08492279745685741
16 0.11587205793602896 0.22752043596730245 0.09897404948702475 0.06267029972752043
13 0.635787567893784 0.39396003633060855 0.08630054315027158 0.06494096276112625
211 0.7383826191913095 0.38396911898274294 0.04043452021726011 0.07947320617620345
119 0.8799034399517199 0.38283378746594005 0.06397103198551599 0.05903723887375113
22 0.5503922751961376 0.9384650317892824 0.07845503922751962 0.04495912806539509
118 0.49939649969824984 0.7113987284287012 0.07543753771876886 0.06494096276112625
160 0.6369945684972842 0.6235240690281563 0.07423053711526856 0.055404178019981834
32 0.7697646348823174 0.7788374205267938 0.07302353651176825 0.06630336058128973
7 0.6255280627640314 0.7801998183469573 0.08750754375377187 0.05722070844686648
22 0.6372963186481593 0.8499091734786558 0.06397103198551599 0.0522252497729337
119 0.29299939649969825 0.7876930063578564 0.07785153892576946 0.05858310626702997
160 0.2248038624019312 0.7872388737511353 0.06095353047676524 0.055858310626702996
7 0.5820760410380205 0.6205722070844687 0.051297525648762825 0.04586739327883742
22 0.4127942063971032 0.4757039055404178 0.05914302957151479 0.05040871934604905
168 0.627942063971032 0.5526793823796549 0.1007845503922752 0.08356039963669391
200 0.39529269764634883 0.9418710263396912 0.053108026554013275 0.05994550408719346
185 0.4888352444176222 0.648047229791099 0.0675920337960169 0.05267938237965486
32 0.9269764634882317 0.47910990009082655 0.0748340374170187 0.07175295186194369
211 0.10350030175015087 0.14623069936421434 0.030778515389257695 0.04450499545867393
76 0.8114061557030778 0.5626702997275205 0.08871454435727218 0.09355131698455948
7 0.46710923355461675 0.31221616712079925 0.08931804465902234 0.0703905540417802
58 0.5552202776101388 0.8630790190735694 0.08086904043452021 0.0522252497729337
99 0.44146047073023537 0.22297910990009082 0.06940253470126735 0.06902815622161672
7 0.21967410983705493 0.13192552225249773 0.08086904043452021 0.0667574931880109
211 0.4716354858177429 0.48047229791099 0.0356065178032589 0.06721162579473206
119 0.29450814725407365 0.7145776566757494 0.05793602896801448 0.05858310626702997
211 0.4426674713337357 0.6469118982742961 0.02595051297525649 0.04495912806539509
106 0.3023536511768256 0.6521344232515894 0.05793602896801448 0.049954586739327886
58 0.3747736873868437 0.31380563124432337 0.10018105009052504 0.06630336058128973
200 0.4894387447193724 0.8655767484105359 0.06517803258901629 0.05267938237965486
