119 0.6348674628604719 0.25901328273244784 0.022429362073987765 0.031625553447185324
224 0.8508593067288086 0.6559139784946236 0.024468394989804836 0.03289057558507274
149 0.5517040489367899 0.6053130929791272 0.03087678415380134 0.04364326375711575
211 0.7285173317797844 0.5336812144212524 0.01864258665889892 0.036369386464263125
149 0.4312554616953102 0.6372549019607843 0.03233323623652782 0.03225806451612903
106 0.7168657151179726 0.41018342820999365 0.040780658316341395 0.031625553447185324
211 0.6101077774541218 0.14832384566729917 0.0200990387416254 0.030360531309297913
118 0.7280803961549664 0.6092662871600253 0.031750655403437224 0.03573687539531942
13 0.058549373725604426 0.6198608475648324 0.02621613748907661 0.029728020240354206
118 0.7749781532187591 0.6514864010120177 0.02942033207107486 0.03795066413662239
58 0.2889600932129333 0.3328589500316256 0.033207107486163706 0.02624920936116382
58 0.6696766676376347 0.6092662871600253 0.041363239149431984 0.03700189753320683
99 0.6587532770171861 0.41255534471853256 0.01951645790853481 0.033839342188488296
7 0.772502184678124 0.5347881087919039 0.023303233323623652 0.031625553447185324
13 0.1817652199242645 0.44750158127767237 0.02621613748907661 0.028462998102466792
58 0.9593649868919313 0.5456989247311828 0.02883775123798427 0.03510436432637571
106 0.6376347218176522 0.49493991144845034 0.03262452665307312 0.02530044275774826
143 0.4034372269152345 0.44797596457938016 0.03437226915234489 0.03573687539531942
13 0.8119720361200117 0.6136938646426312 0.031750655403437224 0.033839342188488296
211 0.6639965045150015 0.06989247311827956 0.014855811243810078 0.03478810879190386
200 0.6188464899504806 0.29411764705882354 0.021846781240897173 0.031625553447185324
22 0.722108942615788 0.1413662239089184 0.025050975822895425 0.03099304237824162
22 0.43373143023594524 0.5638836179633143 0.02738129915525779 0.03225806451612903
200 0.6061753568307603 0.6042061986084757 0.025633556655986017 0.033839342188488296
7 0.4230993300320419 0.48513598987982287 0.022429362073987765 0.029728020240354206
200 0.7183221672006991 0.29554079696394686 0.024468394989804836 0.028779253636938645
160 0.5489367899796097 0.5634092346616065 0.02883775123798427 0.024984187223276406
149 0.03204194581998252 0.6173308032890575 0.03204194581998252 0.0392156862745098
118 0.314302359452374 0.3325426944971537 0.023885814156714244 0.028146742567994938
224 0.6921060297116225 0.18153067678684376 0.02621613748907661 0.03289057558507274
224 0.28313428488202735 0.633459835547122 0.023885814156714244 0.03225806451612903
44 0.7312845907369647 0.10800126502213789 0.027090008738712496 0.024984187223276406
44 0.6849694145062627 0.40955091714104996 0.035828721235071366 0.026565464895635674
149 0.18744538304689776 0.4054395951929159 0.02767258957180309 0.0290955091714105
22 0.48499854354791727 0.635831752055661 0.025050975822895425 0.036369386464263125
99 0.5273812991552578 0.6019924098671727 0.020681619574715992 0.03700189753320683
22 0.6980774832508011 0.607685009487666 0.027090008738712496 0.03510436432637571
200 0.7506554034372269 0.1840607210626186 0.024468394989804836 0.031625553447185324
211 0.4522283716865715 0.5235610373181531 0.014273230410719488 0.033839342188488296
58 0.6858432857558986 0.14342188488298546 0.04631517623070201 0.026881720430107527
13 0.7168657151179726 0.5725806451612904 0.027963879988348383 0.028146742567994938
22 0.6552577920186425 0.14879822896900696 0.02359452374016895 0.026881720430107527
13 0.9509175648121176 0.6200189753320683 0.03699388290125255 0.03573687539531942
32 0.6440431109816487 0.18311195445920303 0.023885814156714244 0.028462998102466792
200 0.34051849694145064 0.32985452245414293 0.028546460821438975 0.027830487033523088
7 0.8869793183804253 0.6157495256166983 0.025633556655986017 0.036685641998734975
44 0.7261870084474221 0.2560088551549652 0.03495484998543548 0.026881720430107527
200 0.6937081270026216 0.568785578747628 0.02825517040489368 0.027514231499051234
106 0.6045732595397612 0.5319418089816572 0.030002912904165454 0.027830487033523088
149 0.6580250509758229 0.3309614168247944 0.026798718322167202 0.02624920936116382
110 0.6495776288960093 0.3687539531941809 0.02621613748907661 0.03289057558507274
119 0.4178561025342266 0.6005692599620494 0.02942033207107486 0.03415559772296015
160 0.4631517623070201 0.4465528146742568 0.025050975822895425 0.031625553447185324
149 0.8673172152636178 0.5390575585072739 0.02767258957180309 0.03257432005060089
119 0.4469851441887562 0.6019924098671727 0.02883775123798427 0.034471853257432
13 0.8946985144188756 0.543010752688172 0.02942033207107486 0.03099304237824162
200 0.5288377512379843 0.5660974067046173 0.02359452374016895 0.0290955091714105
6 0.17244392659481503 0.5959835547122074 0.02738129915525779 0.034471853257432
22 0.7516749198951355 0.33206831119544594 0.022429362073987765 0.03225806451612903
13 0.5062627439557239 0.5635673624288425 0.023885814156714244 0.0290955091714105
6 0.6377803670259249 0.407337128399747 0.02883775123798427 0.029728020240354206
224 0.6323914943198369 0.1491144845034788 0.023303233323623652 0.023719165085388995
110 0.5387416254005243 0.5302024035420619 0.021264200407806584 0.03510436432637571
22 0.6195747159918439 0.18390259329538267 0.02621613748907661 0.026881720430107527
22 0.23652781823478009 0.6331435800126503 0.024468394989804836 0.0290955091714105
106 0.909408680454413 0.6574952561669829 0.033789688319254295 0.03099304237824162
58 0.42877949315467523 0.4079696394686907 0.041363239149431984 0.03415559772296015
13 0.6806000582580833 0.031151170145477546 0.021846781240897173 0.023719165085388995
7 0.5576755024759685 0.530044275774826 0.02883775123798427 0.030360531309297913
200 0.7438100786484124 0.6518026565464896 0.02942033207107486 0.03542061986084757
99 0.6925429653364404 0.21821631878557876 0.01951645790853481 0.029728020240354206
22 0.8764928633847946 0.6565464895635673 0.024468394989804836 0.03415559772296015
22 0.7422079813574134 0.49446552814674255 0.02621613748907661 0.03004427577482606
211 0.598019225167492 0.5648323845667299 0.018060005825808332 0.030360531309297913
7 0.5064083891639966 0.6369386464263125 0.030002912904165454 0.03731815306767868
7 0.8357122050684532 0.6136938646426312 0.026798718322167202 0.03510436432637571
211 0.4531022429362074 0.5618279569892473 0.012525487911447713 0.03257432005060089
106 0.8351296242353626 0.5396900695762176 0.033207107486163706 0.028146742567994938
13 0.5795222837168658 0.607685009487666 0.03233323623652782 0.03763440860215054
13 0.6264200407806583 0.33349146110056926 0.03233323623652782 0.024351676154332702
200 0.577337605592776 0.368437697659709 0.03087678415380134 0.028462998102466792
185 0.6921060297116225 0.2961733080328906 0.026798718322167202 0.03194180898165718
119 0.5942324497524032 0.295224541429475 0.02621613748907661 0.033839342188488296
22 0.7018642586658899 0.10800126502213789 0.027090008738712496 0.027514231499051234
160 0.5639382464316924 0.6437381404174574 0.03495484998543548 0.034471853257432
22 0.8060005825808331 0.5743200506008855 0.02621613748907661 0.031625553447185324
224 0.7152636178269735 0.49383301707779886 0.030002912904165454 0.03004427577482606
6 0.8623652781823478 0.6171726755218216 0.03233323623652782 0.03510436432637571
224 0.19531022429362074 0.6340923466160657 0.01951645790853481 0.02719797596457938
22 0.7136615205359743 0.18089816571790007 0.024468394989804836 0.0290955091714105
110 0.39935916108360037 0.4868753953194181 0.025050975822895425 0.02624920936116382
118 0.6221963297407516 0.5678368121442126 0.033789688319254295 0.029411764705882353
13 0.8632391494319837 0.57764073371284 0.031750655403437224 0.028779253636938645
7 0.3923681910865133 0.6032574320050601 0.02621613748907661 0.03573687539531942
99 0.9185843285755899 0.5447501581277673 0.0200990387416254 0.034471853257432
118 0.6326827847363822 0.6045224541429475 0.03145936498689193 0.03700189753320683
211 0.6267113311972036 0.3665401644528779 0.01951645790853481 0.03099304237824162
176 0.7143897465773376 0.6503795066413662 0.03815904456743373 0.03700189753320683
224 0.21438974657733761 0.40464895635673626 0.025050975822895425 0.03194180898165718
13 0.6934168365860763 0.2560088551549652 0.030585493737256043 0.026881720430107527
224 0.6890474803378969 0.3704933586337761 0.02359452374016895 0.033839342188488296
118 0.6080687445383047 0.41018342820999365 0.02942033207107486 0.03289057558507274
224 0.23492572094378095 0.44750158127767237 0.030002912904165454 0.028462998102466792
22 0.7015729682493446 0.03051865907653384 0.02767258957180309 0.024984187223276406
58 0.5939411593358579 0.6446869070208728 0.0401980774832508 0.036369386464263125
200 0.7143897465773376 0.2185325743200506 0.02825517040489368 0.0290955091714105
211 0.6402563355665598 0.2179000632511069 0.01747742499271774 0.030360531309297913
32 0.7534226623944072 0.5360531309297912 0.02883775123798427 0.031625553447185324
224 0.7566268569764055 0.10752688172043011 0.022429362073987765 0.029728020240354206
185 0.566996795805418 0.49446552814674255 0.026507427905621904 0.026881720430107527
224 0.9079522283716865 0.5773244781783681 0.02621613748907661 0.03510436432637571
6 0.7509466938537722 0.14342188488298546 0.02738129915525779 0.03257432005060089
7 0.09729099912612875 0.6630297280202404 0.03204194581998252 0.029411764705882353
7 0.5819982522575007 0.4092346616065781 0.023885814156714244 0.03225806451612903
106 0.6488494028546461 0.2944339025932954 0.03699388290125255 0.029728020240354206
224 0.44873288668802797 0.4845034788108792 0.02767258957180309 0.028462998102466792
118 0.9573259539761142 0.5803289057558507 0.030002912904165454 0.030360531309297913
200 0.595543256626857 0.4941492726122707 0.023011942907078357 0.02624920936116382
7 0.9286338479464026 0.5790638836179633 0.025050975822895425 0.030360531309297913
224 0.577337605592776 0.5672043010752689 0.025633556655986017 0.025616698292220113
22 0.4356248179434897 0.45003162555344717 0.030002912904165454 0.03731815306767868
22 0.667491989513545 0.18358633776091082 0.021846781240897173 0.02624920936116382
149 0.4083891639965045 0.36907020872865276 0.03087678415380134 0.03225806451612903
200 0.7071074861637052 0.06767868437697659 0.022429362073987765 0.030360531309297913
106 0.6655986018060006 0.21584440227703985 0.033207107486163706 0.028779253636938645
58 0.734925720943781 0.06767868437697659 0.03437226915234489 0.030360531309297913
118 0.8329449461112729 0.5743200506008855 0.03233323623652782 0.031625553447185324
160 0.2612875036411302 0.6325110689437066 0.02738129915525779 0.031625553447185324
118 0.6555490824351878 0.648798228969007 0.02942033207107486 0.03510436432637571
44 0.2040489367899796 0.6027830487033523 0.03815904456743373 0.026565464895635674
119 0.4581998252257501 0.6369386464263125 0.02738129915525779 0.027830487033523088
99 0.5770463151762307 0.5302024035420619 0.01864258665889892 0.033839342188488296
200 0.7438100786484124 0.3722327640733713 0.027090008738712496 0.030360531309297913
211 0.8887270608796971 0.5779569892473119 0.01631226332653656 0.029411764705882353
22 0.6168074570346636 0.2179000632511069 0.030585493737256043 0.031625553447185324
22 0.5002912904165453 0.4857685009487666 0.02942033207107486 0.033523086654016446
22 0.7458491115642295 0.5738456672991777 0.02883775123798427 0.033839342188488296
106 0.476842411884649 0.5645161290322581 0.033789688319254295 0.03099304237824162
119 0.60340809787358 0.368437697659709 0.02883775123798427 0.028462998102466792
119 0.6800174774249927 0.5309930423782416 0.02942033207107486 0.03225806451612903
211 0.6718613457617244 0.295224541429475 0.012525487911447713 0.033839342188488296
13 0.5551995339353335 0.41302972802024035 0.04252840081561317 0.030360531309297913
224 0.21395281095251967 0.6340923466160657 0.021846781240897173 0.02719797596457938
7 0.3868336731721526 0.4032258064516129 0.0401980774832508 0.04364326375711575
22 0.8092047771628313 0.536685641998735 0.023885814156714244 0.027830487033523088
7 0.4748033789688319 0.5988298545224542 0.026798718322167202 0.03257432005060089
211 0.6693853772210894 0.3681214421252372 0.016894844159627147 0.03415559772296015
118 0.3983396446256918 0.6382036685641999 0.031750655403437224 0.030360531309297913
118 0.38086221963297406 0.3366540164452878 0.03699388290125255 0.029411764705882353
149 0.6616661811826391 0.256483238456673 0.030002912904165454 0.030360531309297913
44 0.7515292746868628 0.40955091714104996 0.033789688319254295 0.0290955091714105
224 0.5964171278764928 0.33175205566097404 0.02767258957180309 0.0290955091714105
176 0.5021846781240897 0.599304237824162 0.025633556655986017 0.031625553447185324
106 0.6607923099330032 0.5681530676786843 0.036411302068161955 0.028779253636938645
119 0.6568598893096417 0.5289373814041746 0.026798718322167202 0.031309297912713474
200 0.626128750364113 0.6461100569259962 0.02942033207107486 0.033523086654016446
224 0.2299737838625109 0.36432637571157495 0.02883775123798427 0.030360531309297913
106 0.40023303233323626 0.5645161290322581 0.03437226915234489 0.03225806451612903
211 0.7895426740460239 0.536685641998735 0.013108068744538305 0.030360531309297913
118 0.12205068453247889 0.6635041113219481 0.022720652490533063 0.030360531309297913
119 0.40125254879114475 0.5230866540164453 0.02767258957180309 0.03984819734345351
7 0.7875036411302068 0.6113219481340924 0.02825517040489368 0.03731815306767868
99 0.523157588115351 0.48719165085388993 0.01747742499271774 0.033839342188488296
211 0.08141567142441014 0.6201771030993042 0.01951645790853481 0.030360531309297913
149 0.47698805709292164 0.5229285262492094 0.02883775123798427 0.03510436432637571
7 0.9852898339644626 0.5790638836179633 0.02359452374016895 0.03415559772296015
13 0.6114185843285755 0.25853889943074004 0.025633556655986017 0.02624920936116382
106 0.9146519079522284 0.618437697659709 0.03553743081852607 0.03763440860215054
118 0.5100495193708127 0.5265654648956357 0.033789688319254295 0.03415559772296015
211 0.9378094960675794 0.5447501581277673 0.013108068744538305 0.03194180898165718
118 0.7856102534226624 0.40955091714104996 0.03437226915234489 0.031625553447185324
13 0.7149723274104282 0.3709677419354839 0.03291581706961841 0.031625553447185324
22 0.6855519953393533 0.6521189120809614 0.02942033207107486 0.033523086654016446
119 0.6746286047189047 0.10895003162555345 0.028546460821438975 0.026881720430107527
160 0.17841538013399358 0.6337760910815939 0.018351296242353626 0.026565464895635674
32 0.7759976696766676 0.5743200506008855 0.03029420332071075 0.027830487033523088
8 0.6839498980483542 0.06657179000632511 0.023885814156714244 0.033839342188488296
211 0.7324497524031459 0.18121442125237192 0.011942907078357122 0.029728020240354206
211 0.5764637343431401 0.33412397216951295 0.01747742499271774 0.033839342188488296
13 0.8026507427905621 0.6544908285895004 0.030585493737256043 0.03700189753320683
118 0.20026216137489078 0.4822896900695762 0.030585493737256043 0.031625553447185324
7 0.8253713952810953 0.6535420619860848 0.030002912904165454 0.03510436432637571
13 0.7427905621905039 0.21995572422517395 0.03262452665307312 0.028779253636938645
58 0.7205068453247888 0.33175205566097404 0.03815904456743373 0.0290955091714105
22 0.4299446548208564 0.5232447817836812 0.02621613748907661 0.03700189753320683
118 0.6890474803378969 0.33175205566097404 0.031168074570346635 0.030360531309297913
224 0.772939120302942 0.5012650221378874 0.036411302068161955 0.03542061986084757
6 0.5346635595688902 0.6404174573055028 0.02942033207107486 0.031625553447185324
211 0.541363239149432 0.4881404174573055 0.01893387707544422 0.03320683111954459
32 0.7634721817652199 0.6106894370651487 0.033789688319254295 0.03731815306767868
44 0.6771045732595398 0.49636306135357366 0.04281969123215846 0.027514231499051234
224 0.43620739877658027 0.3709677419354839 0.0200990387416254 0.030360531309297913
44 0.14637343431401106 0.6622390891840607 0.02767258957180309 0.03289057558507274
13 0.47465773376055925 0.484819734345351 0.030585493737256043 0.031625553447185324
22 0.20812700262161374 0.44750158127767237 0.026507427905621904 0.028462998102466792
200 0.6326827847363822 0.5295698924731183 0.02738129915525779 0.03257432005060089
106 0.6476842411884649 0.10879190385831752 0.030002912904165454 0.030360531309297913
200 0.7078357122050685 0.5306767868437697 0.025050975822895425 0.031625553447185324
