6 0.19387755102040816 0.4222727272727273 0.0282574568288854 0.026363636363636363
224 0.7664835164835165 0.47909090909090907 0.019623233908948195 0.03090909090909091
118 0.4391679748822606 0.31681818181818183 0.03218210361067504 0.03
211 0.707221350078493 0.20363636363636364 0.0141287284144427 0.02727272727272727
200 0.7696232339089482 0.37636363636363634 0.014913657770800628 0.02
149 0.47017268445839877 0.365 0.03453689167974882 0.03
211 0.8579277864992151 0.7495454545454545 0.029827315541601257 0.03
106 0.7708006279434851 0.3181818181818182 0.029827315541601257 0.03090909090909091
13 0.6275510204081632 0.8645454545454545 0.033751962323390894 0.034545454545454546
200 0.8449764521193093 0.42272727272727273 0.01805337519623234 0.023636363636363636
7 0.9046310832025117 0.6368181818181818 0.029042386185243328 0.03363636363636364
58 0.42543171114599687 0.8045454545454546 0.03296703296703297 0.03090909090909091
224 0.8406593406593407 0.2631818181818182 0.018838304552590265 0.035454545454545454
160 0.1726844583987441 0.31681818181818183 0.023547880690737835 0.03363636363636364
22 0.41562009419152274 0.8622727272727273 0.02119309262166405 0.031818181818181815
8 0.6616954474097331 0.36818181818181817 0.023547880690737835 0.03272727272727273
7 0.7221350078492935 0.5922727272727273 0.029827315541601257 0.03727272727272727
22 0.7394034536891679 0.7509090909090909 0.015698587127158554 0.034545454545454546
13 0.739010989010989 0.5363636363636364 0.027472527472527472 0.03636363636363636
211 0.7519623233908949 0.6963636363636364 0.012558869701726845 0.04181818181818182
106 0.47331240188383045 0.8545454545454545 0.03296703296703297 0.025454545454545455
22 0.7182103610675039 0.26136363636363635 0.018838304552590265 0.03363636363636364
200 0.2778649921507064 0.36818181818181817 0.0141287284144427 0.01818181818181818
110 0.6181318681318682 0.4240909090909091 0.029042386185243328 0.031818181818181815
200 0.9642857142857143 0.21818181818181817 0.022762951334379906 0.03090909090909091
110 0.6346153846153846 0.3145454545454546 0.01805337519623234 0.02909090909090909
149 0.7590266875981162 0.26045454545454544 0.03453689167974882 0.03363636363636364
7 0.5675039246467818 0.20136363636363636 0.02511773940345369 0.03363636363636364
7 0.6075353218210361 0.5822727272727273 0.02511773940345369 0.035454545454545454
200 0.9501569858712716 0.3245454545454545 0.014913657770800628 0.023636363636363636
118 0.8999215070643642 0.21272727272727274 0.030612244897959183 0.02727272727272727
99 0.6805337519623234 0.42954545454545456 0.01726844583987441 0.04454545454545455
200 0.5105965463108321 0.9072727272727272 0.014913657770800628 0.02181818181818182
211 0.6781789638932496 0.5895454545454546 0.0141287284144427 0.03363636363636364
7 0.6401098901098901 0.425 0.027472527472527472 0.03909090909090909
211 0.6817111459968603 0.8095454545454546 0.016483516483516484 0.028181818181818183
200 0.6542386185243328 0.8613636363636363 0.01805337519623234 0.02090909090909091
224 0.7178178963893249 0.8636363636363636 0.022762951334379906 0.02909090909090909
32 0.6012558869701727 0.86 0.023547880690737835 0.04363636363636364
118 0.6393249607535322 0.7459090909090909 0.030612244897959183 0.04090909090909091
7 0.7845368916797488 0.5340909090909091 0.02433281004709576 0.031818181818181815
7 0.5620094191522763 0.5831818181818181 0.023547880690737835 0.03
99 0.44937205651491363 0.6977272727272728 0.016483516483516484 0.04454545454545455
200 0.6730769230769231 0.31272727272727274 0.01805337519623234 0.02727272727272727
7 0.47527472527472525 0.6881818181818182 0.02433281004709576 0.03272727272727273
211 0.5372841444270016 0.26590909090909093 0.01805337519623234 0.03727272727272727
8 0.2119309262166405 0.37136363636363634 0.02040816326530612 0.03
13 0.3873626373626374 0.5313636363636364 0.027472527472527472 0.028181818181818183
200 0.4509419152276295 0.5290909090909091 0.01805337519623234 0.02909090909090909
149 0.9791993720565149 0.2727272727272727 0.033751962323390894 0.034545454545454546
76 0.6930926216640503 0.26590909090909093 0.03139717425431711 0.046363636363636364
185 0.22252747252747251 0.5772727272727273 0.030612244897959183 0.03272727272727273
119 0.3198587127158556 0.4163636363636364 0.025902668759811617 0.03090909090909091
149 0.4489795918367347 0.5872727272727273 0.03453689167974882 0.02909090909090909
99 0.6138147566718996 0.31545454545454543 0.018838304552590265 0.04181818181818182
58 0.25706436420722134 0.42045454545454547 0.038461538461538464 0.031818181818181815
211 0.6946624803767661 0.7495454545454545 0.02040816326530612 0.03909090909090909
200 0.42032967032967034 0.5840909090909091 0.014913657770800628 0.026363636363636363
7 0.29120879120879123 0.41818181818181815 0.029827315541601257 0.03272727272727273
118 0.8120094191522763 0.4777272727272727 0.033751962323390894 0.028181818181818183
224 0.19740973312401883 0.5813636363636364 0.01805337519623234 0.031818181818181815
22 0.8740188383045526 0.20681818181818182 0.01805337519623234 0.03
99 0.9297488226059655 0.32954545454545453 0.016483516483516484 0.042727272727272725
7 0.22291993720565148 0.4218181818181818 0.029827315541601257 0.034545454545454546
224 0.8159340659340659 0.32045454545454544 0.019623233908948195 0.031818181818181815
118 0.423861852433281 0.3668181818181818 0.0282574568288854 0.03
200 0.8076923076923077 0.4263636363636364 0.015698587127158554 0.02
106 0.7782574568288854 0.6972727272727273 0.030612244897959183 0.034545454545454546
224 0.6342229199372057 0.5868181818181818 0.015698587127158554 0.026363636363636363
13 0.48861852433281006 0.6372727272727273 0.025902668759811617 0.03636363636363636
58 0.39089481946624804 0.8631818181818182 0.0282574568288854 0.03363636363636364
118 0.3559654631083202 0.53 0.03218210361067504 0.02727272727272727
200 0.8402668759811617 0.5890909090909091 0.01805337519623234 0.02909090909090909
7 0.7445054945054945 0.8590909090909091 0.022762951334379906 0.03090909090909091
118 0.39050235478806905 0.5840909090909091 0.033751962323390894 0.028181818181818183
22 0.6267660910518054 0.6372727272727273 0.02119309262166405 0.034545454545454546
224 0.29631083202511777 0.36818181818181817 0.019623233908948195 0.02727272727272727
224 0.5208006279434851 0.5231818181818182 0.016483516483516484 0.03
22 0.7154631083202512 0.31727272727272726 0.016483516483516484 0.02909090909090909
200 0.49882260596546313 0.5245454545454545 0.027472527472527472 0.04363636363636364
224 0.5011773940345369 0.6859090909090909 0.01805337519623234 0.028181818181818183
22 0.3661695447409733 0.20227272727272727 0.022762951334379906 0.031818181818181815
16 0.45408163265306123 0.4759090909090909 0.03218210361067504 0.026363636363636363
106 0.48665620094191525 0.26272727272727275 0.03767660910518053 0.04363636363636364
211 0.41130298273155413 0.53 0.015698587127158554 0.03090909090909091
200 0.7998430141287284 0.695 0.018838304552590265 0.022727272727272728
224 0.34850863422291994 0.2595454545454545 0.015698587127158554 0.03
200 0.782574568288854 0.4781818181818182 0.01726844583987441 0.03090909090909091
58 0.22527472527472528 0.7513636363636363 0.03139717425431711 0.03
185 0.8685243328100472 0.5840909090909091 0.02433281004709576 0.03
149 0.5372841444270016 0.9054545454545454 0.030612244897959183 0.025454545454545455
176 0.6962323390894819 0.5922727272727273 0.02197802197802198 0.035454545454545454
185 0.8328100470957613 0.3740909090909091 0.03139717425431711 0.031818181818181815
118 0.34419152276295134 0.3690909090909091 0.03218210361067504 0.02909090909090909
211 0.6456043956043956 0.64 0.016483516483516484 0.034545454545454546
13 0.29160125588697017 0.5813636363636364 0.030612244897959183 0.03363636363636364
200 0.46467817896389324 0.7454545454545455 0.02040816326530612 0.03636363636363636
58 0.640502354788069 0.4777272727272727 0.03610675039246468 0.031818181818181815
211 0.49646781789638933 0.36727272727272725 0.01805337519623234 0.02909090909090909
32 0.3901098901098901 0.7440909090909091 0.02040816326530612 0.03363636363636364
149 0.4305337519623234 0.41954545454545455 0.029042386185243328 0.03
211 0.6699372056514914 0.2640909090909091 0.014913657770800628 0.03727272727272727
211 0.5062794348508635 0.4209090909090909 0.015698587127158554 0.03636363636363636
7 0.2566718995290424 0.6877272727272727 0.0282574568288854 0.042727272727272725
32 0.1781789638932496 0.6381818181818182 0.023547880690737835 0.023636363636363636
99 0.631083202511774 0.6922727272727273 0.023547880690737835 0.035454545454545454
32 0.26569858712715855 0.5795454545454546 0.02119309262166405 0.03
200 0.8889324960753532 0.7527272727272727 0.02119309262166405 0.02909090909090909
200 0.7970957613814756 0.9072727272727272 0.016483516483516484 0.02
211 0.7335164835164835 0.26045454545454544 0.013343799058084773 0.03
119 0.8700941915227629 0.6381818181818182 0.030612244897959183 0.03636363636363636
44 0.2947409733124019 0.6354545454545455 0.01805337519623234 0.02181818181818182
149 0.23194662480376765 0.6363636363636364 0.038461538461538464 0.023636363636363636
185 0.859105180533752 0.32181818181818184 0.029042386185243328 0.025454545454545455
22 0.4152276295133438 0.2040909090909091 0.018838304552590265 0.03363636363636364
224 0.792778649921507 0.20363636363636364 0.02040816326530612 0.02727272727272727
106 0.5443485086342229 0.8009090909090909 0.03218210361067504 0.02727272727272727
99 0.6632653061224489 0.4318181818181818 0.018838304552590265 0.04
200 0.27904238618524335 0.26272727272727275 0.014913657770800628 0.023636363636363636
185 0.4430926216640502 0.7440909090909091 0.027472527472527472 0.031818181818181815
200 0.7853218210361067 0.6386363636363637 0.019623233908948195 0.03
224 0.5200156985871272 0.36954545454545457 0.025902668759811617 0.03
32 0.4599686028257457 0.41954545454545455 0.029827315541601257 0.03
32 0.9007064364207221 0.47863636363636364 0.029042386185243328 0.03363636363636364
118 0.8426216640502355 0.20636363636363636 0.04317111459968603 0.02909090909090909
211 0.4831240188383045 0.8013636363636364 0.01020408163265306 0.035454545454545454
211 0.5518053375196232 0.685 0.009419152276295133 0.03
44 0.32142857142857145 0.5804545454545454 0.036891679748822605 0.02090909090909091
224 0.6161695447409733 0.26 0.023547880690737835 0.03272727272727273
32 0.5357142857142857 0.5768181818181818 0.027472527472527472 0.031818181818181815
106 0.3642072213500785 0.475 0.03139717425431711 0.03363636363636364
22 0.8563579277864992 0.37863636363636366 0.01726844583987441 0.03727272727272727
185 0.793563579277865 0.75 0.029827315541601257 0.02909090909090909
7 0.685243328100471 0.2018181818181818 0.026687598116169546 0.02909090909090909
185 0.3751962323390895 0.2595454545454545 0.03139717425431711 0.028181818181818183
7 0.20525902668759813 0.3181818181818182 0.025902668759811617 0.02909090909090909
224 0.37990580847723704 0.4163636363636364 0.015698587127158554 0.03090909090909091
118 0.5784929356357927 0.6822727272727273 0.03610675039246468 0.028181818181818183
13 0.6055729984301413 0.5309090909090909 0.027472527472527472 0.04
13 0.18877551020408162 0.6927272727272727 0.03218210361067504 0.034545454545454546
7 0.7307692307692307 0.6918181818181818 0.026687598116169546 0.034545454545454546
7 0.9054160125588697 0.37636363636363634 0.025902668759811617 0.034545454545454546
224 0.19270015698587128 0.5195454545454545 0.02119309262166405 0.03727272727272727
119 0.20094191522762953 0.6372727272727273 0.023547880690737835 0.02727272727272727
211 0.8842229199372057 0.32136363636363635 0.01805337519623234 0.026363636363636363
119 0.3901098901098901 0.1990909090909091 0.02511773940345369 0.04363636363636364
99 0.22723704866562008 0.3259090909090909 0.01805337519623234 0.04818181818181818
7 0.673861852433281 0.7477272727272727 0.033751962323390894 0.04090909090909091
58 0.7335164835164835 0.43 0.036891679748822605 0.03636363636363636
176 0.4729199372056515 0.5272727272727272 0.027472527472527472 0.03272727272727273
13 0.5278649921507065 0.42318181818181816 0.022762951334379906 0.031818181818181815
44 0.5341444270015698 0.6368181818181818 0.029042386185243328 0.031818181818181815
7 0.8441915227629513 0.6386363636363637 0.029042386185243328 0.035454545454545454
211 0.640502354788069 0.3690909090909091 0.0141287284144427 0.03090909090909091
200 0.9077708006279435 0.2681818181818182 0.01805337519623234 0.02181818181818182
22 0.21271585557299844 0.6927272727272727 0.02040816326530612 0.03272727272727273
32 0.8838304552590267 0.2640909090909091 0.026687598116169546 0.035454545454545454
58 0.5105965463108321 0.745 0.036891679748822605 0.04090909090909091
6 0.5529827315541601 0.855 0.02119309262166405 0.028181818181818183
185 0.4368131868131868 0.6372727272727273 0.030612244897959183 0.03090909090909091
22 0.5702511773940345 0.8045454545454546 0.022762951334379906 0.03090909090909091
110 0.7861067503924647 0.8063636363636364 0.022762951334379906 0.03272727272727273
119 0.5989010989010989 0.8104545454545454 0.03453689167974882 0.026363636363636363
118 0.27197802197802196 0.745 0.02433281004709576 0.03363636363636364
99 0.6813186813186813 0.37454545454545457 0.015698587127158554 0.03272727272727273
211 0.9250392464678179 0.37772727272727274 0.019623233908948195 0.03727272727272727
22 0.4513343799058085 0.2631818181818182 0.02197802197802198 0.03
22 0.7959183673469388 0.32 0.018838304552590265 0.02909090909090909
200 0.32535321821036106 0.2631818181818182 0.02433281004709576 0.03363636363636364
160 0.9481946624803768 0.6940909090909091 0.0282574568288854 0.04818181818181818
211 0.21350078492935637 0.524090909090909 0.02511773940345369 0.03
110 0.6361852433281004 0.9154545454545454 0.02119309262166405 0.02909090909090909
211 0.7782574568288854 0.9063636363636364 0.011773940345368918 0.03090909090909091
176 0.2586342229199372 0.3663636363636364 0.02433281004709576 0.02909090909090909
13 0.8171114599686028 0.5895454545454546 0.02197802197802198 0.028181818181818183
106 0.9207221350078493 0.5854545454545454 0.03296703296703297 0.03090909090909091
99 0.5113814756671899 0.6386363636363637 0.025902668759811617 0.042727272727272725
211 0.9395604395604396 0.42818181818181816 0.023547880690737835 0.04363636363636364
149 0.9081632653061225 0.5304545454545454 0.03453689167974882 0.031818181818181815
99 0.23233908948194662 0.6968181818181818 0.02197802197802198 0.04090909090909091
200 0.5160910518053375 0.8554545454545455 0.016483516483516484 0.02909090909090909
7 0.4046310832025118 0.6381818181818182 0.02433281004709576 0.03272727272727273
7 0.4811616954474097 0.47545454545454546 0.02197802197802198 0.03090909090909091
7 0.2868916797488226 0.31772727272727275 0.01805337519623234 0.031818181818181815
211 0.3626373626373626 0.4177272727272727 0.015698587127158554 0.031818181818181815
44 0.29317111459968603 0.4709090909090909 0.029042386185243328 0.02909090909090909
22 0.8932496075353218 0.5840909090909091 0.018838304552590265 0.026363636363636363
200 0.8410518053375197 0.8040909090909091 0.036891679748822605 0.035454545454545454
8 0.8685243328100472 0.42772727272727273 0.022762951334379906 0.031818181818181815
200 0.9273940345368917 0.47863636363636364 0.016483516483516484 0.024545454545454544
106 0.7178178963893249 0.4763636363636364 0.038461538461538464 0.034545454545454546
32 0.7397959183673469 0.31363636363636366 0.02433281004709576 0.03272727272727273
7 0.8944270015698587 0.43136363636363634 0.022762951334379906 0.03
22 0.695447409733124 0.5331818181818182 0.02197802197802198 0.05
110 0.2672684458398744 0.3181818181818182 0.019623233908948195 0.02727272727272727
99 0.3292778649921507 0.6968181818181818 0.013343799058084773 0.05
22 0.37009419152276296 0.6940909090909091 0.019623233908948195 0.031818181818181815
211 0.1970172684458399 0.4781818181818182 0.012558869701726845 0.03090909090909091
7 0.4046310832025118 0.26 0.027472527472527472 0.02727272727272727
99 0.7959183673469388 0.5945454545454546 0.015698587127158554 0.03636363636363636
99 0.6624803767660911 0.8172727272727273 0.02040816326530612 0.03636363636363636
118 0.7276295133437991 0.8095454545454546 0.029827315541601257 0.031818181818181815
99 0.6718995290423861 0.87 0.018838304552590265 0.04727272727272727
99 0.7586342229199372 0.5395454545454546 0.008634222919937205 0.03727272727272727
224 0.6824960753532182 0.69 0.01805337519623234 0.03636363636363636
22 0.859497645211931 0.26454545454545453 0.015698587127158554 0.034545454545454546
160 0.9705651491365777 0.32954545454545453 0.02433281004709576 0.046363636363636364
22 0.6538461538461539 0.3104545454545454 0.023547880690737835 0.03727272727272727
224 0.29552590266875983 0.5290909090909091 0.01805337519623234 0.02909090909090909
149 0.45879120879120877 0.8022727272727272 0.030612244897959183 0.03
185 0.4003139717425432 0.6886363636363636 0.03139717425431711 0.028181818181818183
44 0.4854788069073783 0.31772727272727275 0.030612244897959183 0.022727272727272728
58 0.554552590266876 0.5277272727272727 0.033751962323390894 0.031818181818181815
99 0.34301412872841447 0.5881818181818181 0.018838304552590265 0.045454545454545456
58 0.3748037676609105 0.6395454545454545 0.033751962323390894 0.03727272727272727
22 0.46036106750392464 0.9118181818181819 0.030612244897959183 0.02909090909090909
200 0.7021193092621664 0.9136363636363637 0.019623233908948195 0.025454545454545455
22 0.5620094191522763 0.4772727272727273 0.02040816326530612 0.03272727272727273
13 0.8143642072213501 0.54 0.03218210361067504 0.03636363636363636
44 0.5643642072213501 0.6363636363636364 0.029827315541601257 0.03272727272727273
211 0.4835164835164835 0.745 0.015698587127158554 0.03909090909090909
185 0.7189952904238619 0.7490909090909091 0.026687598116169546 0.04
110 0.27001569858712715 0.635 0.026687598116169546 0.026363636363636363
22 0.8783359497645212 0.8027272727272727 0.026687598116169546 0.04181818181818182
185 0.7547095761381476 0.9077272727272727 0.03218210361067504 0.031818181818181815
22 0.29160125588697017 0.20454545454545456 0.019623233908948195 0.02909090909090909
22 0.4850863422291994 0.41954545454545455 0.018838304552590265 0.031818181818181815
119 0.7896389324960753 0.26227272727272727 0.023547880690737835 0.03363636363636364
58 0.24175824175824176 0.5259090909090909 0.029827315541601257 0.028181818181818183
160 0.5502354788069074 0.42818181818181816 0.0282574568288854 0.045454545454545456
7 0.6200941915227629 0.20272727272727273 0.02511773940345369 0.03090909090909091
7 0.8171114599686028 0.26272727272727275 0.0282574568288854 0.034545454545454546
32 0.1546310832025118 0.36863636363636365 0.0282574568288854 0.028181818181818183
200 0.5388540031397174 0.7390909090909091 0.014913657770800628 0.023636363636363636
160 0.18053375196232338 0.3618181818181818 0.026687598116169546 0.02909090909090909
200 0.6974097331240189 0.8618181818181818 0.01805337519623234 0.023636363636363636
99 0.4293563579277865 0.26681818181818184 0.015698587127158554 0.04090909090909091
224 0.8547880690737834 0.8068181818181818 0.023547880690737835 0.046363636363636364
118 0.8512558869701727 0.6963636363636364 0.029042386185243328 0.03272727272727273
16 0.6467817896389325 0.26272727272727275 0.03296703296703297 0.02909090909090909
149 0.1510989010989011 0.20681818181818182 0.038461538461538464 0.053636363636363635
118 0.9003139717425431 0.8009090909090909 0.029827315541601257 0.04
118 0.32731554160125587 0.4668181818181818 0.03610675039246468 0.035454545454545454
7 0.5922291993720565 0.2609090909090909 0.02433281004709576 0.03090909090909091
7 0.6715070643642073 0.47954545454545455 0.02433281004709576 0.03363636363636364
211 0.2315541601255887 0.26227272727272727 0.0141287284144427 0.03
106 0.6726844583987441 0.639090909090909 0.03610675039246468 0.034545454545454546
119 0.793563579277865 0.8572727272727273 0.02511773940345369 0.03272727272727273
13 0.5404238618524333 0.205 0.029042386185243328 0.031818181818181815
44 0.9485871271585558 0.37863636363636366 0.027472527472527472 0.031818181818181815
211 0.41365777080062793 0.3181818181818182 0.012558869701726845 0.02909090909090909
7 0.23665620094191522 0.2009090909090909 0.033751962323390894 0.03636363636363636
76 0.5294348508634223 0.6886363636363636 0.025902668759811617 0.046363636363636364
119 0.7688383045525903 0.8577272727272728 0.025902668759811617 0.03363636363636364
22 0.5941915227629513 0.4263636363636364 0.018838304552590265 0.03090909090909091
7 0.23469387755102042 0.36818181818181817 0.02511773940345369 0.03090909090909091
224 0.9513343799058085 0.27136363636363636 0.015698587127158554 0.031818181818181815
110 0.9395604395604396 0.6413636363636364 0.03767660910518053 0.03909090909090909
176 0.5729984301412873 0.41863636363636364 0.023547880690737835 0.03363636363636364
149 0.3092621664050236 0.6922727272727273 0.026687598116169546 0.03909090909090909
119 0.25156985871271587 0.26181818181818184 0.022762951334379906 0.02909090909090909
22 0.8343799058084772 0.32045454545454544 0.015698587127158554 0.028181818181818183
58 0.7382260596546311 0.37545454545454543 0.036891679748822605 0.03090909090909091
6 0.7868916797488226 0.42863636363636365 0.02119309262166405 0.035454545454545454
200 0.8116169544740973 0.20636363636363636 0.01726844583987441 0.02727272727272727
7 0.6334379905808477 0.5286363636363637 0.0282574568288854 0.031818181818181815
32 0.37558869701726844 0.36818181818181817 0.027472527472527472 0.02727272727272727
118 0.9191522762951334 0.6890909090909091 0.03139717425431711 0.038181818181818185
13 0.82574568288854 0.6959090909090909 0.029827315541601257 0.031818181818181815
118 0.3163265306122449 0.634090909090909 0.02040816326530612 0.028181818181818183
13 0.20054945054945056 0.2609090909090909 0.04317111459968603 0.038181818181818185
6 0.3241758241758242 0.3181818181818182 0.02040816326530612 0.034545454545454546
211 0.21350078492935637 0.20636363636363636 0.0141287284144427 0.05454545454545454
22 0.3618524332810047 0.5872727272727273 0.015698587127158554 0.034545454545454546
7 0.14442700156985872 0.27 0.029827315541601257 0.038181818181818185
22 0.25 0.7490909090909091 0.01805337519623234 0.03090909090909091
211 0.4430926216640502 0.3663636363636364 0.013343799058084773 0.02909090909090909
224 0.7150706436420722 0.5386363636363637 0.018838304552590265 0.03909090909090909
200 0.7009419152276295 0.8095454545454546 0.018838304552590265 0.028181818181818183
211 0.8732339089481946 0.6936363636363636 0.011773940345368918 0.03272727272727273
58 0.358320251177394 0.31727272727272726 0.038461538461538464 0.02909090909090909
8 0.4901883830455259 0.9086363636363637 0.022762951334379906 0.026363636363636363
119 0.9336734693877551 0.5309090909090909 0.013343799058084773 0.03272727272727273
76 0.9062009419152276 0.3259090909090909 0.027472527472527472 0.05181818181818182
22 0.5839874411302983 0.5272727272727272 0.02197802197802198 0.03090909090909091
22 0.890894819466248 0.6945454545454546 0.023547880690737835 0.034545454545454546
44 0.7723704866562009 0.585 0.026687598116169546 0.028181818181818183
118 0.7311616954474097 0.6422727272727272 0.03532182103610675 0.031818181818181815
7 0.7021193092621664 0.4259090909090909 0.022762951334379906 0.026363636363636363
211 0.6919152276295133 0.47909090909090907 0.016483516483516484 0.04
224 0.7468602825745683 0.5845454545454546 0.019623233908948195 0.03636363636363636
176 0.3500784929356358 0.69 0.02040816326530612 0.03272727272727273
211 0.5176609105180534 0.7972727272727272 0.014913657770800628 0.02909090909090909
224 0.500392464678179 0.8009090909090909 0.014913657770800628 0.02727272727272727
118 0.7947409733124019 0.37454545454545457 0.033751962323390894 0.02727272727272727
7 0.3920722135007849 0.31772727272727275 0.030612244897959183 0.031818181818181815
106 0.2578492935635793 0.4768181818181818 0.033751962323390894 0.022727272727272728
7 0.32535321821036106 0.5309090909090909 0.033751962323390894 0.02909090909090909
13 0.6558084772370487 0.59 0.029042386185243328 0.038181818181818185
58 0.9791993720565149 0.3781818181818182 0.030612244897959183 0.034545454545454546
22 0.24607535321821036 0.5804545454545454 0.016483516483516484 0.03363636363636364
160 0.576138147566719 0.31727272727272726 0.023547880690737835 0.04363636363636364
118 0.1683673469387755 0.2677272727272727 0.02433281004709576 0.035454545454545454
22 0.7696232339089482 0.20318181818181819 0.02119309262166405 0.03
32 0.8791208791208791 0.37727272727272726 0.0282574568288854 0.034545454545454546
7 0.7645211930926217 0.42772727272727273 0.02511773940345369 0.035454545454545454
185 0.6664050235478807 0.5281818181818182 0.029827315541601257 0.03090909090909091
7 0.14992150706436422 0.32045454545454544 0.0282574568288854 0.028181818181818183
22 0.597723704866562 0.3181818181818182 0.014913657770800628 0.03272727272727273
7 0.6562009419152276 0.9122727272727272 0.01726844583987441 0.03
7 0.6118524332810047 0.47954545454545455 0.02119309262166405 0.026363636363636363
7 0.9532967032967034 0.5886363636363636 0.03218210361067504 0.03909090909090909
118 0.5235478806907379 0.31636363636363635 0.03453689167974882 0.02727272727272727
7 0.3512558869701727 0.6277272727272727 0.033751962323390894 0.05
176 0.5945839874411303 0.20363636363636364 0.025902668759811617 0.02909090909090909
32 0.7052590266875981 0.6922727272727273 0.022762951334379906 0.03727272727272727
106 0.2217425431711146 0.4781818181818182 0.027472527472527472 0.02909090909090909
200 0.39952904238618525 0.36818181818181817 0.018838304552590265 0.02727272727272727
118 0.5961538461538461 0.6368181818181818 0.036891679748822605 0.03363636363636364
224 0.532574568288854 0.8536363636363636 0.019623233908948195 0.03272727272727273
16 0.5616169544740973 0.26045454545454544 0.03218210361067504 0.03
224 0.4901883830455259 0.5818181818181818 0.02433281004709576 0.03090909090909091
13 0.5388540031397174 0.4772727272727273 0.025902668759811617 0.025454545454545455
118 0.5726059654631083 0.9045454545454545 0.03532182103610675 0.025454545454545455
118 0.5047095761381476 0.4722727272727273 0.02040816326530612 0.031818181818181815
118 0.5584772370486656 0.3659090909090909 0.029042386185243328 0.031818181818181815
44 0.6361852433281004 0.8090909090909091 0.03532182103610675 0.02909090909090909
224 0.30416012558869704 0.31727272727272726 0.01805337519623234 0.034545454545454546
200 0.8155416012558869 0.8545454545454545 0.01726844583987441 0.023636363636363636
160 0.41483516483516486 0.7440909090909091 0.025902668759811617 0.03363636363636364
176 0.8084772370486656 0.8063636363636364 0.02511773940345369 0.03272727272727273
7 0.6083202511773941 0.6886363636363636 0.02197802197802198 0.035454545454545454
149 0.6585557299843015 0.6895454545454546 0.029827315541601257 0.03727272727272727
22 0.5737833594976453 0.8563636363636363 0.023547880690737835 0.03090909090909091
58 0.8163265306122449 0.9081818181818182 0.018838304552590265 0.025454545454545455
7 0.5231554160125589 0.26545454545454544 0.03532182103610675 0.02909090909090909
32 0.9344583987441131 0.21454545454545454 0.03218210361067504 0.034545454545454546
106 0.7378335949764521 0.20318181818181819 0.0423861852433281 0.03
22 0.5890894819466248 0.37272727272727274 0.022762951334379906 0.03272727272727273
211 0.8233908948194663 0.42772727272727273 0.015698587127158554 0.03363636363636364
119 0.391679748822606 0.4759090909090909 0.023547880690737835 0.031818181818181815
7 0.2739403453689168 0.5263636363636364 0.02511773940345369 0.023636363636363636
6 0.9175824175824175 0.4318181818181818 0.02197802197802198 0.02909090909090909
7 0.7629513343799058 0.7509090909090909 0.026687598116169546 0.034545454545454546
200 0.24646781789638933 0.31772727272727275 0.015698587127158554 0.022727272727272728
176 0.7123233908948194 0.37545454545454543 0.02433281004709576 0.034545454545454546
200 0.8406593406593407 0.5345454545454545 0.0141287284144427 0.02727272727272727
211 0.5372841444270016 0.36863636363636365 0.01020408163265306 0.03
7 0.6106750392464678 0.7418181818181818 0.03924646781789639 0.034545454545454546
99 0.9285714285714286 0.2777272727272727 0.02040816326530612 0.04454545454545455
58 0.6456043956043956 0.20272727272727273 0.025902668759811617 0.03090909090909091
13 0.5859497645211931 0.5872727272727273 0.025902668759811617 0.038181818181818185
160 0.315149136577708 0.20454545454545456 0.02433281004709576 0.034545454545454546
13 0.7602040816326531 0.6422727272727272 0.025902668759811617 0.035454545454545454
149 0.8253532182103611 0.7481818181818182 0.030612244897959183 0.03090909090909091
7 0.4281789638932496 0.6895454545454546 0.027472527472527472 0.026363636363636363
22 0.7468602825745683 0.4772727272727273 0.02119309262166405 0.03090909090909091
6 0.6797488226059655 0.9109090909090909 0.0282574568288854 0.03272727272727273
176 0.5851648351648352 0.4768181818181818 0.022762951334379906 0.03363636363636364
224 0.7256671899529042 0.9113636363636364 0.02433281004709576 0.03
119 0.42778649921507067 0.5268181818181819 0.02040816326530612 0.031818181818181815
32 0.3414442700156986 0.20318181818181819 0.026687598116169546 0.031818181818181815
160 0.1781789638932496 0.5777272727272728 0.01726844583987441 0.042727272727272725
76 0.8171114599686028 0.6422727272727272 0.03296703296703297 0.04090909090909091
224 0.6966248037676609 0.3109090909090909 0.022762951334379906 0.04181818181818182
22 0.31711145996860285 0.36727272727272725 0.018838304552590265 0.02727272727272727
13 0.4026687598116169 0.41909090909090907 0.026687598116169546 0.034545454545454546
22 0.46350078492935637 0.6368181818181818 0.02433281004709576 0.031818181818181815
200 0.7017268445839875 0.644090909090909 0.018838304552590265 0.03
149 0.41836734693877553 0.47545454545454546 0.026687598116169546 0.03272727272727273
118 0.5675039246467818 0.740909090909091 0.04081632653061224 0.03090909090909091
106 0.6157770800627943 0.3709090909090909 0.030612244897959183 0.03272727272727273
22 0.7641287284144427 0.8045454545454546 0.022762951334379906 0.03272727272727273
118 0.8700941915227629 0.5336363636363637 0.036891679748822605 0.02909090909090909
99 0.4980376766091052 0.8631818181818182 0.019623233908948195 0.04454545454545455
22 0.34379905808477235 0.4159090909090909 0.02197802197802198 0.028181818181818183
22 0.6966248037676609 0.37545454545454543 0.011773940345368918 0.03090909090909091
118 0.18956043956043955 0.20272727272727273 0.033751962323390894 0.04
119 0.26766091051805335 0.20545454545454545 0.026687598116169546 0.02727272727272727
118 0.44152276295133436 0.8554545454545455 0.03218210361067504 0.03090909090909091
176 0.3029827315541601 0.26227272727272727 0.02511773940345369 0.03363636363636364
22 0.5561224489795918 0.3145454545454546 0.019623233908948195 0.023636363636363636
7 0.6145996860282574 0.9118181818181819 0.018838304552590265 0.025454545454545455
