44 0.3569415081042988 0.7734 0.0824524312896406 0.0436
99 0.46441155743481327 0.1146 0.05496828752642706 0.0412
224 0.43516560958421424 0.4352 0.06272022551092318 0.04
58 0.25898520084566595 0.5496 0.07822410147991543 0.0432
149 0.6229739252995067 0.2272 0.06624383368569416 0.0376
7 0.3763213530655391 0.3226 0.05919661733615222 0.0516
6 0.3971106412966878 0.6078 0.059901338971106416 0.0436
6 0.5408738548273432 0.5552 0.06976744186046512 0.048
149 0.4700493305144468 0.4854 0.07188160676532769 0.0476
224 0.5461592670894997 0.2736 0.046511627906976744 0.0384
22 0.324876673713883 0.2264 0.05214940098661029 0.0336
118 0.284707540521494 0.775 0.0916138125440451 0.0508
118 0.3181818181818182 0.3168 0.08527131782945736 0.0432
22 0.4404510218463707 0.5512 0.0507399577167019 0.0504
160 0.5207892882311487 0.1148 0.06060606060606061 0.04
110 0.277307963354475 0.2298 0.05003523608174771 0.034
200 0.3608174770965469 0.377 0.06201550387596899 0.0388
118 0.45278365045806906 0.2716 0.06272022551092318 0.0424
22 0.3023255813953488 0.4822 0.06765327695560254 0.0404
118 0.5310077519379846 0.6136 0.07822410147991543 0.0528
224 0.34002818886539815 0.6072 0.059901338971106416 0.044
118 0.43305144467935164 0.7714 0.08104298801973221 0.0468
149 0.6476391825229034 0.2752 0.06624383368569416 0.0376
118 0.43481324876673716 0.3216 0.07047216349541931 0.04
7 0.5863284002818887 0.5562 0.06201550387596899 0.0532
13 0.591261451726568 0.2782 0.06483439041578576 0.0364
224 0.4866102889358703 0.5536 0.04580690627202255 0.0432
176 0.5648343904157858 0.1666 0.06835799859055673 0.0436
224 0.379492600422833 0.163 0.052854122621564484 0.0396
224 0.7131782945736435 0.2786 0.06765327695560254 0.0412
22 0.45313601127554615 0.2216 0.06906272022551092 0.04
176 0.38125440451021847 0.5496 0.0817477096546864 0.0536
7 0.31219168428470756 0.5516 0.05919661733615222 0.0464
211 0.3488372093023256 0.4814 0.035236081747709654 0.042
99 0.5081042988019733 0.1664 0.04933051444679352 0.0416
7 0.2868217054263566 0.6064 0.06342494714587738 0.0432
119 0.5701198026779423 0.2262 0.05637773079633545 0.038
211 0.5028188865398168 0.2748 0.03875968992248062 0.0392
211 0.638477801268499 0.5556 0.04933051444679352 0.0496
160 0.3784355179704017 0.4344 0.06060606060606061 0.0504
118 0.3844256518675123 0.2218 0.07540521494009866 0.0364
22 0.4164904862579281 0.111 0.042283298097251586 0.0388
149 0.4584214235377026 0.61 0.07399577167019028 0.0448
224 0.5324171952078929 0.4858 0.058491895701198025 0.0436
149 0.44608879492600423 0.1644 0.080338266384778 0.0424
6 0.5169133192389006 0.2248 0.06412966878083157 0.0416
44 0.3787878787878788 0.2678 0.0824524312896406 0.0324
211 0.31113460183227626 0.2682 0.048625792811839326 0.0332
185 0.3985200845665962 0.484 0.07681465821000705 0.0488
