7 0.33975 0.29878048780487804 0.0335 0.042682926829268296
160 0.70125 0.47065548780487804 0.0295 0.04801829268292683
22 0.45525 0.3597560975609756 0.0225 0.04420731707317073
44 0.2975 0.24504573170731708 0.037 0.041920731707317076
7 0.28775 0.8357469512195121 0.0215 0.04344512195121951
22 0.546 0.8273628048780488 0.026 0.04344512195121951
7 0.34775 0.5377286585365854 0.0245 0.041920731707317076
118 0.46025 0.4733231707317073 0.0295 0.041158536585365856
200 0.4195 0.7709603658536586 0.029 0.04649390243902439
119 0.18725 0.18902439024390244 0.0265 0.038109756097560975
211 0.48225 0.8891006097560976 0.0105 0.04344512195121951
7 0.76925 0.6966463414634146 0.0295 0.042682926829268296
44 0.31475 0.834984756097561 0.0295 0.041920731707317076
13 0.2835 0.18292682926829268 0.026 0.04573170731707317
32 0.38625 0.4169207317073171 0.0275 0.042682926829268296
22 0.5145 0.47103658536585363 0.021 0.038109756097560975
211 0.4655 0.5899390243902439 0.009 0.041158536585365856
118 0.329 0.24466463414634146 0.033 0.04573170731707317
118 0.7505 0.8170731707317073 0.029 0.04725609756097561
106 0.3255 0.7115091463414634 0.032 0.04496951219512195
200 0.46 0.8258384146341463 0.024 0.04344512195121951
13 0.677 0.234375 0.025 0.04344512195121951
13 0.6685 0.4112042682926829 0.024 0.040396341463414635
22 0.20475 0.31097560975609756 0.0235 0.042682926829268296
32 0.768 0.23704268292682926 0.038 0.05030487804878049
7 0.305 0.6539634146341463 0.021 0.041158536585365856
58 0.22075 0.12652439024390244 0.0425 0.04725609756097561
149 0.489 0.4725609756097561 0.032 0.04420731707317073
99 0.572 0.2976371951219512 0.018 0.04496951219512195
58 0.615 0.4138719512195122 0.037 0.04573170731707317
22 0.56025 0.5903201219512195 0.0215 0.041920731707317076
44 0.3265 0.36089939024390244 0.039 0.038871951219512195
7 0.61425 0.8273628048780488 0.0235 0.052591463414634144
149 0.7215 0.17721036585365854 0.029 0.051067073170731704
99 0.49125 0.4169207317073171 0.0215 0.04420731707317073
160 0.7475 0.24085365853658536 0.025 0.057926829268292686
211 0.50475 0.11547256097560976 0.0105 0.040396341463414635
13 0.55075 0.2938262195121951 0.0235 0.04801829268292683
13 0.39675 0.5903201219512195 0.0205 0.041920731707317076
200 0.685 0.5297256097560976 0.025 0.04420731707317073
7 0.3675 0.24047256097560976 0.022 0.051067073170731704
22 0.41325 0.5929878048780488 0.0215 0.042682926829268296
32 0.3385 0.5945121951219512 0.021 0.04420731707317073
7 0.37375 0.708079268292683 0.0245 0.041158536585365856
106 0.37575 0.833079268292683 0.0285 0.04420731707317073
58 0.58675 0.23513719512195122 0.0365 0.04344512195121951
58 0.62925 0.35251524390243905 0.0325 0.04649390243902439
224 0.38525 0.6482469512195121 0.0215 0.040396341463414635
149 0.36275 0.4165396341463415 0.0235 0.04496951219512195
22 0.557 0.23666158536585366 0.028 0.04344512195121951
7 0.503 0.5339176829268293 0.024 0.04649390243902439
13 0.645 0.17530487804878048 0.021 0.056402439024390245
160 0.506 0.35708841463414637 0.028 0.040396341463414635
160 0.72175 0.7012195121951219 0.0215 0.04878048780487805
7 0.372 0.28125 0.017 0.027439024390243903
58 0.42975 0.1794969512195122 0.0365 0.04649390243902439
7 0.561 0.6463414634146342 0.027 0.04420731707317073
44 0.4475 0.29878048780487804 0.042 0.04420731707317073
106 0.2685 0.24809451219512196 0.029 0.041920731707317076
118 0.685 0.8235518292682927 0.026 0.04496951219512195
13 0.23475 0.1878810975609756 0.0275 0.041920731707317076
7 0.55025 0.41234756097560976 0.0245 0.04573170731707317
22 0.239 0.8338414634146342 0.027 0.04725609756097561
7 0.48725 0.11356707317073171 0.0225 0.042682926829268296
99 0.358 0.5952743902439024 0.017 0.04573170731707317
76 0.4645 0.1794969512195122 0.032 0.07545731707317073
118 0.71525 0.526295731707317 0.0245 0.057164634146341466
106 0.41275 0.8296493902439024 0.0325 0.04649390243902439
200 0.4985 0.6471036585365854 0.026 0.039634146341463415
7 0.35425 0.6528201219512195 0.0255 0.04344512195121951
200 0.3 0.5392530487804879 0.022 0.041920731707317076
200 0.272 0.4805640243902439 0.026 0.040396341463414635
58 0.2715 0.5990853658536586 0.033 0.042682926829268296
13 0.71525 0.5880335365853658 0.0285 0.057164634146341466
22 0.3255 0.12423780487804878 0.026 0.04725609756097561
13 0.6215 0.5285823170731707 0.02 0.040396341463414635
224 0.61525 0.17759146341463414 0.0155 0.04573170731707317
99 0.438 0.828125 0.02 0.040396341463414635
7 0.40125 0.18140243902439024 0.0295 0.04878048780487805
106 0.484 0.23742378048780488 0.036 0.04496951219512195
224 0.584 0.5918445121951219 0.028 0.040396341463414635
32 0.39675 0.11356707317073171 0.0215 0.042682926829268296
118 0.485 0.3014481707317073 0.032 0.04496951219512195
149 0.431 0.23742378048780488 0.029 0.04496951219512195
160 0.46775 0.7663871951219512 0.0275 0.041920731707317076
200 0.6005 0.35327743902439024 0.024 0.04344512195121951
22 0.3555 0.18178353658536586 0.026 0.04496951219512195
119 0.58425 0.11204268292682927 0.0295 0.04878048780487805
58 0.39575 0.24085365853658536 0.0385 0.05030487804878049
149 0.38075 0.4763719512195122 0.0275 0.041158536585365856
118 0.296 0.47827743902439024 0.029 0.04496951219512195
22 0.539 0.17721036585365854 0.025 0.04801829268292683
7 0.43025 0.4173018292682927 0.0255 0.038871951219512195
211 0.3695 0.6516768292682927 0.012 0.04420731707317073
22 0.61975 0.4721798780487805 0.0245 0.038871951219512195
211 0.32075 0.41958841463414637 0.0115 0.04344512195121951
200 0.41775 0.1173780487804878 0.0225 0.04420731707317073
99 0.46325 0.7076981707317073 0.0185 0.04954268292682927
200 0.463 0.649390243902439 0.024 0.036585365853658534
13 0.7305 0.23513719512195122 0.026 0.057164634146341466
118 0.4795 0.5323932926829268 0.029 0.04649390243902439
224 0.6705 0.7023628048780488 0.023 0.041920731707317076
185 0.525 0.7641006097560976 0.031 0.04649390243902439
185 0.47875 0.3567073170731707 0.0315 0.041158536585365856
118 0.31275 0.5964176829268293 0.0305 0.041920731707317076
211 0.519 0.5907012195121951 0.013 0.04573170731707317
58 0.515 0.8269817073170732 0.034 0.04573170731707317
13 0.703 0.2926829268292683 0.026 0.04725609756097561
106 0.60275 0.7019817073170732 0.0325 0.04878048780487805
7 0.551 0.7633384146341463 0.027 0.041920731707317076
44 0.52 0.4142530487804878 0.036 0.038871951219512195
7 0.37775 0.59375 0.0245 0.042682926829268296
13 0.34975 0.2423780487804878 0.0225 0.04573170731707317
22 0.7 0.234375 0.024 0.04649390243902439
176 0.35875 0.2816310975609756 0.0175 0.023628048780487805
160 0.4 0.5354420731707317 0.028 0.04649390243902439
200 0.72475 0.8178353658536586 0.0245 0.04725609756097561
118 0.6715 0.2942073170731707 0.033 0.04420731707317073
211 0.63025 0.1798780487804878 0.0105 0.04725609756097561
22 0.48425 0.8250762195121951 0.0265 0.038871951219512195
119 0.70225 0.35327743902439024 0.0245 0.041920731707317076
118 0.32325 0.538109756097561 0.0265 0.04420731707317073
58 0.4085 0.47560975609756095 0.032 0.041158536585365856
99 0.3785 0.8963414634146342 0.023 0.04420731707317073
22 0.43575 0.4737042682926829 0.0215 0.040396341463414635
211 0.59775 0.17835365853658536 0.0135 0.04725609756097561
200 0.53825 0.6490091463414634 0.0235 0.04801829268292683
44 0.76675 0.5807926829268293 0.0315 0.056402439024390245
200 0.569 0.4733231707317073 0.024 0.038109756097560975
200 0.644 0.7023628048780488 0.02 0.038871951219512195
200 0.21075 0.19054878048780488 0.0275 0.041158536585365856
44 0.5985 0.29458841463414637 0.036 0.041920731707317076
7 0.33525 0.7728658536585366 0.0305 0.041158536585365856
13 0.55675 0.7008384146341463 0.0275 0.04649390243902439
7 0.41325 0.3601371951219512 0.0275 0.04954268292682927
106 0.43425 0.6490091463414634 0.0325 0.040396341463414635
119 0.26625 0.8353658536585366 0.0255 0.04878048780487805
22 0.64075 0.5297256097560976 0.0245 0.042682926829268296
13 0.3025 0.12233231707317073 0.027 0.040396341463414635
22 0.302 0.711890243902439 0.023 0.041158536585365856
13 0.745 0.5285823170731707 0.03 0.04954268292682927
6 0.68875 0.1798780487804878 0.0335 0.057926829268292686
58 0.42825 0.5354420731707317 0.0325 0.04801829268292683
99 0.561 0.1798780487804878 0.02 0.053353658536585365
211 0.53 0.4717987804878049 0.012 0.042682926829268296
13 0.59625 0.8246951219512195 0.0285 0.053353658536585365
118 0.7925 0.5796493902439024 0.023 0.054115853658536585
160 0.59425 0.46989329268292684 0.0285 0.041920731707317076
118 0.38875 0.770579268292683 0.0305 0.04573170731707317
200 0.48225 0.7054115853658537 0.0255 0.04496951219512195
6 0.18725 0.2538109756097561 0.0255 0.04573170731707317
7 0.57825 0.7019817073170732 0.0245 0.04573170731707317
22 0.66025 0.3567073170731707 0.0305 0.041158536585365856
149 0.6905 0.4112042682926829 0.026 0.04344512195121951
185 0.32075 0.47865853658536583 0.0235 0.041158536585365856
32 0.46475 0.11471036585365854 0.0265 0.040396341463414635
22 0.724 0.29458841463414637 0.025 0.04496951219512195
76 0.5255 0.11280487804878049 0.036 0.0975609756097561
160 0.66175 0.8224085365853658 0.0245 0.04420731707317073
44 0.63725 0.2964939024390244 0.0415 0.039634146341463415
211 0.28325 0.5365853658536586 0.0205 0.05030487804878049
22 0.47225 0.4173018292682927 0.0195 0.040396341463414635
118 0.36175 0.3601371951219512 0.0325 0.04496951219512195
58 0.33025 0.18407012195121952 0.0325 0.04649390243902439
211 0.48 0.6478658536585366 0.012 0.04573170731707317
200 0.25125 0.12614329268292682 0.0285 0.040396341463414635
99 0.40925 0.41996951219512196 0.0205 0.04420731707317073
176 0.53725 0.5891768292682927 0.0275 0.042682926829268296
160 0.52275 0.8852896341463414 0.0305 0.040396341463414635
224 0.6915 0.5880335365853658 0.021 0.055640243902439025
118 0.571 0.828125 0.026 0.051067073170731704
118 0.4185 0.8944359756097561 0.025 0.054115853658536585
32 0.444 0.8879573170731707 0.028 0.04878048780487805
32 0.25 0.3094512195121951 0.028 0.042682926829268296
211 0.566 0.4146341463414634 0.008 0.039634146341463415
185 0.743 0.6970274390243902 0.029 0.04344512195121951
7 0.608 0.5907012195121951 0.025 0.041158536585365856
200 0.62825 0.7621951219512195 0.0215 0.04420731707317073
22 0.27425 0.30678353658536583 0.0215 0.04496951219512195
176 0.6385 0.8243140243902439 0.033 0.04801829268292683
32 0.3905 0.3589939024390244 0.027 0.04725609756097561
13 0.44925 0.4180640243902439 0.0245 0.04649390243902439
99 0.6095 0.7595274390243902 0.016 0.04801829268292683
211 0.6775 0.5918445121951219 0.012 0.052591463414634144
211 0.338 0.47751524390243905 0.009 0.038871951219512195
143 0.3545 0.4767530487804878 0.025 0.041920731707317076
22 0.50525 0.7027439024390244 0.0225 0.04420731707317073
119 0.26175 0.7732469512195121 0.0215 0.04649390243902439
44 0.291 0.36166158536585363 0.034 0.035823170731707314
99 0.51925 0.6459603658536586 0.0175 0.038871951219512195
200 0.6155 0.23704268292682926 0.033 0.04420731707317073
99 0.6635 0.5301067073170732 0.016 0.04344512195121951
160 0.55775 0.11089939024390244 0.0315 0.052591463414634144
44 0.58775 0.645579268292683 0.0375 0.04420731707317073
76 0.58575 0.7694359756097561 0.0305 0.06935975609756098
22 0.6765 0.4729420731707317 0.022 0.04496951219512195
32 0.30925 0.7732469512195121 0.0275 0.04496951219512195
200 0.655 0.2339939024390244 0.024 0.041158536585365856
13 0.427 0.7008384146341463 0.021 0.04496951219512195
13 0.52275 0.5308689024390244 0.0245 0.04496951219512195
22 0.3525 0.711890243902439 0.022 0.04420731707317073
211 0.56775 0.7629573170731707 0.0105 0.04725609756097561
149 0.28 0.7164634146341463 0.024 0.038109756097560975
6 0.57625 0.3548018292682927 0.0215 0.04344512195121951
7 0.6205 0.8883384146341463 0.026 0.04344512195121951
200 0.7295 0.3521341463414634 0.028 0.04878048780487805
160 0.283 0.7717225609756098 0.025 0.041920731707317076
22 0.502 0.7663871951219512 0.023 0.04801829268292683
7 0.73575 0.5823170731707317 0.0315 0.04420731707317073
224 0.44175 0.1173780487804878 0.0235 0.04573170731707317
118 0.531 0.7027439024390244 0.032 0.04573170731707317
200 0.28825 0.4192073170731707 0.0275 0.04420731707317073
7 0.468 0.8910060975609756 0.024 0.051829268292682924
224 0.48225 0.5891768292682927 0.0215 0.038109756097560975
224 0.631 0.588795731707317 0.028 0.04649390243902439
200 0.2835 0.6535823170731707 0.021 0.040396341463414635
224 0.4575 0.23932926829268292 0.026 0.041158536585365856
99 0.6235 0.7023628048780488 0.019 0.04496951219512195
118 0.6545 0.7641006097560976 0.031 0.04649390243902439
176 0.32525 0.9032012195121951 0.0315 0.051829268292682924
200 0.45525 0.536204268292683 0.0245 0.041920731707317076
118 0.75825 0.3559451219512195 0.0305 0.06554878048780488
224 0.5305 0.3548018292682927 0.027 0.04496951219512195
200 0.50975 0.2381859756097561 0.0245 0.04649390243902439
149 0.64425 0.4112042682926829 0.0255 0.04496951219512195
224 0.2415 0.897484756097561 0.02 0.052591463414634144
224 0.4445 0.7679115853658537 0.027 0.040396341463414635
118 0.29775 0.30678353658536583 0.0295 0.04649390243902439
211 0.3835 0.27972560975609756 0.011 0.022865853658536585
211 0.29225 0.600609756097561 0.0105 0.042682926829268296
99 0.433 0.5926067073170732 0.018 0.041920731707317076
106 0.398 0.7042682926829268 0.032 0.041158536585365856
13 0.51875 0.1760670731707317 0.0275 0.051829268292682924
200 0.49525 0.1756859756097561 0.0295 0.04344512195121951
99 0.58575 0.5323932926829268 0.0185 0.04496951219512195
185 0.33675 0.42035060975609756 0.0255 0.04496951219512195
224 0.28175 0.09527439024390244 0.0225 0.03201219512195122
200 0.58025 0.17835365853658536 0.0215 0.05030487804878049
32 0.35175 0.12233231707317073 0.0285 0.040396341463414635
211 0.70675 0.8163109756097561 0.0215 0.054878048780487805
32 0.567 0.5293445121951219 0.026 0.04649390243902439
106 0.33075 0.6535823170731707 0.0315 0.040396341463414635
149 0.26175 0.1836890243902439 0.0315 0.041158536585365856
119 0.53225 0.23742378048780488 0.0305 0.04496951219512195
7 0.4495 0.5914634146341463 0.022 0.04420731707317073
7 0.6055 0.5308689024390244 0.025 0.04649390243902439
13 0.433 0.35708841463414637 0.024 0.04344512195121951
22 0.445 0.7065548780487805 0.023 0.04573170731707317
211 0.63825 0.23780487804878048 0.0155 0.042682926829268296
58 0.374 0.5354420731707317 0.036 0.04496951219512195
76 0.64725 0.4695121951219512 0.0295 0.08231707317073171
106 0.54775 0.4717987804878049 0.0285 0.04573170731707317
118 0.26375 0.4211128048780488 0.0235 0.051067073170731704
200 0.353 0.772484756097561 0.023 0.037347560975609755
118 0.2125 0.8334603658536586 0.028 0.04954268292682927
7 0.306 0.18445121951219512 0.023 0.04420731707317073
106 0.6545 0.5907012195121951 0.029 0.05030487804878049
118 0.621 0.645579268292683 0.031 0.04725609756097561
149 0.4065 0.6482469512195121 0.025 0.04496951219512195
99 0.2075 0.2534298780487805 0.02 0.04649390243902439
22 0.5305 0.2976371951219512 0.024 0.04344512195121951
211 0.6625 0.1760670731707317 0.018 0.06554878048780488
22 0.552 0.3551829268292683 0.024 0.038109756097560975
22 0.34725 0.8342225609756098 0.0295 0.04344512195121951
99 0.307 0.42378048780487804 0.018 0.04573170731707317
13 0.51025 0.29878048780487804 0.0245 0.04725609756097561
13 0.263 0.6592987804878049 0.026 0.04420731707317073
149 0.699 0.7004573170731707 0.027 0.041158536585365856
211 0.48625 0.7671493902439024 0.0135 0.04496951219512195
176 0.58325 0.4115853658536585 0.0285 0.041158536585365856
160 0.2595 0.5415396341463414 0.032 0.04649390243902439
44 0.23475 0.24847560975609756 0.0365 0.0350609756097561
224 0.26275 0.899390243902439 0.0215 0.05030487804878049
211 0.39675 0.8948170731707317 0.0135 0.054878048780487805
22 0.5435 0.5323932926829268 0.024 0.04649390243902439
13 0.50175 0.5903201219512195 0.0255 0.04649390243902439
