7 0.5312619869581895 0.38761335134092223 0.039125431530494824 0.021609106694964308
200 0.38703490602224777 0.44607370248890604 0.03068661296509398 0.018522091452826548
119 0.5723053317990027 0.22699208952344202 0.04449558879938627 0.029133706347675092
99 0.5237821250479479 0.3612772525564345 0.028001534330648253 0.025274937295002894
200 0.6873801304181051 0.4433725641520355 0.03145377828922133 0.01813621454755933
99 0.6001150747986191 0.4453019486783716 0.024165707710011506 0.027783137179239824
7 0.49098580744150366 0.30387806289793556 0.04065976217874952 0.01967972216862821
185 0.5609896432681243 0.5550839282268957 0.04564633678557729 0.023538491221300407
160 0.38684311469121596 0.5932857418483504 0.0349060222477944 0.01813621454755933
118 0.6304181051016494 0.5853752652903724 0.0379746835443038 0.021994983600231527
160 0.397391637897967 0.5308701524213776 0.03452243958573072 0.024117306579201234
106 0.6200613732259301 0.27686667952923016 0.04487917146144994 0.020065599073895428
118 0.4921365554276947 0.5879799344009261 0.04219409282700422 0.019872660621261817
22 0.35404679708477177 0.22004630522863206 0.02991944764096663 0.025660814200270114
13 0.38108937476026084 0.41906231912020064 0.03874184886843115 0.022380860505498746
211 0.5046029919447641 0.44404784873625314 0.015726889144610665 0.01871502990546016
44 0.38722669735327964 0.13804746285934788 0.04794783275795934 0.021802045147597916
22 0.5864978902953587 0.4141423885780436 0.019946298427311087 0.01910090681072738
185 0.6244725738396625 0.468840439899672 0.04219409282700422 0.01813621454755933
106 0.7117376294591484 0.6091066949643064 0.0349060222477944 0.023152614316033184
200 0.6524741081703107 0.41317769631487555 0.02915228231683928 0.01910090681072738
211 0.3212504794783276 0.3315647308508586 0.024165707710011506 0.026046691105537333
7 0.6894898350594553 0.3606019679722169 0.026467203682393557 0.025081998842369283
211 0.467011891062524 0.16872467682809184 0.019562715765247412 0.02643256801080455
22 0.4388185654008439 0.4729886166312946 0.03145377828922133 0.021802045147597916
224 0.6258151131568853 0.5540227667374108 0.03720751822017645 0.019872660621261817
22 0.6425009589566552 0.6103607949064248 0.03068661296509398 0.024117306579201234
7 0.7915228231683928 0.3336870538298283 0.031837360951285004 0.027204321821338993
185 0.42155734560797853 0.16448003087015242 0.04372842347525892 0.024117306579201234
7 0.39643268124280784 0.3047462859347868 0.03720751822017645 0.021416168242330696
168 0.413885692366705 0.24715415782365424 0.039892596854622174 0.03472892147404978
118 0.3287303413885692 0.5027976075631874 0.04219409282700422 0.023538491221300407
99 0.4388185654008439 0.6455720625120587 0.02991944764096663 0.021609106694964308
160 0.7021480629075566 0.2777349025660814 0.03720751822017645 0.019872660621261817
58 0.3218258534714231 0.6154736639012155 0.04833141542002301 0.022766737410765965
118 0.5680859225163023 0.38742041288828866 0.04296125815113157 0.021223229789697085
211 0.6375143843498274 0.35876905267219755 0.016877637130801686 0.027204321821338993
7 0.491752972765631 0.35876905267219755 0.039125431530494824 0.021030291337063477
118 0.3989259685462217 0.2753231719081613 0.039125431530494824 0.01967972216862821
118 0.6952435749904105 0.3037815936716188 0.0379746835443038 0.023345552768666795
200 0.6329113924050633 0.3880956974725063 0.023014959723820484 0.019872660621261817
99 0.44495588799386265 0.5601967972216862 0.022247794399693134 0.025660814200270114
7 0.4767932489451477 0.41558942697279566 0.039892596854622174 0.021223229789697085
200 0.747602608362102 0.5273007910476558 0.03222094361334868 0.01775033764229211
22 0.5663598005370157 0.3048427551611036 0.0333716915995397 0.01967972216862821
22 0.3306482546988876 0.24840825776577272 0.03452243958573072 0.023345552768666795
118 0.5095895665515918 0.5579780050163997 0.04411200613732259 0.021223229789697085
118 0.44131185270425777 0.38925332818830793 0.0333716915995397 0.023345552768666795
200 0.3845416187188339 0.24647887323943662 0.02032988108937476 0.019486783715994598
200 0.48388952819332565 0.4435655026046691 0.025700038358266206 0.01775033764229211
224 0.3881856540084388 0.5015435076210689 0.03452243958573072 0.021030291337063477
200 0.517644802454929 0.47376037044182906 0.024932873034138856 0.01871502990546016
211 0.49002685078634445 0.47549681651553155 0.024932873034138856 0.020258537526529036
160 0.3147295742232451 0.6457650009646922 0.04564633678557729 0.021223229789697085
200 0.35097813578826237 0.5926104572641328 0.039892596854622174 0.01678564537912406
110 0.5122746451860376 0.41655411923596375 0.03413885692366705 0.022380860505498746
13 0.6336785577291907 0.528651360216091 0.04449558879938627 0.021994983600231527
32 0.49098580744150366 0.530677213968744 0.04296125815113157 0.022959675863399576
185 0.4754507096279248 0.1933243295388771 0.0364403528960491 0.01813621454755933
58 0.6611047180667434 0.3866486590777542 0.0364403528960491 0.021994983600231527
13 0.364403528960491 0.44771367933629175 0.02915228231683928 0.021802045147597916
7 0.7192174913693901 0.49903530773683197 0.04986574606827771 0.021030291337063477
118 0.5797851937092443 0.27619139494501255 0.04104334484081319 0.02064441443179626
7 0.5233985423858841 0.526721975689755 0.0333716915995397 0.018907968358093767
185 0.31089374760260835 0.5586532896006174 0.0364403528960491 0.021416168242330696
110 0.4643268124280783 0.3044568782558364 0.03567318757192175 0.022766737410765965
7 0.3670886075949367 0.5319313139108625 0.04219409282700422 0.023538491221300407
58 0.7207518220176448 0.4437584410573027 0.04602991944764097 0.018522091452826548
7 0.5563866513233602 0.24908354234999036 0.0379746835443038 0.020837352884429866
7 0.40103567318757194 0.47482153193131393 0.04257767548906789 0.023924368126567626
224 0.3440736478711162 0.38819216669882306 0.02991944764096663 0.022766737410765965
185 0.4549290372075182 0.2460929963341694 0.04219409282700422 0.021802045147597916
22 0.581319524357499 0.36002315261431606 0.028001534330648253 0.022766737410765965
22 0.5021097046413502 0.45938645572062514 0.02915228231683928 0.016978583831757668
22 0.6864211737629459 0.5543121744163612 0.03720751822017645 0.023538491221300407
22 0.7226697353279632 0.41356357322014276 0.04065976217874952 0.020258537526529036
32 0.32163406214039125 0.27792784101871504 0.032604526275412354 0.019486783715994598
211 0.3665132336018412 0.3332047076982443 0.02032988108937476 0.021994983600231527
224 0.6440352896049099 0.4431796256994019 0.022247794399693134 0.019293845263360986
22 0.5592635212888377 0.331854138529809 0.03222094361334868 0.024696121937102064
211 0.582662063674722 0.33465174609299636 0.016877637130801686 0.01910090681072738
200 0.6672420406597622 0.3033957167663515 0.024932873034138856 0.020258537526529036
200 0.6206367472190257 0.3574184835037623 0.022247794399693134 0.01910090681072738
200 0.34829305715381664 0.41906231912020064 0.03298810893747603 0.021609106694964308
22 0.3924050632911392 0.16351533860698436 0.02915228231683928 0.022187922052865135
7 0.4039125431530495 0.6457650009646922 0.04679708477176832 0.021223229789697085
160 0.41676256233218256 0.44645957939417324 0.03874184886843115 0.022766737410765965
200 0.7522056003068661 0.36243488327223616 0.037591100882240124 0.025660814200270114
58 0.6016494054468738 0.3047462859347868 0.04257767548906789 0.024117306579201234
32 0.5723053317990027 0.47009453984179045 0.03298810893747603 0.021802045147597916
22 0.5993479094744918 0.5554698051321628 0.024165707710011506 0.016978583831757668
211 0.4142692750287687 0.38963920509357514 0.019179133103183737 0.02064441443179626
7 0.6534330648254699 0.33166120007717537 0.0364403528960491 0.021223229789697085
224 0.33237437667817415 0.3047462859347868 0.028768699654775604 0.019486783715994598
13 0.5615650172612198 0.5294231140266255 0.04833141542002301 0.021223229789697085
160 0.5404679708477177 0.47385683966814585 0.022247794399693134 0.027783137179239824
22 0.3563482930571538 0.6150877869959482 0.03068661296509398 0.023538491221300407
110 0.46029919447640966 0.5018329153000193 0.03298810893747603 0.022380860505498746
211 0.7242040659762179 0.3040710013505692 0.016877637130801686 0.021994983600231527
7 0.5939777522056003 0.5289407678950415 0.0349060222477944 0.020258537526529036
211 0.3367855772919064 0.4417325873046498 0.04142692750287687 0.01639976847385684
200 0.420981971614883 0.5567239050742813 0.025700038358266206 0.01524213775805518
200 0.5997314921365554 0.5841211653482539 0.026467203682393557 0.01871502990546016
8 0.6988876102800153 0.3890603897356743 0.022247794399693134 0.021030291337063477
118 0.6950517836593786 0.33127532317190816 0.039892596854622174 0.020451475979162647
149 0.5619485999232835 0.5013505691684352 0.03375527426160337 0.022187922052865135
118 0.7303413885692367 0.5554698051321628 0.05063291139240506 0.021994983600231527
224 0.36881472957422323 0.3615666602353849 0.024932873034138856 0.020065599073895428
119 0.3582662063674722 0.24754003472892147 0.04065976217874952 0.01967972216862821
13 0.4407364787111623 0.41722940382018137 0.04065976217874952 0.021030291337063477
13 0.5694284618335251 0.5852787960640555 0.03874184886843115 0.020258537526529036
13 0.3818565400843882 0.39070036658306 0.04411200613732259 0.026239629558170944
200 0.3469505178365938 0.36040902951958326 0.025700038358266206 0.016978583831757668
7 0.3814729574223245 0.21927455141809762 0.04334484081319524 0.023345552768666795
200 0.45761411584196393 0.5299054601582095 0.03375527426160337 0.023731429673934015
211 0.7652474108170311 0.3319506077561258 0.018411967779056387 0.024503183484468456
224 0.6634062140391255 0.35973374493536564 0.025700038358266206 0.027204321821338993
211 0.6601457614115842 0.2506270499710592 0.01611047180667434 0.019293845263360986
106 0.7188339087073264 0.3613737217827513 0.04449558879938627 0.021223229789697085
7 0.7347525891829689 0.2772525564344974 0.04257767548906789 0.020837352884429866
22 0.643843498273878 0.24908354234999036 0.027234369006520907 0.023152614316033184
22 0.5391254315304949 0.22583445880764036 0.026467203682393557 0.023345552768666795
106 0.4685462217107787 0.4747250627049971 0.024932873034138856 0.025274937295002894
118 0.6104718066743383 0.6085278796064055 0.0379746835443038 0.018522091452826548
99 0.32105868814729577 0.41693999614123095 0.02991944764096663 0.022380860505498746
118 0.619102416570771 0.41346710399382597 0.04372842347525892 0.023538491221300407
200 0.6497890295358649 0.27686667952923016 0.02685078634445723 0.020837352884429866
99 0.4969313387034906 0.38983214354620876 0.026467203682393557 0.025274937295002894
44 0.32508630609896433 0.16718116920702297 0.0379746835443038 0.024503183484468456
32 0.49309551208285385 0.5007717538105344 0.03413885692366705 0.021030291337063477
32 0.3260452627541235 0.2207215898128497 0.039125431530494824 0.023538491221300407
118 0.6822017644802455 0.41346710399382597 0.03874184886843115 0.018522091452826548
224 0.7096279248177982 0.4699016013891569 0.02915228231683928 0.019872660621261817
110 0.5525508247027234 0.3633031063090874 0.0349060222477944 0.026625506463438163
149 0.5303030303030303 0.5859540806482731 0.04411200613732259 0.022380860505498746
176 0.6551591868047564 0.55344395137951 0.021480629075565784 0.01871502990546016
211 0.4470655926352129 0.3305035693613737 0.013425393172228616 0.023924368126567626
211 0.6233218258534714 0.4438549102836195 0.017644802454929037 0.024889060389735675
160 0.6574606827771384 0.46932278603125605 0.02761795166858458 0.020258537526529036
110 0.6453778289221327 0.5009646922631681 0.0364403528960491 0.024117306579201234
7 0.4240506329113924 0.33098591549295775 0.0364403528960491 0.021030291337063477
32 0.39163789796701187 0.3332047076982443 0.03528960490985807 0.025467875747636502
32 0.679324894514768 0.4999035307736832 0.03452243958573072 0.026239629558170944
224 0.3438818565400844 0.33233648466139304 0.02263137706175681 0.024503183484468456
7 0.43402378212504794 0.3031063090874011 0.0379746835443038 0.020837352884429866
149 0.36823935558112775 0.47482153193131393 0.03682393555811277 0.022380860505498746
13 0.3105101649405447 0.5933822110746672 0.04257767548906789 0.01678564537912406
106 0.6975450709627925 0.2506270499710592 0.04948216340621404 0.021994983600231527
13 0.42692750287687 0.5315454370055952 0.03528960490985807 0.024310245031834845
58 0.530686612965094 0.30426393980320277 0.04794783275795934 0.023152614316033184
32 0.36210203298810895 0.16631294617017173 0.03298810893747603 0.028554890989774262
7 0.7232451093210587 0.3893497974146247 0.028001534330648253 0.022380860505498746
118 0.4311469121595704 0.13891568589619913 0.04449558879938627 0.027011383368705382
7 0.46835443037974683 0.5604862049006367 0.03068661296509398 0.023538491221300407
7 0.5301112389719984 0.19467489870731236 0.04602991944764097 0.022766737410765965
119 0.7483697736862294 0.4993247154157824 0.038358266206367474 0.020065599073895428
13 0.45607978519370923 0.44636311016785646 0.04142692750287687 0.019872660621261817
118 0.7115458381281166 0.5273007910476558 0.04142692750287687 0.021994983600231527
22 0.549482163406214 0.442118464209917 0.025700038358266206 0.023345552768666795
224 0.3413885692366705 0.4744356550260467 0.03068661296509398 0.022380860505498746
211 0.48638281549673956 0.27619139494501255 0.016877637130801686 0.024889060389735675
118 0.6398158803222095 0.30493922438742044 0.04065976217874952 0.024503183484468456
58 0.549482163406214 0.41452826548331084 0.05024932873034139 0.020258537526529036
22 0.3970080552359033 0.36185606791433533 0.02991944764096663 0.021416168242330696
44 0.3582662063674722 0.27609492571869576 0.04756425009589567 0.01775033764229211
200 0.4721902570003836 0.3913756511672776 0.03068661296509398 0.024889060389735675
149 0.67222861526659 0.5292301755739919 0.03874184886843115 0.022380860505498746
224 0.6825853471423091 0.4708662936523249 0.02186421173762946 0.021030291337063477
58 0.6762562332182586 0.6089137565116728 0.04065976217874952 0.021994983600231527
22 0.7364787111622555 0.46835809376808796 0.02991944764096663 0.018329153000192937
211 0.6187188339087073 0.5015435076210689 0.019946298427311087 0.021802045147597916
119 0.6724204065976218 0.2772525564344974 0.039892596854622174 0.020837352884429866
211 0.6022247794399693 0.3606019679722169 0.016877637130801686 0.024696121937102064
224 0.41196777905638665 0.5005788153579008 0.02991944764096663 0.023345552768666795
211 0.45301112389719983 0.1683387999228246 0.01227464518603759 0.024503183484468456
13 0.5903337169159953 0.2516882114605441 0.039125431530494824 0.021802045147597916
13 0.6047180667433832 0.38983214354620876 0.0379746835443038 0.025274937295002894
99 0.508247027234369 0.335327030677214 0.02531645569620253 0.025081998842369283
32 0.5232067510548524 0.2503376422921088 0.04372842347525892 0.024503183484468456
119 0.7512466436517069 0.3028169014084507 0.03720751822017645 0.021416168242330696
7 0.3674721902570004 0.558846228053251 0.04986574606827771 0.020258537526529036
118 0.3881856540084388 0.6162454177117499 0.039892596854622174 0.023152614316033184
22 0.44802454929037205 0.19207022959675862 0.03452243958573072 0.021802045147597916
22 0.3143459915611814 0.3869380667567046 0.026467203682393557 0.025274937295002894
160 0.31530494821634064 0.476268570326066 0.03068661296509398 0.019872660621261817
224 0.5253164556962026 0.44404784873625314 0.027234369006520907 0.019486783715994598
13 0.738204833141542 0.33484468454562993 0.03720751822017645 0.026046691105537333
32 0.6635980053701572 0.4432760949257187 0.02531645569620253 0.019486783715994598
76 0.39796701189106254 0.5580744742427166 0.0349060222477944 0.026046691105537333
7 0.46471039509014195 0.6461508778699595 0.032604526275412354 0.020837352884429866
106 0.5124664365170695 0.27686667952923016 0.037591100882240124 0.023538491221300407
200 0.45243574990410435 0.5889446266640942 0.03413885692366705 0.01639976847385684
44 0.7172995780590717 0.5836388192166699 0.039892596854622174 0.021223229789697085
211 0.33544303797468356 0.558363881921667 0.01726121979286536 0.01775033764229211
22 0.4635596471039509 0.36031256029326647 0.026467203682393557 0.023345552768666795
119 0.525891829689298 0.5002894076789504 0.039892596854622174 0.018522091452826548
106 0.43095512082853854 0.36378545244067145 0.04257767548906789 0.022573798958132357
22 0.546029919447641 0.27609492571869576 0.026467203682393557 0.023152614316033184
224 0.59186804756425 0.49951765386841596 0.03222094361334868 0.022766737410765965
99 0.6200613732259301 0.25149527300791047 0.025700038358266206 0.022187922052865135
200 0.35960874568469503 0.5042446459579394 0.028768699654775604 0.021416168242330696
119 0.46029919447640966 0.2750337642292109 0.039125431530494824 0.01910090681072738
7 0.4750671269658611 0.3320470769824426 0.04871499808208669 0.018522091452826548
22 0.40889911775987725 0.417904688404399 0.02991944764096663 0.022380860505498746
106 0.6146912159570388 0.3341693999614123 0.047180667433831994 0.022766737410765965
110 0.5322209436133487 0.33233648466139304 0.025700038358266206 0.024503183484468456
143 0.6729957805907173 0.5840246961219371 0.047180667433831994 0.021994983600231527
185 0.34522439585730724 0.19235963727570904 0.03452243958573072 0.01775033764229211
13 0.4175297276563099 0.5907775419641135 0.03874184886843115 0.01736446073702489
22 0.43191407748369776 0.27406907196604285 0.03222094361334868 0.021030291337063477
13 0.365554276946682 0.3067721396874397 0.038358266206367474 0.022766737410765965
224 0.7932489451476793 0.36214547559328575 0.04219409282700422 0.029712521705575923
106 0.3634445723053318 0.6441250241173065 0.046413502109704644 0.01871502990546016
200 0.5999232834675873 0.4702874782944241 0.02608362102032988 0.019872660621261817
211 0.49865746068277716 0.19544665251784682 0.020713463751438434 0.024310245031834845
160 0.5747986191024166 0.4437584410573027 0.029535864978902954 0.023924368126567626
44 0.38051400076716535 0.1912984757862242 0.04602991944764097 0.01871502990546016
44 0.4873417721518987 0.24889060389735673 0.0364403528960491 0.025081998842369283
32 0.41676256233218256 0.191394945012541 0.028001534330648253 0.023152614316033184
118 0.32105868814729577 0.5348253907003666 0.05983889528193326 0.019293845263360986
118 0.4192558496355965 0.2222650974339186 0.04449558879938627 0.025467875747636502
