6 0.33449842712338346 0.3975225225225225 0.040545263893743445 0.036036036036036036
22 0.26022369800768963 0.81493993993994 0.04508912967493883 0.044294294294294295
149 0.3456833275078644 0.8721846846846847 0.03565186997553303 0.04842342342342342
160 0.21565886053827332 0.6955705705705706 0.03704998252359315 0.04129129129129129
6 0.19556099265990912 0.818506006006006 0.03460328556448794 0.04241741741741742
99 0.24152394267738553 0.6418918918918919 0.030059419783292556 0.048798798798798795
13 0.28329255505068157 0.5213963963963963 0.04508912967493883 0.04504504504504504
13 0.39129674938832576 0.5251501501501501 0.038098566934638235 0.044294294294294295
32 0.17091925900034952 0.34384384384384387 0.052429220552254456 0.044294294294294295
211 0.26179657462425726 0.7601351351351351 0.02446696959105208 0.04279279279279279
149 0.35249912617965745 0.7588213213213213 0.050681579867179305 0.04016516516516516
6 0.3103809856693464 0.9288663663663663 0.052429220552254456 0.04466966966966967
118 0.3729465221950367 0.5807057057057057 0.046137714085983925 0.04279279279279279
160 0.1600838867528836 0.8188813813813813 0.03495281370150297 0.045420420420420424
22 0.18367703600139812 0.8765015015015015 0.03670045438657812 0.03903903903903904
118 0.30181754631247815 0.4577702702702703 0.04578818594896889 0.03641141141141141
7 0.2787486892694862 0.6454579579579579 0.04928346731911919 0.041666666666666664
99 0.29709891646277525 0.8128753753753754 0.030059419783292556 0.04316816816816817
22 0.15571478504019573 0.5788288288288288 0.04648724222299895 0.05780780780780781
99 0.19119189094722125 0.7565690690690691 0.02446696959105208 0.039414414414414414
6 0.3131772107654666 0.646021021021021 0.040545263893743445 0.0457957957957958
160 0.15606431317721076 0.46208708708708707 0.03460328556448794 0.038288288288288286
13 0.34760573226144703 0.2287912912912913 0.03320517301642782 0.04391891891891892
211 0.3130024466969591 0.34253003003003 0.02132121635791681 0.03866366366366367
160 0.29238028661307236 0.3999624624624625 0.038098566934638235 0.039414414414414414
185 0.2693114295700804 0.6968843843843844 0.06675987416987067 0.04692192192192192
7 0.3455085634393569 0.4590840840840841 0.049982523593149246 0.04129129129129129
22 0.17721076546662007 0.6957582582582582 0.041244320167773504 0.04016516516516516
7 0.31090527787486893 0.6974474474474475 0.056274030059419784 0.04804804804804805
224 0.20866829779797275 0.581081081081081 0.040545263893743445 0.03978978978978979
118 0.20150297098916461 0.28246996996997 0.043691017126878715 0.045420420420420424
13 0.158860538273331 0.7567567567567568 0.04019573575672842 0.03753753753753754
176 0.3804613771408598 0.4630255255255255 0.0576721426074799 0.04692192192192192
160 0.3107305138063614 0.22503753753753752 0.03704998252359315 0.041666666666666664
149 0.2845159035302342 0.5786411411411412 0.0482348829080741 0.04091591591591592
13 0.38360713037399513 0.34177927927927926 0.05277874868926949 0.03490990990990991
8 0.2423977630199231 0.5807057057057057 0.03670045438657812 0.04279279279279279
22 0.27944774554351626 0.33952702702702703 0.042991960852848655 0.04091591591591592
7 0.29360363509262494 0.28284534534534533 0.04753582663404404 0.039414414414414414
200 0.22055225445648374 0.5219594594594594 0.040545263893743445 0.03415915915915916
22 0.3390422929045788 0.8115615615615616 0.04753582663404404 0.04129129129129129
22 0.25969940580216705 0.3982732732732733 0.03774903879762321 0.036036036036036036
224 0.3586158685774205 0.699512012012012 0.046137714085983925 0.045420420420420424
22 0.27001048584411047 0.931493993993994 0.031807060468367704 0.04241741741741742
160 0.358441104508913 0.5200825825825826 0.0387976232086683 0.04241741741741742
149 0.17616218105557496 0.39958708708708707 0.04334148898986368 0.03866366366366367
22 0.37941279272981476 0.40146396396396394 0.044390073400908774 0.03866366366366367
22 0.25585459629500173 0.455518018018018 0.041244320167773504 0.03415915915915916
13 0.2200279622509612 0.46133633633633636 0.03949667948269836 0.038288288288288286
211 0.2437958755679832 0.34177927927927926 0.019224047535826634 0.03866366366366367
22 0.3594896889199581 0.28246996996997 0.042991960852848655 0.041666666666666664
176 0.38972387277175813 0.7454954954954955 0.030758476057322615 0.03678678678678678
211 0.26896190143306536 0.8731231231231231 0.03390422929045788 0.04129129129129129
6 0.32628451590353025 0.5788288288288288 0.038098566934638235 0.03753753753753754
200 0.37644180356518697 0.22728978978978978 0.030059419783292556 0.04016516516516516
99 0.3942677385529535 0.2834084084084084 0.030059419783292556 0.042042042042042045
7 0.21548409646976582 0.3397147147147147 0.03949667948269836 0.04804804804804805
32 0.22177560293603635 0.39883633633633636 0.04718629849702901 0.04016516516516516
224 0.34166375393219156 0.34215465465465467 0.037399510660608176 0.04241741741741742
13 0.32348829080741 0.28322072072072074 0.04019573575672842 0.04016516516516516
185 0.2988465571478504 0.7591966966966966 0.0517301642782244 0.04466966966966967
13 0.18157986717930794 0.5223348348348348 0.04508912967493883 0.04692192192192192
200 0.3552953512757777 0.6456456456456456 0.043691017126878715 0.03978978978978979
32 0.25026214610276126 0.28246996996997 0.05033205173016428 0.04391891891891892
106 0.1833275078643831 0.6456456456456456 0.05907025515554002 0.04354354354354354
224 0.188395665851101 0.4588963963963964 0.03145753233135267 0.03566066066066066
118 0.30513806361412094 0.8738738738738738 0.04194337644180356 0.046546546546546545
211 0.4044040545263894 0.22503753753753752 0.028661307235232435 0.03791291291291291
7 0.3250611674239776 0.5198948948948949 0.046836770360013984 0.04279279279279279
211 0.25253407899335895 0.5249624624624625 0.02551555400209717 0.04016516516516516
