185 0.15375 0.32537105751391465 0.021666666666666667 0.02458256029684601
22 0.5858333333333333 0.6514378478664193 0.014166666666666666 0.017161410018552876
7 0.74 0.6781076066790352 0.013333333333333334 0.01948051948051948
118 0.593125 0.6764842300556586 0.017916666666666668 0.021799628942486084
76 0.14270833333333333 0.19689239332096475 0.019583333333333335 0.03385899814471243
22 0.17291666666666666 0.6903988868274582 0.015 0.02458256029684601
119 0.16479166666666667 0.19874768089053804 0.017916666666666668 0.030148423005565864
211 0.7002083333333333 0.7087198515769945 0.007083333333333333 0.02504638218923933
160 0.7122916666666667 0.6790352504638218 0.01625 0.021335807050092765
7 0.6266666666666667 0.6523654916512059 0.019166666666666665 0.021799628942486084
22 0.48104166666666665 0.7112708719851577 0.015416666666666667 0.022727272727272728
22 0.6827083333333334 0.7358534322820037 0.012916666666666667 0.022727272727272728
211 0.248125 0.5403525046382189 0.012916666666666667 0.027829313543599257
149 0.6339583333333333 0.6785714285714286 0.017083333333333332 0.02040816326530612
160 0.13770833333333332 0.32421150278293137 0.019583333333333335 0.022263450834879406
7 0.7045833333333333 0.3868274582560297 0.016666666666666666 0.022263450834879406
160 0.69625 0.4424860853432282 0.015 0.022263450834879406
160 0.6375 0.5932282003710575 0.016666666666666666 0.023191094619666047
224 0.5297916666666667 0.6783395176252319 0.009583333333333333 0.018089053803339517
160 0.16083333333333333 0.10598330241187384 0.020833333333333332 0.030148423005565864
160 0.7925 0.4461966604823748 0.0175 0.022263450834879406
224 0.7072916666666667 0.7064007421150278 0.00875 0.01948051948051948
200 0.705625 0.5315398886827458 0.012083333333333333 0.02040816326530612
118 0.4977083333333333 0.7089517625231911 0.01625 0.02922077922077922
118 0.255625 0.20500927643784786 0.01875 0.032467532467532464
22 0.319375 0.7481447124304267 0.02125 0.029684601113172542
211 0.6258333333333334 0.4141929499072356 0.008333333333333333 0.021335807050092765
211 0.235625 0.5718923933209648 0.007916666666666667 0.02411873840445269
211 0.5966666666666667 0.6530612244897959 0.008333333333333333 0.023191094619666047
7 0.6652083333333333 0.6783395176252319 0.015416666666666667 0.016233766233766232
99 0.26979166666666665 0.9035250463821892 0.009583333333333333 0.02040816326530612
22 0.14604166666666665 0.6901669758812616 0.015416666666666667 0.02411873840445269
224 0.24958333333333332 0.6887755102040817 0.015833333333333335 0.02411873840445269
22 0.17708333333333334 0.2012987012987013 0.018333333333333333 0.027829313543599257
22 0.23604166666666668 0.6890074211502782 0.01375 0.026437847866419294
22 0.68 0.7073283858998145 0.0125 0.022263450834879406
200 0.6264583333333333 0.4427179962894249 0.012083333333333333 0.017161410018552876
119 0.2602083333333333 0.1414656771799629 0.01625 0.02411873840445269
6 0.18604166666666666 0.6890074211502782 0.017916666666666668 0.020871985157699443
13 0.6414583333333334 0.5660946196660482 0.017083333333333332 0.021799628942486084
118 0.14770833333333333 0.5964749536178108 0.020416666666666666 0.0287569573283859
58 0.254375 0.10899814471243043 0.022916666666666665 0.026901669758812616
149 0.5766666666666667 0.6757884972170687 0.0175 0.021335807050092765
7 0.325 0.5394248608534323 0.02 0.029684601113172542
32 0.22104166666666666 0.10435992578849722 0.017916666666666668 0.03339517625231911
7 0.1725 0.323747680890538 0.020833333333333332 0.0287569573283859
118 0.6075 0.3842764378478664 0.02 0.019944341372912802
22 0.211875 0.5688775510204082 0.01375 0.026437847866419294
185 0.5658333333333333 0.5909090909090909 0.018333333333333333 0.01948051948051948
16 0.6089583333333334 0.6516697588126159 0.020416666666666666 0.021335807050092765
7 0.750625 0.44155844155844154 0.015416666666666667 0.021335807050092765
44 0.164375 0.13543599257884972 0.027916666666666666 0.025974025974025976
224 0.553125 0.674860853432282 0.01125 0.01948051948051948
224 0.20583333333333334 0.10691094619666049 0.016666666666666666 0.026437847866419294
106 0.24416666666666667 0.74860853432282 0.0225 0.026901669758812616
99 0.6997916666666667 0.6794990723562152 0.010416666666666666 0.022263450834879406
200 0.6475 0.3842764378478664 0.014166666666666666 0.019944341372912802
176 0.33458333333333334 0.6280148423005566 0.02 0.029684601113172542
211 0.7608333333333334 0.4162801484230056 0.006666666666666667 0.02365491651205937
6 0.5645833333333333 0.6760204081632653 0.011666666666666667 0.019016697588126158
185 0.5120833333333333 0.7087198515769945 0.019166666666666665 0.026901669758812616
7 0.684375 0.4134972170686456 0.015416666666666667 0.02458256029684601
119 0.7154166666666667 0.38705936920222633 0.014166666666666666 0.019944341372912802
110 0.21791666666666668 0.7166048237476809 0.013333333333333334 0.022263450834879406
200 0.3233333333333333 0.6866883116883117 0.015833333333333335 0.02458256029684601
22 0.11645833333333333 0.6901669758812616 0.015416666666666667 0.022263450834879406
58 0.19375 0.6275510204081632 0.023333333333333334 0.02504638218923933
211 0.19125 0.5955473098330241 0.011666666666666667 0.025974025974025976
185 0.22541666666666665 0.5684137291280148 0.0175 0.02829313543599258
185 0.196875 0.5674860853432282 0.020416666666666666 0.02829313543599258
99 0.3047916666666667 0.6291743970315399 0.014583333333333334 0.02736549165120594
118 0.6435416666666667 0.6521335807050093 0.019583333333333335 0.023191094619666047
118 0.668125 0.7351576994434137 0.01625 0.021335807050092765
7 0.5014583333333333 0.6808905380333952 0.017916666666666668 0.02040816326530612
22 0.13333333333333333 0.5969387755102041 0.0125 0.023191094619666047
185 0.27 0.5670222634508348 0.0175 0.020871985157699443
110 0.7272916666666667 0.5062615955473099 0.015416666666666667 0.022727272727272728
7 0.34958333333333336 0.7142857142857143 0.02 0.025974025974025976
99 0.6379166666666667 0.38868274582560297 0.01 0.022263450834879406
211 0.15604166666666666 0.6261595547309833 0.010416666666666666 0.02411873840445269
13 0.286875 0.6282467532467533 0.020416666666666666 0.02458256029684601
7 0.2577083333333333 0.7159090909090909 0.019583333333333335 0.025510204081632654
211 0.71625 0.7091836734693877 0.0075 0.021335807050092765
58 0.18020833333333333 0.8780148423005566 0.027083333333333334 0.026901669758812616
8 0.6860416666666667 0.5322356215213359 0.012083333333333333 0.02458256029684601
22 0.19125 0.10482374768089053 0.0175 0.02504638218923933
76 0.5939583333333334 0.5623840445269017 0.014583333333333334 0.02829313543599258
149 0.666875 0.3849721706864564 0.01875 0.02411873840445269
160 0.17895833333333333 0.5679499072356216 0.020416666666666666 0.02829313543599258
22 0.6741666666666667 0.5306122448979592 0.013333333333333334 0.021335807050092765
176 0.813125 0.4165120593692022 0.015416666666666667 0.02411873840445269
200 0.6914583333333333 0.7045454545454546 0.012083333333333333 0.01855287569573284
224 0.6258333333333334 0.5637755102040817 0.011666666666666667 0.019016697588126158
224 0.219375 0.20269016697588127 0.015416666666666667 0.027829313543599257
160 0.2608333333333333 0.6576994434137291 0.021666666666666667 0.030612244897959183
106 0.5710416666666667 0.6514378478664193 0.014583333333333334 0.017161410018552876
176 0.278125 0.6567717996289425 0.01625 0.0287569573283859
211 0.22875 0.20315398886827457 0.008333333333333333 0.0287569573283859
211 0.7189583333333334 0.4160482374768089 0.009583333333333333 0.0287569573283859
13 0.61375 0.44341372912801486 0.016666666666666666 0.017625231910946195
106 0.48354166666666665 0.6820500927643784 0.019583333333333335 0.019944341372912802
185 0.30625 0.5396567717996289 0.020833333333333332 0.02458256029684601
7 0.6166666666666667 0.41535250463821893 0.016666666666666666 0.020871985157699443
58 0.30666666666666664 0.5667903525046383 0.0225 0.022263450834879406
200 0.30354166666666665 0.7472170686456401 0.012083333333333333 0.02411873840445269
211 0.71 0.7379406307977736 0.01 0.021335807050092765
7 0.5847916666666667 0.5932282003710575 0.015416666666666667 0.021335807050092765
211 0.15479166666666666 0.1982838589981447 0.007083333333333333 0.02829313543599258
119 0.5572916666666666 0.7082560296846011 0.019583333333333335 0.02504638218923933
119 0.160625 0.6906307977736549 0.012916666666666667 0.02411873840445269
22 0.736875 0.7066326530612245 0.012916666666666667 0.019944341372912802
149 0.200625 0.87430426716141 0.017916666666666668 0.0287569573283859
149 0.11895833333333333 0.5688775510204082 0.01875 0.022727272727272728
118 0.6964583333333333 0.5023191094619666 0.01625 0.017625231910946195
106 0.13041666666666665 0.6901669758812616 0.0175 0.02411873840445269
22 0.6885416666666667 0.6771799628942486 0.012083333333333333 0.017625231910946195
22 0.779375 0.4448051948051948 0.01125 0.01948051948051948
200 0.6835416666666667 0.44063079777365494 0.009583333333333333 0.01855287569573284
7 0.18166666666666667 0.6574675324675324 0.019166666666666665 0.026437847866419294
119 0.36604166666666665 0.7149814471243042 0.017916666666666668 0.025510204081632654
22 0.260625 0.9056122448979592 0.014583333333333334 0.019016697588126158
13 0.21770833333333334 0.5447588126159555 0.022083333333333333 0.02736549165120594
22 0.2808333333333333 0.74791280148423 0.014166666666666666 0.02736549165120594
22 0.2914583333333333 0.6563079777365491 0.017916666666666668 0.026901669758812616
99 0.6960416666666667 0.536178107606679 0.012083333333333333 0.02411873840445269
185 0.17541666666666667 0.10180890538033395 0.0175 0.025510204081632654
224 0.25958333333333333 0.5693413729128015 0.014166666666666666 0.022727272727272728
7 0.2866666666666667 0.5691094619666048 0.016666666666666666 0.026901669758812616
7 0.609375 0.5923005565862709 0.015416666666666667 0.02040816326530612
22 0.7189583333333334 0.43993506493506496 0.01125 0.016233766233766232
185 0.14666666666666667 0.62639146567718 0.015833333333333335 0.022727272727272728
7 0.23833333333333334 0.10760667903525047 0.025 0.032467532467532464
7 0.5279166666666667 0.7080241187384044 0.019166666666666665 0.02458256029684601
22 0.22875 0.7168367346938775 0.015833333333333335 0.025510204081632654
7 0.23166666666666666 0.5403525046382189 0.020833333333333332 0.025974025974025976
119 0.7670833333333333 0.4431818181818182 0.0175 0.019016697588126158
106 0.24270833333333333 0.9044526901669759 0.022083333333333333 0.021335807050092765
22 0.13375 0.62847866419295 0.011666666666666667 0.021335807050092765
22 0.7708333333333334 0.41581632653061223 0.013333333333333334 0.02458256029684601
211 0.6179166666666667 0.5602968460111317 0.005833333333333334 0.022263450834879406
149 0.5764583333333333 0.5596011131725418 0.020416666666666666 0.02365491651205937
200 0.3127083333333333 0.5953153988868275 0.012083333333333333 0.019944341372912802
22 0.25104166666666666 0.7824675324675324 0.010416666666666666 0.023191094619666047
13 0.6245833333333334 0.38821892393320967 0.0175 0.02411873840445269
211 0.655 0.38404452690166974 0.0075 0.021335807050092765
22 0.2735416666666667 0.1437847866419295 0.014583333333333334 0.02504638218923933
185 0.21791666666666668 0.87360853432282 0.020833333333333332 0.022727272727272728
7 0.14020833333333332 0.6588589981447124 0.019583333333333335 0.02458256029684601
106 0.11375 0.6254638218923934 0.025 0.022727272727272728
224 0.7833333333333333 0.4155844155844156 0.0125 0.02040816326530612
13 0.24708333333333332 0.87569573283859 0.02 0.023191094619666047
22 0.29333333333333333 0.6862244897959183 0.0175 0.02365491651205937
32 0.306875 0.6857606679035251 0.015416666666666667 0.02458256029684601
32 0.7272916666666667 0.6785714285714286 0.015416666666666667 0.02411873840445269
13 0.265 0.7490723562152134 0.0225 0.03153988868274583
200 0.6835416666666667 0.5023191094619666 0.010416666666666666 0.016697588126159554
22 0.28541666666666665 0.7813079777365491 0.015 0.02736549165120594
119 0.17270833333333332 0.29615027829313545 0.01875 0.026437847866419294
200 0.24458333333333335 0.5700371057513914 0.0125 0.02504638218923933
118 0.6972916666666666 0.7367810760667903 0.01625 0.020871985157699443
110 0.2654166666666667 0.5410482374768089 0.0125 0.021799628942486084
99 0.6779166666666666 0.6776437847866419 0.011666666666666667 0.017625231910946195
119 0.15625 0.2963821892393321 0.0175 0.0287569573283859
7 0.7133333333333334 0.5018552875695733 0.018333333333333333 0.01855287569573284
58 0.11375 0.5974025974025974 0.025 0.022263450834879406
7 0.7435416666666667 0.5039424860853432 0.020416666666666666 0.019016697588126158
119 0.543125 0.7073283858998145 0.01625 0.026901669758812616
211 0.578125 0.7064007421150278 0.012083333333333333 0.02504638218923933
160 0.5166666666666667 0.6797309833024119 0.016666666666666666 0.019944341372912802
224 0.7077083333333334 0.4401669758812616 0.009583333333333333 0.01855287569573284
185 0.6597916666666667 0.5324675324675324 0.017083333333333332 0.01948051948051948
76 0.27979166666666666 0.9014378478664193 0.014583333333333334 0.02365491651205937
99 0.153125 0.660482374768089 0.01125 0.029684601113172542
58 0.68875 0.38613172541743973 0.025 0.020871985157699443
99 0.29270833333333335 0.7488404452690167 0.01125 0.026437847866419294
149 0.165 0.5943877551020408 0.015833333333333335 0.02736549165120594
44 0.166875 0.6240723562152134 0.01625 0.019944341372912802
200 0.165 0.5672541743970315 0.0125 0.022263450834879406
149 0.273125 0.20616883116883117 0.01875 0.026437847866419294
149 0.16583333333333333 0.6567717996289425 0.016666666666666666 0.02411873840445269
160 0.7485416666666667 0.413961038961039 0.017916666666666668 0.02458256029684601
149 0.316875 0.6254638218923934 0.019583333333333335 0.022727272727272728
7 0.541875 0.6781076066790352 0.015416666666666667 0.021335807050092765
7 0.26416666666666666 0.8747680890538033 0.019166666666666665 0.0287569573283859
99 0.5975 0.5953153988868275 0.01 0.025510204081632654
99 0.696875 0.41581632653061223 0.007916666666666667 0.02365491651205937
22 0.23145833333333332 0.8754638218923934 0.02125 0.022727272727272728
211 0.29083333333333333 0.9023654916512059 0.01 0.030148423005565864
118 0.32875 0.5651669758812616 0.02 0.021799628942486084
7 0.14104166666666668 0.2947588126159555 0.022083333333333333 0.026437847866419294
149 0.7085416666666666 0.4165120593692022 0.01375 0.025974025974025976
32 0.19041666666666668 0.2019944341372913 0.019166666666666665 0.031076066790352505
176 0.32875 0.5950834879406308 0.021666666666666667 0.022263450834879406
149 0.24520833333333333 0.1396103896103896 0.02125 0.025974025974025976
185 0.69625 0.6467996289424861 0.018333333333333333 0.021799628942486084
7 0.13041666666666665 0.7230983302411874 0.02 0.0287569573283859
32 0.6229166666666667 0.5939239332096475 0.013333333333333334 0.020871985157699443
119 0.17916666666666667 0.5957792207792207 0.018333333333333333 0.025510204081632654
13 0.2964583333333333 0.5969387755102041 0.020416666666666666 0.02411873840445269
7 0.606875 0.5609925788497218 0.01375 0.02458256029684601
200 0.5704166666666667 0.7077922077922078 0.01 0.01855287569573284
119 0.24020833333333333 0.7168367346938775 0.015416666666666667 0.021799628942486084
32 0.603125 0.4155844155844156 0.017916666666666668 0.02040816326530612
200 0.636875 0.413265306122449 0.012083333333333333 0.01948051948051948
110 0.23979166666666665 0.20292207792207792 0.01625 0.02736549165120594
99 0.6225 0.6792671614100185 0.009166666666666667 0.020871985157699443
7 0.20604166666666668 0.19967532467532467 0.01875 0.026437847866419294
200 0.14375 0.10435992578849722 0.0175 0.030612244897959183
119 0.38166666666666665 0.7128942486085343 0.016666666666666666 0.025974025974025976
106 0.26895833333333335 0.7843228200371057 0.027083333333333334 0.02411873840445269
7 0.70875 0.6479591836734694 0.015 0.02040816326530612
118 0.6704166666666667 0.5009276437847866 0.0175 0.02040816326530612
32 0.760625 0.5044063079777366 0.017916666666666668 0.020871985157699443
7 0.3016666666666667 0.900974025974026 0.016666666666666666 0.02829313543599258
7 0.27020833333333333 0.6238404452690167 0.019583333333333335 0.02411873840445269
110 0.6397916666666666 0.44341372912801486 0.017083333333333332 0.017625231910946195
149 0.6097916666666666 0.6764842300556586 0.015416666666666667 0.018089053803339517
7 0.7975 0.4172077922077922 0.0175 0.02458256029684601
118 0.13625 0.5679499072356216 0.02 0.02458256029684601
211 0.27770833333333333 0.8745361781076066 0.01125 0.02922077922077922
176 0.14416666666666667 0.13358070500927643 0.02 0.022263450834879406
76 0.11291666666666667 0.7182282003710575 0.016666666666666666 0.03293135435992579
22 0.2783333333333333 0.5955473098330241 0.015833333333333335 0.022263450834879406
99 0.23979166666666665 0.7829313543599258 0.012083333333333333 0.026901669758812616
