185 0.42874692874692877 0.8078778135048231 0.11056511056511056 0.03858520900321544
224 0.2678132678132678 0.38263665594855306 0.07371007371007371 0.028938906752411574
118 0.5368550368550369 0.7532154340836013 0.11547911547911548 0.03536977491961415
160 0.9373464373464373 0.7552250803858521 0.07125307125307126 0.03617363344051447
13 0.31203931203931207 0.5345659163987139 0.10810810810810811 0.028938906752411574
211 0.37223587223587223 0.6977491961414791 0.06633906633906633 0.03376205787781351
200 0.3906633906633907 0.5369774919614148 0.05405405405405406 0.028938906752411574
6 0.23832923832923833 0.6981511254019293 0.07371007371007371 0.03295819935691318
6 0.35995085995085996 0.7512057877813505 0.09090909090909091 0.03617363344051447
99 0.527027027027027 0.6519292604501608 0.08108108108108109 0.03858520900321544
22 0.5171990171990172 0.5932475884244373 0.07616707616707617 0.03054662379421222
185 0.9078624078624079 0.7001607717041801 0.06633906633906633 0.03536977491961415
7 0.25675675675675674 0.487540192926045 0.12039312039312039 0.028135048231511254
176 0.40663390663390664 0.4867363344051447 0.11547911547911548 0.03778135048231511
110 0.33783783783783783 0.4867363344051447 0.09090909090909091 0.03617363344051447
200 0.21007371007371006 0.6507234726688103 0.06633906633906633 0.03135048231511254
6 0.6670761670761671 0.5928456591639871 0.08108108108108109 0.03456591639871383
224 0.5945945945945946 0.5912379421221865 0.07371007371007371 0.0297427652733119
13 0.16584766584766586 0.43287781350482313 0.11056511056511056 0.03938906752411576
32 0.21621621621621623 0.532556270096463 0.09828009828009827 0.03295819935691318
58 0.8316953316953317 0.807475884244373 0.14004914004914004 0.03617363344051447
13 0.19164619164619165 0.5908360128617364 0.08845208845208845 0.03536977491961415
119 0.7469287469287469 0.7033762057877814 0.08845208845208845 0.03697749196141479
13 0.13022113022113022 0.8054662379421221 0.11302211302211303 0.03536977491961415
22 0.2628992628992629 0.4344855305466238 0.08845208845208845 0.04421221864951769
185 0.12039312039312039 0.7548231511254019 0.12776412776412777 0.03858520900321544
22 0.9447174447174447 0.8094855305466238 0.09582309582309582 0.03536977491961415
99 0.8255528255528255 0.655144694533762 0.07371007371007371 0.05466237942122187
99 0.4533169533169533 0.537379421221865 0.06633906633906633 0.0297427652733119
149 0.15601965601965603 0.7033762057877814 0.10073710073710074 0.03054662379421222
176 0.44963144963144963 0.4316720257234727 0.11302211302211303 0.04501607717041801
99 0.2616707616707617 0.5980707395498392 0.07125307125307126 0.04340836012861737
22 0.3034398034398034 0.6977491961414791 0.08108108108108109 0.03376205787781351
168 0.4226044226044226 0.6040996784565916 0.12776412776412777 0.0522508038585209
200 0.5995085995085995 0.6479099678456591 0.0687960687960688 0.03054662379421222
7 0.5196560196560197 0.5413987138263665 0.08108108108108109 0.03938906752411576
7 0.5257985257985258 0.8118971061093248 0.07862407862407862 0.03697749196141479
44 0.1732186732186732 0.3822347266881029 0.11547911547911548 0.028135048231511254
32 0.14250614250614252 0.4871382636655949 0.1375921375921376 0.03215434083601286
160 0.3488943488943489 0.3846463022508039 0.07862407862407862 0.03295819935691318
149 0.2592137592137592 0.7548231511254019 0.11547911547911548 0.03697749196141479
7 0.6683046683046683 0.7017684887459807 0.08845208845208845 0.03536977491961415
200 0.8759213759213759 0.7532154340836013 0.07616707616707617 0.03697749196141479
160 0.43243243243243246 0.7532154340836013 0.0687960687960688 0.03697749196141479
118 0.29975429975429974 0.6467041800643086 0.11793611793611794 0.03456591639871383
7 0.8316953316953317 0.7013665594855305 0.09582309582309582 0.03617363344051447
58 0.5675675675675675 0.7013665594855305 0.12285012285012285 0.03617363344051447
224 0.10442260442260443 0.5880225080385852 0.08108108108108109 0.03778135048231511
106 0.4275184275184275 0.6495176848874598 0.1375921375921376 0.03536977491961415
149 0.4656019656019656 0.6989549839228296 0.10073710073710074 0.0409967845659164
22 0.33415233415233414 0.5912379421221865 0.0687960687960688 0.02652733118971061
211 0.41646191646191644 0.3854501607717042 0.06633906633906633 0.03295819935691318
224 0.9656019656019657 0.6495176848874598 0.05405405405405406 0.04019292604501608
200 0.9004914004914005 0.64991961414791 0.06633906633906633 0.03778135048231511
200 0.4828009828009828 0.3822347266881029 0.06633906633906633 0.03135048231511254
200 0.22604422604422605 0.8066720257234726 0.10810810810810811 0.0297427652733119
22 0.7555282555282555 0.6426848874598071 0.07616707616707617 0.0409967845659164
13 0.6793611793611793 0.6463022508038585 0.11056511056511056 0.03376205787781351
44 0.6560196560196561 0.7540192926045016 0.13267813267813267 0.028938906752411574
7 0.7297297297297297 0.807475884244373 0.07862407862407862 0.0297427652733119
106 0.6363636363636364 0.8102893890675241 0.11302211302211303 0.03697749196141479
160 0.32678132678132676 0.4352893890675241 0.11302211302211303 0.0409967845659164
224 0.5528255528255528 0.3842443729903537 0.06388206388206388 0.03697749196141479
118 0.32678132678132676 0.8042604501607717 0.11793611793611794 0.03295819935691318
118 0.7776412776412777 0.7516077170418006 0.12530712530712532 0.04019292604501608
13 0.12776412776412777 0.6487138263665595 0.10810810810810811 0.03376205787781351
22 0.13022113022113022 0.5329581993569131 0.10319410319410319 0.03858520900321544
