22 0.7490421455938697 0.631375080697224 0.13409961685823754 0.05293737895416398
224 0.6302681992337165 0.6349257585539058 0.11621966794380588 0.05487411233053583
119 0.49808429118773945 0.31762427372498386 0.12260536398467432 0.0645577792123951
7 0.7611749680715197 0.23111684958037443 0.16602809706257982 0.07101355713363461
224 0.7081736909323116 0.0671400903808909 0.12388250319284802 0.051646223369916075
211 0.4118773946360153 0.31762427372498386 0.06768837803320563 0.058102001291155586
6 0.14367816091954022 0.5474499677211104 0.10344827586206896 0.046481601032924466
119 0.07407407407407407 0.39186571981923823 0.08173690932311622 0.065848934796643
224 0.13729246487867178 0.4644932214331827 0.08812260536398467 0.05487411233053583
110 0.3544061302681992 0.39541639767591996 0.12643678160919541 0.045836023240800515
7 0.8039591315453385 0.07327307940606843 0.14431673052362706 0.04970948999354422
22 0.43742017879948913 0.7075532601678503 0.12132822477650064 0.058102001291155586
211 0.4444444444444444 0.3921885087153002 0.05874840357598978 0.06262104583602324
200 0.4846743295019157 0.06778566817301485 0.09323116219667944 0.04389928986442866
200 0.6768837803320562 0.5500322788896062 0.0970625798212005 0.04777275661717237
7 0.25925925925925924 0.15752098127824402 0.1532567049808429 0.05939315687540349
22 0.801404853128991 0.4774047772756617 0.08812260536398467 0.05616526791478373
44 0.5823754789272031 0.7927695287282117 0.194125159642401 0.056810845706907684
7 0.5542784163473818 0.39283408650742413 0.16347381864623245 0.06391220142027114
22 0.6813537675606641 0.39283408650742413 0.09578544061302682 0.05487411233053583
6 0.855683269476373 0.9567462879276953 0.13026819923371646 0.0645577792123951
211 0.8876117496807152 0.23305358295674627 0.0842911877394636 0.08005164622336991
7 0.7183908045977011 0.15171078114912848 0.15197956577266922 0.06197546804389929
32 0.5625798212005109 0.5500322788896062 0.1392081736909323 0.0671400903808909
200 0.16922094508301405 0.3938024531956101 0.10855683269476372 0.04389928986442866
200 0.3607918263090677 0.5422853453841188 0.09067688378033206 0.03486120077469335
119 0.43486590038314177 0.8001936733376371 0.11877394636015326 0.06132989025177534
32 0.5957854406130269 0.9515816655907037 0.10089399744572158 0.05939315687540349
76 0.5996168582375478 0.24273724983860556 0.15708812260536398 0.10587475790832795
224 0.5114942528735632 0.6339573918657199 0.12643678160919541 0.05293737895416398
76 0.24840357598978288 0.7998708844415752 0.1417624521072797 0.10329244673983215
13 0.867816091954023 0.8860555196901226 0.11621966794380588 0.05616526791478373
22 0.36909323116219667 0.07682375726275016 0.11749680715197956 0.05939315687540349
224 0.2962962962962963 0.6284699806326662 0.0970625798212005 0.04970948999354422
99 0.10472541507024266 0.30955455132343446 0.08939974457215837 0.057456423499031635
22 0.7547892720306514 0.32214331826985154 0.11494252873563218 0.07101355713363461
149 0.4335887611749681 0.23660426081342803 0.15964240102171137 0.05487411233053583
106 0.6111111111111112 0.8786313750806972 0.14942528735632185 0.05293737895416398
106 0.8397190293742018 0.7130406714009038 0.13409961685823754 0.07165913492575855
22 0.40229885057471265 0.631697869593286 0.12260536398467432 0.05358295674628793
22 0.4859514687100894 0.47191736604260814 0.10089399744572158 0.058102001291155586
44 0.7037037037037037 0.7114267269205939 0.13282247765006386 0.045190445448676564
185 0.27330779054916987 0.23918657198192383 0.13793103448275862 0.05487411233053583
118 0.42017879948914433 0.15203357004519044 0.16602809706257982 0.05358295674628793
119 0.7630906768837803 0.5500322788896062 0.13154533844189017 0.0632666236281472
185 0.30395913154533843 0.710458360232408 0.16347381864623245 0.06520335700451904
211 0.43614303959131545 0.5493867010974822 0.07790549169859515 0.0697224015493867
211 0.14687100893997446 0.7908327953518399 0.0561941251596424 0.07230471271788251
110 0.566411238825032 0.7169141381536475 0.12899106002554278 0.05616526791478373
211 0.26181353767560667 0.3967075532601679 0.06130268199233716 0.06262104583602324
185 0.5708812260536399 0.15590703679793416 0.14303959131545338 0.05616526791478373
76 0.29693486590038315 0.32375726275016137 0.12132822477650064 0.1078114912846998
118 0.13729246487867178 0.2395093608779858 0.1698595146871009 0.06197546804389929
149 0.14942528735632185 0.6242737249838606 0.140485312899106 0.05422853453841188
22 0.7037037037037037 0.9499677211103938 0.12005108556832694 0.06003873466752744
160 0.598978288633461 0.07585539057456424 0.13026819923371646 0.07682375726275016
22 0.26309067688378035 0.5474499677211104 0.0842911877394636 0.04906391220142027
211 0.351213282247765 0.7998708844415752 0.06641123882503193 0.0697224015493867
99 0.7675606641123882 0.40058102001291157 0.08939974457215837 0.06520335700451904
22 0.7535121328224776 0.7976113621691414 0.1685823754789272 0.05616526791478373
211 0.18007662835249041 0.31633311814073595 0.07407407407407407 0.056810845706907684
76 0.25287356321839083 0.4725629438347321 0.1251596424010217 0.09296320206584893
7 0.7375478927203065 0.8776630083925113 0.14942528735632185 0.06778566817301485
118 0.6392081736909323 0.46772111039380243 0.21328224776500637 0.06003873466752744
211 0.19731800766283525 0.7143318269851517 0.08045977011494253 0.07036797934151065
99 0.11558109833971902 0.7133634602969657 0.08556832694763729 0.065848934796643
149 0.6328224776500638 0.3182698515171078 0.16219667943805874 0.0645577792123951
44 0.36909323116219667 0.47191736604260814 0.140485312899106 0.04777275661717237
