58 0.6172069825436409 0.42640597539543057 0.11055694098088113 0.056678383128295255
58 0.5182876142975894 0.25021968365553604 0.10224438902743142 0.04525483304042179
185 0.6454696591853699 0.3569859402460457 0.07231920199501247 0.03734622144112478
200 0.33915211970074816 0.46682776801405973 0.08645054031587697 0.03646748681898067
211 0.4792186201163757 0.47627416520210897 0.0773067331670823 0.05360281195079086
7 0.7173732335827099 0.36050087873462217 0.06650041562759768 0.03471001757469244
22 0.4139650872817955 0.523286467486819 0.06317539484621779 0.0421792618629174
119 0.46425602660016624 0.19024604569420034 0.06899418121363259 0.04657293497363796
13 0.42186201163757275 0.30360281195079086 0.06733167082294264 0.04305799648506151
118 0.357024106400665 0.523506151142355 0.06899418121363259 0.04701230228471002
58 0.39817123857024106 0.41586115992970124 0.12967581047381546 0.046133567662565905
7 0.5935162094763092 0.2478031634446397 0.07647547797173733 0.04745166959578207
211 0.6745635910224439 0.15026362038664323 0.03906899418121363 0.040421792618629174
7 0.42809642560266004 0.6225834797891037 0.07315045719035744 0.040421792618629174
110 0.5519534497090607 0.304701230228471 0.06151288445552785 0.04525483304042179
106 0.27597672485453034 0.24472759226713534 0.10141313383208644 0.05184534270650264
119 0.4596841230257689 0.5261423550087874 0.058187863674147966 0.04437609841827768
200 0.4010806317539485 0.5744727592267135 0.0773067331670823 0.03910369068541301
211 0.5149625935162094 0.5766695957820738 0.03574397339983375 0.046133567662565905
7 0.34497090606816294 0.24890158172231985 0.07813798836242726 0.05228471001757469
32 0.514546965918537 0.36137961335676627 0.08811305070656691 0.05492091388400703
22 0.4858686616791355 0.3053602811950791 0.07065669160432253 0.0492091388400703
6 0.8308395677472984 0.2594463971880492 0.07065669160432253 0.05228471001757469
200 0.7572734829592684 0.10456942003514938 0.06317539484621779 0.04305799648506151
32 0.5781379883624272 0.5757908611599297 0.085619285120532 0.04701230228471002
44 0.5083125519534497 0.4173989455184534 0.12219451371571072 0.04305799648506151
149 0.802161263507897 0.15575571177504394 0.08811305070656691 0.04789103690685413
211 0.4488778054862843 0.24868189806678384 0.03158769742310889 0.05008787346221441
22 0.7418952618453866 0.056239015817223195 0.05070656691604322 0.03954305799648506
160 0.8079800498753117 0.10896309314586995 0.05486284289276808 0.03954305799648506
224 0.19492934330839568 0.29349736379613356 0.08229426433915212 0.03602811950790861
7 0.8586866167913549 0.31678383128295257 0.05486284289276808 0.040421792618629174
7 0.515378221113882 0.523725834797891 0.06151288445552785 0.04569420035149385
22 0.71404821280133 0.2554920913884007 0.05320033250207814 0.04789103690685413
224 0.7693266832917706 0.257908611599297 0.06234413965087282 0.04745166959578207
200 0.6105569409808811 0.1968365553602812 0.0656691604322527 0.0421792618629174
7 0.5677472984206151 0.35896309314586994 0.07481296758104738 0.0421792618629174
149 0.743973399833749 0.3104130052724077 0.06151288445552785 0.05140597539543058
44 0.30756442227763925 0.296792618629174 0.10972568578553615 0.04525483304042179
224 0.41313383208645055 0.2460456942003515 0.05486284289276808 0.04745166959578207
224 0.41853699085619284 0.47056239015817225 0.0739817123857024 0.043936731107205626
176 0.6546134663341646 0.2445079086115993 0.07065669160432253 0.046133567662565905
7 0.5382377389858687 0.19332161687170474 0.08229426433915212 0.04569420035149385
211 0.48836242726517043 0.6236818980667839 0.05569409808811305 0.04173989455184534
99 0.7265170407315046 0.15377855887521968 0.058187863674147966 0.04657293497363796
22 0.6151288445552785 0.30272407732864676 0.06483790523690773 0.043936731107205626
13 0.800498753117207 0.31524604569420034 0.06151288445552785 0.04437609841827768
22 0.6197007481296758 0.14718804920913883 0.05901911886949293 0.040421792618629174
200 0.40648379052369077 0.359182776801406 0.0831255195344971 0.05228471001757469
224 0.4692435577722361 0.5755711775043937 0.06400665004156277 0.03954305799648506
22 0.40440565253532834 0.18936731107205623 0.07564422277639235 0.048330404217926184
118 0.6936824605153782 0.30755711775043937 0.09060681629260182 0.05360281195079086
200 0.5818786367414797 0.5208699472759226 0.06816292601828762 0.04789103690685413
118 0.6870324189526185 0.1983743409490334 0.08229426433915212 0.04701230228471002
211 0.4596841230257689 0.36050087873462217 0.034912718204488775 0.04964850615114236
110 0.7905236907730673 0.3615992970123023 0.0798004987531172 0.0351493848857645
