22 0.09694209499024073 0.15754310344827585 0.04424202992843201 0.03146551724137931
224 0.5785621340273259 0.6987068965517241 0.025048796356538713 0.03017241379310345
99 0.07905009759271307 0.21400862068965518 0.02081977878985036 0.04267241379310345
224 0.11353285621340273 0.1019396551724138 0.026024723487312947 0.03405172413793103
32 0.6408588158750813 0.7008620689655173 0.03057905009759271 0.03706896551724138
149 0.6325634352635003 0.4859913793103448 0.028952504879635653 0.032327586206896554
185 0.7052700065061809 0.8241379310344827 0.0247234873129473 0.0353448275862069
119 0.9216005204944697 0.17370689655172414 0.022121014964216004 0.04051724137931034
211 0.5474951203643461 0.3762931034482759 0.014313597918022121 0.041379310344827586
224 0.7299934938191281 0.7709051724137931 0.02147039687703318 0.046120689655172416
22 0.06994144437215355 0.10366379310344828 0.02147039687703318 0.026293103448275863
110 0.5265126870527 0.42844827586206896 0.03220559531554977 0.03706896551724138
6 0.6242680546519194 0.5898706896551724 0.02277163305139883 0.036637931034482756
13 0.5048796356538712 0.6450431034482759 0.02342225113858165 0.05301724137931035
44 0.7301561483409239 0.8241379310344827 0.024398178269355888 0.04224137931034483
224 0.6681847755367599 0.43275862068965515 0.0247234873129473 0.03879310344827586
176 0.5126870527000651 0.5911637931034482 0.038386467143786594 0.043534482758620686
22 0.6436239427456083 0.5392241379310345 0.02309694209499024 0.03189655172413793
13 0.9367273910214704 0.23254310344827586 0.03220559531554977 0.04008620689655172
211 0.586857514638907 0.4825431034482759 0.013012361743656473 0.047844827586206895
22 0.6317501626545218 0.8157327586206896 0.0247234873129473 0.0375
118 0.6460637605725439 0.37004310344827585 0.026024723487312947 0.034913793103448276
118 0.6475276512687053 0.6426724137931035 0.03350683148991542 0.04827586206896552
200 0.537085230969421 0.7609913793103448 0.022121014964216004 0.03318965517241379
149 0.6171112556929083 0.6407327586206897 0.02342225113858165 0.04008620689655172
185 0.5665256994144438 0.3752155172413793 0.02830188679245283 0.036637931034482756
211 0.5757970071567989 0.5385775862068966 0.013012361743656473 0.03577586206896552
118 0.5917371502927782 0.6435344827586207 0.03188028627195836 0.04741379310344827
160 0.08880936890045543 0.09935344827586207 0.02342225113858165 0.03146551724137931
99 0.622804163955758 0.4353448275862069 0.02309694209499024 0.04655172413793104
200 0.7088484059856864 0.7698275862068965 0.01951854261548471 0.03362068965517241
200 0.08474300585556278 0.2691810344827586 0.017241379310344827 0.029741379310344828
200 0.522121014964216 0.47758620689655173 0.026675341574495772 0.04310344827586207
200 0.6429733246584255 0.4334051724137931 0.025699414443721535 0.0375
7 0.5427781392322707 0.43189655172413793 0.03610930383864672 0.045689655172413794
32 0.6117436564736499 0.37801724137931036 0.02830188679245283 0.03362068965517241
185 0.6062134027325959 0.8125 0.03350683148991542 0.0353448275862069
22 0.5118737800910865 0.8064655172413793 0.026350032530904358 0.03706896551724138
149 0.10247234873129472 0.21530172413793103 0.02797657774886142 0.0375
119 0.5775862068965517 0.7536637931034482 0.02960312296681848 0.04181034482758621
13 0.6055627846454131 0.4857758620689655 0.02830188679245283 0.03706896551724138
224 0.5463565387117761 0.484051724137931 0.019843851659076123 0.0353448275862069
200 0.6008458035133377 0.6991379310344827 0.022121014964216004 0.03017241379310345
119 0.6872153545868576 0.7665948275862069 0.027000650618087183 0.0375
200 0.5562784645413142 0.7 0.02342225113858165 0.025
99 0.5380611581001952 0.5372844827586207 0.02147039687703318 0.04181034482758621
58 0.5728692257644763 0.4329741379310345 0.03513337670787248 0.03836206896551724
118 0.8682498373454782 0.1125 0.03188028627195836 0.045689655172413794
211 0.6185751463890696 0.7004310344827587 0.012036434612882238 0.034482758620689655
176 0.9385165907612232 0.11400862068965517 0.039687703318152245 0.052155172413793104
119 0.048796356538711776 0.10538793103448275 0.027325959661678594 0.036637931034482756
149 0.7439817826935589 0.7176724137931034 0.025374105400130124 0.04310344827586207
149 0.025699414443721535 0.10818965517241379 0.01951854261548471 0.039655172413793106
22 0.5879960962914769 0.3769396551724138 0.020494469746258945 0.03577586206896552
185 0.6171112556929083 0.5385775862068966 0.02992843201040989 0.03405172413793103
22 0.652081977878985 0.590301724137931 0.028952504879635653 0.03318965517241379
8 0.600683148991542 0.434051724137931 0.025699414443721535 0.04482758620689655
118 0.684775536759922 0.7049568965517241 0.03318152244632401 0.03836206896551724
99 0.5377358490566038 0.5950431034482758 0.02147039687703318 0.047844827586206895
44 0.5614834092387768 0.6456896551724138 0.029277813923227064 0.04482758620689655
200 0.6720884840598569 0.8247844827586207 0.014964216005204945 0.032327586206896554
200 0.8620689655172413 0.17650862068965517 0.02992843201040989 0.04181034482758621
22 0.5279765777488614 0.37219827586206894 0.026024723487312947 0.0375
118 0.11027976577748862 0.27025862068965517 0.03708523096942095 0.04482758620689655
211 0.6859141184124918 0.8196120689655172 0.015289525048796356 0.04008620689655172
149 0.05579050097592713 0.21120689655172414 0.02960312296681848 0.03879310344827586
106 0.06083279115159401 0.16012931034482758 0.03253090435914118 0.032327586206896554
13 0.6572869225764476 0.8157327586206896 0.026350032530904358 0.036637931034482756
7 0.6605400130123618 0.7657327586206897 0.030904359141184126 0.039224137931034485
211 0.0356213402732596 0.20926724137931035 0.01398828887443071 0.034913793103448276
200 0.6597267404033832 0.7049568965517241 0.01951854261548471 0.030603448275862068
58 0.6317501626545218 0.7612068965517241 0.038386467143786594 0.04051724137931034
106 0.715191932335719 0.711853448275862 0.03155497722836695 0.039224137931034485
22 0.5585556278464542 0.5323275862068966 0.02147039687703318 0.032758620689655175
119 0.6613532856213403 0.4849137931034483 0.03188028627195836 0.0353448275862069
106 0.5115484710474951 0.7644396551724137 0.03285621340273259 0.034913793103448276
13 0.5720559531554977 0.8150862068965518 0.028952504879635653 0.039655172413793106
13 0.5159401431359791 0.5372844827586207 0.02797657774886142 0.04008620689655172
58 0.03334417696811971 0.15969827586206897 0.0302537410540013 0.028879310344827585
106 0.5356213402732596 0.8172413793103448 0.034808067664281066 0.05862068965517241
58 0.06018217306441119 0.26163793103448274 0.03057905009759271 0.03620689655172414
224 0.5946649316851008 0.5383620689655172 0.02342225113858165 0.03189655172413793
99 0.5364346128822381 0.7049568965517241 0.02081977878985036 0.039224137931034485
200 0.5678269355888094 0.47672413793103446 0.023747560182173066 0.04224137931034483
200 0.6013337670787248 0.5898706896551724 0.022446324007807418 0.03318965517241379
118 0.9024072869225764 0.22586206896551725 0.035783994795055306 0.04224137931034483
160 0.5614834092387768 0.5952586206896552 0.027325959661678594 0.041379310344827586
7 0.6027976577748861 0.7556034482758621 0.03383214053350683 0.04224137931034483
7 0.5325309043591412 0.6439655172413793 0.029277813923227064 0.04655172413793104
224 0.5842550422901757 0.5883620689655172 0.029277813923227064 0.041379310344827586
106 0.5089459986987638 0.7030172413793103 0.04066363044892648 0.0353448275862069
119 0.5577423552374756 0.7594827586206897 0.025699414443721535 0.03706896551724138
