106 0.38099467140319715 0.6973224679860303 0.10301953818827708 0.047729918509895226
22 0.4258436944937833 0.7712456344586729 0.06838365896980461 0.04423748544819558
13 0.7340142095914742 0.5477299185098953 0.09325044404973357 0.05587892898719441
58 0.7109236234458259 0.6955762514551804 0.1269982238010657 0.05587892898719441
200 0.8183836589698046 0.6967403958090803 0.0719360568383659 0.037252619324796274
160 0.6101243339253997 0.7011059371362048 0.08348134991119005 0.06693830034924331
7 0.6376554174067496 0.8440046565774156 0.09769094138543517 0.05355064027939464
7 0.8157193605683837 0.5494761350407451 0.050621669626998225 0.059371362048894066
99 0.5896980461811723 0.5544237485448196 0.0674955595026643 0.06344586728754366
22 0.11989342806394317 0.6245634458672875 0.07104795737122557 0.046565774155995346
211 0.7095914742451155 0.8492433061699651 0.056838365896980464 0.06053550640279395
7 0.07815275310834814 0.6894644935972061 0.09236234458259325 0.04714784633294528
211 0.22513321492007105 0.7718277066356228 0.04884547069271759 0.05587892898719441
119 0.2682060390763766 0.5456926658905704 0.09769094138543517 0.04714784633294528
7 0.2908525754884547 0.6949941792782305 0.08614564831261101 0.048894062863795114
160 0.8934280639431617 0.6999417927823051 0.09591474245115453 0.059953434225844
224 0.05950266429840142 0.6280558789289872 0.0586145648312611 0.048894062863795114
7 0.6367673179396093 0.7727008149010477 0.09236234458259325 0.04831199068684517
211 0.7033747779751333 0.7788125727590222 0.0497335701598579 0.06053550640279395
44 0.6993783303730018 0.9057043073341094 0.09502664298401421 0.03608847497089639
149 0.27708703374777977 0.6324214202561118 0.11545293072824156 0.05064027939464494
6 0.3654529307282416 0.6338766006984866 0.07371225577264653 0.05355064027939464
224 0.4968916518650089 0.7729918509895227 0.07904085257548846 0.04540162980209546
119 0.17984014209591473 0.6318393480791619 0.08259325044404973 0.04831199068684517
6 0.5297513321492007 0.6920838183934808 0.08081705150976909 0.051222351571594875
149 0.3641207815275311 0.5486030267753201 0.09591474245115453 0.056461001164144355
118 0.5577264653641207 0.8349825378346915 0.0586145648312611 0.04714784633294528
118 0.3463587921847247 0.7764842840512224 0.08703374777975133 0.059371362048894066
13 0.5714920071047958 0.7817229336437719 0.07548845470692718 0.06053550640279395
211 0.11678507992895204 0.7680442374854481 0.05950266429840142 0.05180442374854482
200 0.45603907637655416 0.6987776484284052 0.05595026642984014 0.0459837019790454
143 0.8809946714031972 0.5550058207217695 0.09236234458259325 0.05878928987194412
110 0.455595026642984 0.5518044237485448 0.07815275310834814 0.048894062863795114
119 0.14698046181172292 0.6938300349243306 0.09325044404973357 0.051222351571594875
76 0.09014209591474245 0.5459837019790454 0.09502664298401421 0.0989522700814901
44 0.4462699822380107 0.629802095459837 0.09147424511545293 0.05355064027939464
22 0.17939609236234458 0.5465657741559954 0.07815275310834814 0.048894062863795114
22 0.5266429840142096 0.5480209545983702 0.06571936056838366 0.04714784633294528
200 0.28596802841918295 0.7724097788125728 0.0852575488454707 0.05471478463329453
119 0.21980461811722912 0.6976135040745053 0.09680284191829484 0.05529685681024447
22 0.6567495559502664 0.5488940628637952 0.06483126110124333 0.05355064027939464
