7 0.44438181134911686 0.6112344582593251 0.026681698609545283 0.051953818827708706
13 0.23280721533258172 0.46492007104795735 0.02818489289740699 0.03996447602131439
119 0.6095452837279218 0.2968472468916519 0.03231867718902668 0.04573712255772647
160 0.3075911311537016 0.36567495559502666 0.027433295753476136 0.04662522202486678
32 0.31773769259676815 0.4127442273534636 0.030439684329199548 0.04396092362344583
7 0.5928222472754604 0.80550621669627 0.03720405862457723 0.056838365896980464
118 0.44419391206313413 0.7102575488454707 0.038331454340473504 0.04662522202486678
7 0.3045847425779782 0.4675843694493783 0.026681698609545283 0.04440497335701599
211 0.5531754979331078 0.35457371225577267 0.021796317173994738 0.047513321492007106
99 0.7328072153325818 0.45981349911190056 0.03757985719654265 0.05994671403197158
32 0.6414881623449831 0.4493783303730018 0.03307027433295753 0.04262877442273535
22 0.41431792559188274 0.7113676731793961 0.02818489289740699 0.04440497335701599
200 0.7538519353626456 0.24622557726465363 0.029312288613303268 0.04396092362344583
200 0.44889139421270197 0.6605239786856127 0.03344607290492296 0.043072824156305506
106 0.22754603532506576 0.4147424511545293 0.03269447576099211 0.04440497335701599
44 0.1730552423900789 0.6012433392539964 0.03570086433671552 0.04085257548845471
7 0.17474633596392333 0.411190053285968 0.03532506576475009 0.04706927175843695
106 0.6623449830890643 0.39520426287744226 0.03945885005636979 0.04884547069271759
32 0.6529500187899286 0.9487122557726465 0.034197670048853816 0.051953818827708706
7 0.48891394212701994 0.7579928952042628 0.027809094325441562 0.05328596802841918
13 0.3047726418639609 0.7730905861456483 0.033821871476888386 0.04706927175843695
119 0.5627583615182262 0.24578152753108348 0.029688087185268695 0.038632326820603906
7 0.338782412626832 0.7129218472468917 0.02818489289740699 0.047513321492007106
76 0.5543028936490041 0.13521314387211367 0.03908305148440436 0.05905861456483126
22 0.7065013152950019 0.24356127886323267 0.027809094325441562 0.04573712255772647
99 0.5221721157459601 0.6509769094138543 0.019165727170236752 0.04440497335701599
7 0.4265313791807591 0.8170515097690941 0.029312288613303268 0.04440497335701599
149 0.6232619316046599 0.13432504440497336 0.038707252912438934 0.047513321492007106
32 0.49492671927846676 0.9051953818827708 0.029312288613303268 0.03952042628774423
118 0.4534009770762871 0.03885435168738899 0.034197670048853816 0.05017761989342807
149 0.4763246899661781 0.8086145648312612 0.03570086433671552 0.041740674955595025
149 0.43291995490417134 0.8576820603907638 0.03231867718902668 0.03507992895204263
149 0.3100338218714769 0.8146092362344582 0.030815482901164974 0.05284191829484902
211 0.6341600901916573 0.2981793960923623 0.0184141300263059 0.043072824156305506
7 0.6645997745208568 0.44826820603907636 0.024426907177752723 0.053730017761989345
211 0.42258549417512214 0.5621669626998224 0.0184141300263059 0.04884547069271759
160 0.5368282600526117 0.8605683836589698 0.034197670048853816 0.05950266429840142
160 0.2066892145809846 0.463809946714032 0.03532506576475009 0.049289520426287745
7 0.442314919203307 0.25133214920071045 0.026305900037579856 0.04262877442273535
200 0.5984592258549417 0.9074156305506217 0.030439684329199548 0.047513321492007106
76 0.6734310409620443 0.24733570159857904 0.03908305148440436 0.050621669626998225
13 0.33258173618940245 0.6640763765541741 0.023299511461856444 0.043072824156305506
119 0.6614054866591507 0.29484902309058614 0.03231867718902668 0.03818827708703375
99 0.7305524239007892 0.24511545293072823 0.021044720030063885 0.046181172291296625
119 0.4627959413754228 0.761101243339254 0.026681698609545283 0.05150976909413854
118 0.7878617061255168 0.6025754884547069 0.036452461480646375 0.052397868561278864
211 0.5783540022547914 0.1336589698046181 0.012777151446824501 0.05328596802841918
118 0.6242014280345735 0.8994227353463587 0.029312288613303268 0.04129662522202487
119 0.593010146561443 0.13587921847246892 0.024051108605787297 0.055062166962699825
211 0.6768132281097332 0.44338365896980464 0.021796317173994738 0.044849023090586145
58 0.6362269823374671 0.19427175843694494 0.04735062006764374 0.04573712255772647
7 0.34892897406989853 0.8208259325044405 0.03269447576099211 0.04573712255772647
22 0.3432919954904171 0.7690941385435168 0.0311912814731304 0.050621669626998225
119 0.3370913190529876 0.4698046181172291 0.0368282600526118 0.04884547069271759
58 0.3878241262683202 0.8181616341030196 0.04284103720405862 0.04218472468916518
224 0.48384066140548665 0.8565719360568383 0.02818489289740699 0.041740674955595025
99 0.2566704246523863 0.6680728241563055 0.01728673431040962 0.049289520426287745
99 0.28504321683577605 0.5188721136767318 0.022172115745960164 0.04396092362344583
118 0.3966553927095077 0.5643872113676732 0.03344607290492296 0.04440497335701599
13 0.4487034949267193 0.8143872113676732 0.028560691469372415 0.03641207815275311
200 0.4614806463735438 0.8561278863232682 0.025554302893649003 0.043516873889875664
118 0.27827884254039836 0.3678952042628774 0.038707252912438934 0.04218472468916518
118 0.48384066140548665 0.7058170515097691 0.038707252912438934 0.04662522202486678
200 0.6086057872980083 0.7484458259325044 0.03795565576850808 0.04662522202486678
200 0.534761367906802 0.30350799289520425 0.02480270574971815 0.03952042628774423
211 0.5695227358136039 0.6465364120781527 0.022923712889891017 0.050621669626998225
58 0.7692596768132282 0.2981793960923623 0.03757985719654265 0.047513321492007106
58 0.652010522360015 0.8059502664298401 0.036076662908680945 0.052397868561278864
149 0.7692596768132282 0.44338365896980464 0.030815482901164974 0.03596802841918295
185 0.26907177752724537 0.5617229129662522 0.040586245772266064 0.04085257548845471
119 0.4990605035700864 0.24844582593250444 0.03006388575723412 0.03952042628774423
32 0.5824877865464111 0.6991563055062167 0.029312288613303268 0.04573712255772647
118 0.5668921458098459 0.91651865008881 0.03795565576850808 0.047957371225577264
118 0.5860578729800827 0.40230905861456484 0.04021044720030064 0.05150976909413854
211 0.3032694475760992 0.6123445825932504 0.018789928598271326 0.0497335701598579
22 0.5403983464862834 0.040408525754884544 0.03231867718902668 0.03996447602131439
22 0.5325065764750094 0.8050621669626998 0.03006388575723412 0.046181172291296625
13 0.423337091319053 0.09103019538188277 0.02818489289740699 0.03907637655417407
13 0.6136790680195415 0.8543516873889876 0.030815482901164974 0.03996447602131439
7 0.6918451709883502 0.40097690941385433 0.03231867718902668 0.047957371225577264
99 0.36320931980458476 0.7126998223801065 0.016910935738444193 0.04884547069271759
7 0.5924464487034949 0.8574600355239786 0.034197670048853816 0.0497335701598579
13 0.36358511837655016 0.8650088809946714 0.0424652386320932 0.02930728241563055
200 0.739195791055994 0.29551509769094136 0.026305900037579856 0.03774422735346359
7 0.6999248402856069 0.44826820603907636 0.030439684329199548 0.04840142095914742
118 0.7271702367531003 0.1922735346358792 0.0368282600526118 0.043516873889875664
58 0.4827132656895904 0.09147424511545293 0.04547162720781661 0.046181172291296625
6 0.4022923712889891 0.7635435168738899 0.034197670048853816 0.04662522202486678
22 0.3641488162344983 0.5148756660746003 0.03006388575723412 0.047513321492007106
200 0.5475385193536264 0.19560390763765542 0.03156708004509583 0.04129662522202487
200 0.5584366779406238 0.747113676731794 0.028560691469372415 0.047513321492007106
160 0.3842540398346486 0.6147868561278863 0.029688087185268695 0.04840142095914742
118 0.34366779406238257 0.3692273534635879 0.03945885005636979 0.04129662522202487
6 0.4192033070274333 0.20048845470692717 0.024426907177752723 0.04396092362344583
110 0.38613303269447574 0.7118117229129662 0.024426907177752723 0.047957371225577264
224 0.19917324314167606 0.4105239786856128 0.02254791431792559 0.05284191829484902
200 0.7487786546411124 0.5255328596802842 0.03344607290492296 0.0563943161634103
224 0.6335963923337091 0.24489342806394315 0.021796317173994738 0.03952042628774423
200 0.6170612551672303 0.3947602131438721 0.025554302893649003 0.05595026642984014
185 0.5777903043968433 0.19493783303730017 0.03494926719278467 0.046181172291296625
224 0.5439684329199549 0.6978241563055062 0.022172115745960164 0.03774422735346359
7 0.7465238632093198 0.3994227353463588 0.02818489289740699 0.05017761989342807
32 0.559000375798572 0.8070603907637656 0.030439684329199548 0.051953818827708706
7 0.6833897031191282 0.9533747779751333 0.030439684329199548 0.05950266429840142
149 0.5174746335963923 0.6982682060390764 0.03757985719654265 0.04129662522202487
118 0.7857948139797069 0.24289520426287745 0.0368282600526118 0.04440497335701599
22 0.3045847425779782 0.5646092362344582 0.034197670048853816 0.04662522202486678
160 0.41882750845546785 0.1396536412078153 0.025178504321683576 0.04840142095914742
99 0.4227733934611049 0.6627442273534636 0.02254791431792559 0.047513321492007106
200 0.590379556557685 0.24578152753108348 0.029312288613303268 0.03596802841918295
7 0.526869597895528 0.9094138543516874 0.03532506576475009 0.0452930728241563
6 0.4049229612927471 0.8594582593250444 0.038707252912438934 0.03063943161634103
185 0.30909432544156334 0.7142539964476021 0.03344607290492296 0.05017761989342807
185 0.23130402104472003 0.6687388987566607 0.038707252912438934 0.047957371225577264
119 0.4830890642615558 0.30150976909413857 0.0311912814731304 0.043516873889875664
106 0.39609169485155954 0.6651865008880995 0.040586245772266064 0.043516873889875664
224 0.33897031191281474 0.5168738898756661 0.023299511461856444 0.04440497335701599
22 0.5125892521608418 0.08747779751332149 0.03457346862081924 0.04085257548845471
13 0.47519729425028184 0.6607460035523979 0.027433295753476136 0.03907637655417407
99 0.6300263059000376 0.08370337477797514 0.019917324314167605 0.049289520426287745
119 0.4695603156708005 0.24955595026642985 0.030439684329199548 0.04440497335701599
200 0.5804208944006013 0.2988454706927176 0.022923712889891017 0.03996447602131439
224 0.7158962795941376 0.5439609236234458 0.02480270574971815 0.0586145648312611
22 0.4872228485531755 0.04063055062166963 0.03494926719278467 0.04662522202486678
211 0.5610672679443818 0.6960479573712256 0.01503194287861706 0.047513321492007106
7 0.6200676437429538 0.8023978685612788 0.02480270574971815 0.0497335701598579
211 0.29218338970311913 0.4147424511545293 0.015407741450582487 0.04440497335701599
22 0.5522360015031943 0.4016429840142096 0.03344607290492296 0.038632326820603906
99 0.2803457346862082 0.46869449378330375 0.01954152574220218 0.04662522202486678
22 0.49981210071401727 0.6529751332149201 0.025554302893649003 0.038632326820603906
22 0.34892897406989853 0.40697158081705154 0.02818489289740699 0.03952042628774423
149 0.6428034573468621 0.8503552397868561 0.03494926719278467 0.04085257548845471
224 0.2733934611048478 0.413854351687389 0.026681698609545283 0.04706927175843695
76 0.49079293498684706 0.14520426287744229 0.03908305148440436 0.06039076376554174
211 0.25272453964674935 0.41407637655417406 0.013152950018789928 0.04662522202486678
22 0.28278842540398347 0.6114564831261101 0.02818489289740699 0.052397868561278864
211 0.6138669673055243 0.24533747779751333 0.01615933859451334 0.038632326820603906
7 0.44813979706877116 0.09214031971580817 0.027433295753476136 0.05017761989342807
44 0.686771890266817 0.1924955595026643 0.053739195791055995 0.04218472468916518
7 0.22021796317173994 0.5159857904085258 0.028560691469372415 0.0497335701598579
22 0.3626456219466366 0.5654973357015985 0.03156708004509583 0.04218472468916518
224 0.2023675310033822 0.5994671403197158 0.02066892145809846 0.04440497335701599
58 0.18620819240886885 0.5148756660746003 0.04171364148816235 0.04573712255772647
149 0.31097331830139047 0.5168738898756661 0.03194287861706126 0.04440497335701599
32 0.2570462232243517 0.5150976909413855 0.03006388575723412 0.0497335701598579
149 0.532130777903044 0.24755772646536411 0.036076662908680945 0.04218472468916518
58 0.521608417888012 0.402753108348135 0.030815482901164974 0.03818827708703375
7 0.5189778278842541 0.35346358792184723 0.03307027433295753 0.0452930728241563
106 0.4774520856820744 0.19626998223801065 0.038707252912438934 0.037300177619893425
211 0.6501315295001879 0.24622557726465363 0.013528748590755355 0.04396092362344583
7 0.6918451709883502 0.2964031971580817 0.02480270574971815 0.04218472468916518
211 0.5567455843667795 0.3006216696269982 0.016910935738444193 0.04085257548845471
6 0.5120255543028936 0.8579040852575488 0.02818489289740699 0.050621669626998225
7 0.6016535137166479 0.1936056838365897 0.025554302893649003 0.04440497335701599
211 0.6354753851935363 0.39986678507992895 0.011273957158962795 0.04573712255772647
44 0.21890266816986095 0.5612788632326821 0.0424652386320932 0.03285968028419183
106 0.822435174746336 0.23823268206039078 0.034197670048853816 0.04396092362344583
211 0.443630214205186 0.20071047957371227 0.019917324314167605 0.04884547069271759
200 0.6527621195039459 0.07904085257548846 0.0368282600526118 0.04706927175843695
106 0.6024051108605787 0.08148312611012433 0.03307027433295753 0.053730017761989345
99 0.7177752724539647 0.39853463587921845 0.02705749718151071 0.04840142095914742
118 0.5403983464862834 0.08547957371225577 0.03757985719654265 0.04573712255772647
22 0.3605787298008268 0.6645204262877442 0.03194287861706126 0.04396092362344583
58 0.5240511086057873 0.7519982238010657 0.046223224351747465 0.04662522202486678
211 0.4703119128147313 0.9069715808170515 0.017662532882375046 0.038632326820603906
224 0.30947012401352875 0.6658525754884547 0.030439684329199548 0.04396092362344583
110 0.5067643742953777 0.8061722912966253 0.02593010146561443 0.04662522202486678
211 0.5809845922585494 0.75 0.018789928598271326 0.04440497335701599
200 0.3583239383690342 0.6132326820603907 0.030439684329199548 0.04440497335701599
7 0.2816610296880872 0.7118117229129662 0.029688087185268695 0.050621669626998225
32 0.37298008267568583 0.7688721136767318 0.026681698609545283 0.05106571936056838
22 0.821119879744457 0.6065719360568383 0.03231867718902668 0.06216696269982238
7 0.5206689214580985 0.14209591474245115 0.03194287861706126 0.050621669626998225
7 0.18282600526118 0.46647424511545293 0.0311912814731304 0.05106571936056838
118 0.18752348741074784 0.6707371225577264 0.04509582863585118 0.07149200710479574
7 0.4347989477639985 0.7630994671403197 0.029312288613303268 0.047513321492007106
58 0.4558436677940624 0.14964476021314388 0.040586245772266064 0.04706927175843695
110 0.5672679443818114 0.8612344582593251 0.025178504321683576 0.04396092362344583
211 0.6072904922961293 0.7997335701598579 0.014280345734686208 0.05150976909413854
224 0.4146937241638482 0.6141207815275311 0.03494926719278467 0.04440497335701599
6 0.4787673806839534 0.6134547069271759 0.03307027433295753 0.043072824156305506
13 0.17493423524990606 0.5626110124333925 0.03570086433671552 0.04085257548845471
118 0.7859827132656896 0.5381882770870338 0.038707252912438934 0.05595026642984014
200 0.5101465614430665 0.30150976909413857 0.030439684329199548 0.04085257548845471
149 0.5704622322435174 0.07904085257548846 0.0368282600526118 0.046181172291296625
32 0.5169109357384442 0.04262877442273535 0.036452461480646375 0.04262877442273535
7 0.2564825253664036 0.46558614564831263 0.026681698609545283 0.043072824156305506
200 0.2816610296880872 0.6651865008880995 0.02593010146561443 0.043516873889875664
106 0.5154077414505824 0.19915630550621669 0.040962044344231494 0.043072824156305506
32 0.44381811349116873 0.5588365896980462 0.029312288613303268 0.044849023090586145
13 0.4855317549793311 0.35546181172291297 0.033821871476888386 0.04573712255772647
211 0.7130777903043969 0.29862344582593253 0.014656144306651634 0.04396092362344583
200 0.5471627207816611 0.6507548845470693 0.03156708004509583 0.04218472468916518
106 0.32938744832769634 0.6127886323268206 0.03344607290492296 0.04440497335701599
32 0.336151822623074 0.5661634103019538 0.03269447576099211 0.0497335701598579
