22 0.5211773151471644 0.5587248322147651 0.07896625987078248 0.08053691275167785
118 0.33596554199569273 0.651565995525727 0.1048097631012204 0.07941834451901567
7 0.6855707106963388 0.38926174496644295 0.09045226130653267 0.08053691275167785
13 0.8492462311557789 0.467841163310962 0.10768126346015794 0.06431767337807606
22 0.6051687006460876 0.38338926174496646 0.08183776022972003 0.08668903803131991
22 0.05563531945441493 0.3730425055928412 0.0882986360373295 0.07941834451901567
106 0.5642498205312275 0.09256152125279642 0.1191672648959081 0.07885906040268456
149 0.3725771715721464 0.5615212527964206 0.08470926058865758 0.08053691275167785
44 0.14931801866475233 0.470917225950783 0.13926776740847094 0.06935123042505593
22 0.8456568557071069 0.2936241610738255 0.09763101220387653 0.08501118568232663
119 0.40272792534099067 0.4818232662192394 0.08470926058865758 0.07102908277404922
200 0.6722900215362527 0.08976510067114093 0.09691313711414214 0.08221476510067115
22 0.5728643216080402 0.19407158836689037 0.09619526202440776 0.07718120805369127
76 0.2699210337401292 0.47567114093959734 0.07465900933237617 0.10458612975391499
6 0.5190236898779612 0.38338926174496646 0.09475951184493898 0.09004474272930649
16 0.5954773869346733 0.5640380313199105 0.08111988513998564 0.07550335570469799
224 0.1669059583632448 0.282158836689038 0.07537688442211055 0.06767337807606263
7 0.7627422828427853 0.4734340044742729 0.07537688442211055 0.07550335570469799
7 0.24910265613783203 0.27992170022371365 0.09332376166547021 0.07550335570469799
118 0.6798277099784638 0.28691275167785235 0.1249102656137832 0.087248322147651
200 0.5610193826274228 0.4767897091722595 0.06963388370423547 0.06319910514541387
119 0.8668341708542714 0.19714765100671142 0.08973438621679827 0.0878076062639821
7 0.6615218951902369 0.1965883668903803 0.09404163675520459 0.08445190156599552
160 0.6184493898061737 0.47651006711409394 0.0681981335247667 0.07941834451901567
211 0.33022254127781764 0.4784675615212528 0.04020100502512563 0.07997762863534676
22 0.4321608040201005 0.38534675615212527 0.08470926058865758 0.0883668903803132
118 0.5175879396984925 0.6417785234899329 0.08614501076812635 0.07214765100671142
58 0.29361091170136394 0.5640380313199105 0.09332376166547021 0.06767337807606263
22 0.48312993539124194 0.47315436241610737 0.07896625987078248 0.07046979865771812
211 0.5839913854989232 0.6387024608501118 0.0366116295764537 0.07158836689038031
200 0.43431442928930364 0.2855145413870246 0.08183776022972003 0.07885906040268456
224 0.6873653984206748 0.4753914988814318 0.08255563531945441 0.07158836689038031
149 0.25915290739411345 0.37779642058165547 0.0990667623833453 0.09116331096196868
185 0.4501076812634602 0.5598434004474273 0.09332376166547021 0.07494407158836688
200 0.8725771715721464 0.5645973154362416 0.0681981335247667 0.06879194630872483
211 0.6582914572864321 0.5598434004474273 0.04450825556353195 0.07270693512304251
200 0.5904522613065326 0.28439597315436244 0.09117013639626705 0.07102908277404922
22 0.3948312993539124 0.18288590604026847 0.09332376166547021 0.06711409395973154
119 0.7652548456568558 0.3783557046979866 0.07896625987078248 0.08445190156599552
22 0.8488872936109118 0.38282997762863535 0.104091888011486 0.07550335570469799
58 0.15936826992103373 0.37360178970917224 0.11198851399856424 0.07494407158836688
106 0.2961234745154343 0.19323266219239374 0.11127063890882986 0.08557046979865772
118 0.9472361809045227 0.2925055928411633 0.08255563531945441 0.07941834451901567
76 0.802943287867911 0.5500559284116331 0.0681981335247667 0.12136465324384788
185 0.6475233309404164 0.6373042505592841 0.09619526202440776 0.0732662192393736
6 0.48707824838478103 0.19714765100671142 0.08111988513998564 0.08557046979865772
7 0.9407753050969131 0.20497762863534674 0.06532663316582915 0.09451901565995526
7 0.3499641062455133 0.11521252796420582 0.07537688442211055 0.06599552572706935
118 0.45585068198133527 0.1017897091722595 0.10768126346015794 0.09731543624161074
13 0.34816941852117733 0.28104026845637586 0.11773151471643933 0.07774049217002237
200 0.42569992821249103 0.6451342281879194 0.08183776022972003 0.0743847874720358
160 0.09117013639626705 0.2866331096196868 0.08614501076812635 0.07662192393736018
224 0.5161521895190236 0.28942953020134227 0.08614501076812635 0.08668903803131991
22 0.24335965541995694 0.6582774049217002 0.07753050969131371 0.07158836689038031
224 0.7727925340990668 0.6451342281879194 0.08399138549892318 0.07662192393736018
200 0.8506819813352476 0.6426174496644296 0.09475951184493898 0.07718120805369127
211 0.7153625269203159 0.636744966442953 0.0366116295764537 0.07774049217002237
32 0.34565685570710697 0.37919463087248323 0.08973438621679827 0.0883668903803132
