149 0.3441295546558704 0.7794715447154471 0.11336032388663968 0.10569105691056911
224 0.881578947368421 0.7936991869918699 0.08906882591093117 0.09349593495934959
22 0.2768218623481781 0.6371951219512195 0.09615384615384616 0.10975609756097561
211 0.6022267206477733 0.8892276422764228 0.048582995951417005 0.1016260162601626
211 0.6330971659919028 0.7850609756097561 0.04757085020242915 0.11077235772357724
7 0.6639676113360324 0.8907520325203252 0.09716599190283401 0.09654471544715447
99 0.548582995951417 0.885670731707317 0.06680161943319839 0.09451219512195122
58 0.7388663967611336 0.8932926829268293 0.09109311740890688 0.08130081300813008
149 0.7940283400809717 0.7901422764227642 0.09817813765182186 0.10873983739837398
106 0.46153846153846156 0.8877032520325203 0.09109311740890688 0.0701219512195122
58 0.17813765182186234 0.6361788617886179 0.1214574898785425 0.10975609756097561
118 0.43724696356275305 0.7779471544715447 0.10121457489878542 0.09451219512195122
149 0.4797570850202429 0.646849593495935 0.11133603238866396 0.11280487804878049
200 0.5172064777327935 0.7769308943089431 0.08299595141700405 0.10670731707317073
99 0.590080971659919 0.7804878048780488 0.058704453441295545 0.11585365853658537
185 0.7009109311740891 0.7921747967479674 0.10222672064777327 0.11077235772357724
119 0.7510121457489879 0.6636178861788617 0.08704453441295547 0.12804878048780488
7 0.6553643724696356 0.6636178861788617 0.1062753036437247 0.13414634146341464
110 0.5824898785425101 0.6534552845528455 0.10222672064777327 0.10772357723577236
118 0.36538461538461536 0.8780487804878049 0.09919028340080972 0.08130081300813008
200 0.833502024291498 0.6702235772357723 0.07388663967611336 0.10670731707317073
44 0.9078947368421053 0.6824186991869918 0.08097165991902834 0.10264227642276423
13 0.24595141700404857 0.7733739837398373 0.10526315789473684 0.09552845528455285
118 0.37601214574898784 0.6443089430894309 0.11032388663967611 0.11178861788617886
