211 0.6518518518518519 0.6224223061283765 0.03111111111111111 0.039500435666569855
32 0.46444444444444444 0.6733952948010457 0.09777777777777778 0.0397908800464711
110 0.7040740740740741 0.17252396166134185 0.09111111111111111 0.03601510310775487
7 0.3348148148148148 0.4304385710136509 0.09333333333333334 0.039500435666569855
119 0.4762962962962963 0.5277374382805693 0.08888888888888889 0.03601510310775487
22 0.32 0.1757188498402556 0.07555555555555556 0.03659599186755736
7 0.48592592592592593 0.33110659308742374 0.0637037037037037 0.03311065930874237
200 0.6625925925925926 0.8724949172233517 0.0674074074074074 0.04182399070577984
118 0.5518518518518518 0.17484751670055185 0.08888888888888889 0.03369154806854487
160 0.7348148148148148 0.38440313679930294 0.07703703703703704 0.0409526575660761
185 0.7129629629629629 0.7274179494626779 0.08222222222222222 0.03630554748765611
211 0.7755555555555556 0.7265466163229741 0.04888888888888889 0.038048213767063604
99 0.5437037037037037 0.8187627069416207 0.054814814814814816 0.04124310194597734
32 0.4318518518518519 0.7720011617775197 0.1037037037037037 0.04008132442637235
7 0.47555555555555556 0.8199244844612257 0.09925925925925926 0.04008132442637235
22 0.8148148148148148 0.28173104850421143 0.08 0.03543421434795237
13 0.6207407407407407 0.3282021492884113 0.09333333333333334 0.03427243682834737
211 0.6981481481481482 0.11661341853035144 0.04666666666666667 0.04211443508568109
106 0.46296296296296297 0.38454835898925355 0.08296296296296296 0.03427243682834737
22 0.8066666666666666 0.8722044728434505 0.09925925925925926 0.04008132442637235
7 0.5007407407407407 0.11864652918966018 0.08444444444444445 0.03688643624745861
106 0.3851851851851852 0.8187627069416207 0.0962962962962963 0.03659599186755736
224 0.8022222222222222 0.329073482428115 0.09333333333333334 0.03485332558814987
118 0.5844444444444444 0.6227127505082777 0.12148148148148148 0.038919546906767355
211 0.5548148148148148 0.22712750508277665 0.03259259259259259 0.039500435666569855
7 0.6448148148148148 0.11632297415045019 0.07333333333333333 0.038048213767063604
7 0.8311111111111111 0.7294510601219867 0.08296296296296296 0.04269532384548359
185 0.5903703703703703 0.3829509148997967 0.06518518518518518 0.038048213767063604
16 0.5651851851851852 0.11806564042985768 0.09185185185185185 0.038048213767063604
200 0.692962962962963 0.8245715945396457 0.07777777777777778 0.03659599186755736
160 0.7129629629629629 0.6831251815277375 0.09111111111111111 0.04937554458321231
58 0.7911111111111111 0.7826023816439152 0.11851851851851852 0.04153354632587859
7 0.7711111111111111 0.5210572175428405 0.10518518518518519 0.04124310194597734
22 0.6266666666666667 0.2779552715654952 0.0874074074074074 0.03369154806854487
44 0.8177777777777778 0.6272146383967471 0.12148148148148148 0.0409526575660761
13 0.6014814814814815 0.7763578274760383 0.09925925925925926 0.03717688062735986
211 0.6825925925925926 0.276503049665989 0.04518518518518518 0.03775776938716236
224 0.7274074074074074 0.8742375835027593 0.08 0.03485332558814987
7 0.7748148148148148 0.17136218414173685 0.08888888888888889 0.04066221318617485
119 0.30666666666666664 0.8650885855358699 0.07555555555555556 0.04153354632587859
200 0.6922222222222222 0.7805692709846065 0.07925925925925927 0.03282021492884113
99 0.6066666666666667 0.8685739180946849 0.07111111111111111 0.04850421144350857
44 0.5148148148148148 0.9542550101655533 0.1037037037037037 0.03688643624745861
58 0.35555555555555557 0.2756317165262852 0.1259259259259259 0.04182399070577984
149 0.6140740740740741 0.8231193726401395 0.08296296296296296 0.046471100784199824
44 0.5725925925925925 0.5233807725820505 0.12148148148148148 0.03543421434795237
176 0.4266666666666667 0.4292767934940459 0.10518518518518519 0.039500435666569855
7 0.65 0.6754284054603543 0.06 0.03688643624745861
119 0.5711111111111111 0.7256752831832705 0.08 0.04211443508568109
7 0.3762962962962963 0.6671507406331687 0.07407407407407407 0.04356665698518734
22 0.3214814814814815 0.33488237002614 0.0874074074074074 0.04066221318617485
211 0.3540740740740741 0.7220447284345048 0.0874074074074074 0.04530932326459483
211 0.6074074074074074 0.6802207377287249 0.037037037037037035 0.038919546906767355
99 0.4525925925925926 0.946993900668022 0.07407407407407407 0.0397908800464711
106 0.5392592592592592 0.2802788266047052 0.10222222222222223 0.03485332558814987
13 0.8088888888888889 0.6816729596282312 0.1037037037037037 0.039500435666569855
22 0.49037037037037035 0.6257624164972407 0.09333333333333334 0.0403717688062736
32 0.39481481481481484 0.6251815277374383 0.11259259259259259 0.04269532384548359
58 0.42074074074074075 0.3331397037467325 0.07851851851851852 0.03020621550972989
224 0.737037037037037 0.2808597153645077 0.0725925925925926 0.03717688062735986
176 0.4955555555555556 0.2256752831832704 0.09777777777777778 0.03775776938716236
185 0.37851851851851853 0.9490270113273308 0.08 0.0403717688062736
149 0.38074074074074077 0.8647981411559686 0.0874074074074074 0.04443799012489108
22 0.3296296296296296 0.7714202730177171 0.08 0.038919546906767355
7 0.5148148148148148 0.43421434795236713 0.08592592592592592 0.038919546906767355
211 0.3688888888888889 0.1751379610804531 0.04 0.038919546906767355
106 0.4192592592592593 0.11893697356956143 0.09925925925925926 0.03398199244844612
7 0.6266666666666667 0.17484751670055185 0.0725925925925926 0.03601510310775487
7 0.6411111111111111 0.7282892826023817 0.07777777777777778 0.04269532384548359
211 0.7651851851851852 0.4753122277083938 0.05185185185185185 0.0397908800464711
118 0.7962962962962963 0.38324135927969794 0.07555555555555556 0.0409526575660761
32 0.7211111111111111 0.6251815277374383 0.09259259259259259 0.04153354632587859
76 0.45925925925925926 0.8662503630554749 0.09037037037037036 0.06476909671797851
118 0.78 0.8266047051989543 0.09333333333333334 0.039500435666569855
224 0.44074074074074077 0.7239326169038629 0.07111111111111111 0.03514376996805112
44 0.7137037037037037 0.329073482428115 0.10148148148148148 0.03485332558814987
7 0.5118518518518519 0.7233517281440605 0.07111111111111111 0.03630554748765611
22 0.7837037037037037 0.22422306128376415 0.09481481481481481 0.039500435666569855
119 0.7003703703703704 0.2256752831832704 0.09555555555555556 0.03659599186755736
119 0.34074074074074073 0.22916061574208538 0.0637037037037037 0.04124310194597734
211 0.31555555555555553 0.8194888178913738 0.054814814814814816 0.04792332268370607
7 0.37703703703703706 0.3801916932907348 0.08296296296296296 0.042985768225384836
7 0.40814814814814815 0.22770839384257915 0.09185185185185185 0.04066221318617485
211 0.8407407407407408 0.5190241068835318 0.04 0.04879465582340982
7 0.5444444444444444 0.6771710717397619 0.08296296296296296 0.039209991286668605
22 0.4585185185185185 0.27882660470519893 0.08296296296296296 0.03659599186755736
200 0.5385185185185185 0.8690095846645367 0.08 0.038338658146964855
22 0.42814814814814817 0.4715364507696776 0.09925925925925926 0.04269532384548359
7 0.337037037037037 0.11748475167005519 0.09185185185185185 0.04153354632587859
44 0.45037037037037037 0.17020040662213187 0.12296296296296297 0.03252977054893988
160 0.5496296296296296 0.32936392680801624 0.07851851851851852 0.03427243682834737
224 0.39481481481481484 0.5715945396456579 0.11555555555555555 0.03717688062735986
7 0.5133333333333333 0.7746151611966309 0.09481481481481481 0.038338658146964855
58 0.6811111111111111 0.5198954400232355 0.12518518518518518 0.03775776938716236
224 0.5170370370370371 0.4735695614289864 0.10518518518518519 0.0409526575660761
118 0.6103703703703703 0.956288120824862 0.10814814814814815 0.03630554748765611
200 0.522962962962963 0.38498402555910544 0.07555555555555556 0.0397908800464711
22 0.3985185185185185 0.5271565495207667 0.0962962962962963 0.03717688062735986
119 0.6155555555555555 0.22712750508277665 0.08888888888888889 0.03601510310775487
