118 0.5908479138627187 0.0653950953678474 0.05518169582772544 0.09627611262488647
211 0.506393001345895 0.3424159854677566 0.03566621803499327 0.14350590372388738
200 0.8664199192462988 0.20572207084468666 0.08142664872139974 0.12079927338782924
7 0.19751009421265142 0.5099909173478656 0.07065948855989233 0.14623069936421434
149 0.6968371467025573 0.1943687556766576 0.08277254374158816 0.1271571298819255
58 0.5275908479138627 0.4986376021798365 0.07806191117092867 0.11444141689373297
76 0.132907133243607 0.494550408719346 0.09353970390309556 0.23160762942779292
211 0.6386271870794078 0.1943687556766576 0.02826379542395693 0.1271571298819255
200 0.5925302826379543 0.19573115349682108 0.07335127860026917 0.12443233424159855
13 0.784656796769852 0.20708446866485014 0.09825033647375504 0.1307901907356948
149 0.5972409152086138 0.5018165304268847 0.0639300134589502 0.1371480472297911
99 0.6493943472409152 0.502724795640327 0.04979811574697174 0.16076294277929154
160 0.7553835800807537 0.48501362397820164 0.06258411843876177 0.13805631244323344
118 0.6927994616419919 0.3505903723887375 0.10296096904441454 0.1307901907356948
118 0.8304172274562585 0.07584014532243415 0.11305518169582772 0.1226158038147139
22 0.6080080753701211 0.3478655767484105 0.07604306864064603 0.11262488646684832
13 0.6594885598923284 0.0703905540417802 0.07940780619111709 0.12079927338782924
149 0.7358681022880216 0.07720254314259764 0.07604306864064603 0.11625794732061762
22 0.05518169582772544 0.49182561307901906 0.07267833109017496 0.09536784741144415
16 0.5524899057873486 0.35603996366939145 0.059219380888290714 0.13260672116257946
200 0.7049125168236877 0.5031789282470481 0.06123822341857335 0.14350590372388738
