22 0.4399460188933873 0.6600553505535055 0.10796221322537113 0.09501845018450185
22 0.4885290148448043 0.5309040590405905 0.17543859649122806 0.13560885608856088
110 0.5843454790823212 0.6826568265682657 0.17543859649122806 0.1033210332103321
200 0.40620782726045884 0.35793357933579334 0.1484480431848853 0.11623616236162361
160 0.16869095816464239 0.34870848708487084 0.15114709851551958 0.13653136531365315
44 0.7591093117408907 0.6785055350553506 0.22807017543859648 0.11346863468634687
13 0.6228070175438597 0.3607011070110701 0.21187584345479082 0.11070110701107011
200 0.13360323886639677 0.2043357933579336 0.145748987854251 0.08394833948339483
224 0.33468286099865047 0.5198339483394834 0.145748987854251 0.11162361623616236
211 0.2253711201079622 0.5198339483394834 0.08097165991902834 0.12453874538745388
58 0.7611336032388664 0.1937269372693727 0.21052631578947367 0.14575645756457564
13 0.39946018893387314 0.19464944649446494 0.23751686909581646 0.11254612546125461
22 0.5809716599190283 0.19418819188191883 0.1794871794871795 0.1429889298892989
200 0.10931174089068826 0.5235239852398524 0.15114709851551958 0.12453874538745388
211 0.23954116059379219 0.19418819188191883 0.07152496626180836 0.1429889298892989
13 0.645748987854251 0.522140221402214 0.1767881241565452 0.11992619926199262
224 0.2813765182186235 0.3593173431734317 0.13360323886639677 0.11346863468634687
211 0.5026990553306343 0.35977859778597787 0.07152496626180836 0.13284132841328414
7 0.796221322537112 0.518450184501845 0.16194331983805668 0.12915129151291513
200 0.7955465587044535 0.35608856088560886 0.14709851551956815 0.0959409594095941
200 0.04520917678812416 0.3519372693726937 0.07152496626180836 0.13376383763837638
200 0.9062078272604588 0.6702029520295203 0.08502024291497975 0.12453874538745388
