224 0.3244131455399061 0.5028548123980424 0.056338028169014086 0.09543230016313213
7 0.49107981220657276 0.3527732463295269 0.06948356807511737 0.13784665579119088
211 0.6622065727699531 0.2569331158238173 0.025821596244131457 0.10766721044045677
211 0.8169014084507042 0.5542414355628059 0.03755868544600939 0.10195758564437195
22 0.5082159624413145 0.6243882544861338 0.06150234741784037 0.09706362153344208
58 0.4403755868544601 0.6284665579119086 0.0863849765258216 0.09706362153344208
99 0.9363849765258216 0.58278955954323 0.04929577464788732 0.13784665579119088
99 0.6969483568075118 0.2642740619902121 0.04084507042253521 0.11419249592169657
76 0.4157276995305164 0.35522022838499184 0.08497652582159625 0.15415986949429036
211 0.7889671361502347 0.4184339314845024 0.02676056338028169 0.09951060358890701
32 0.28568075117370895 0.183115823817292 0.06901408450704226 0.09543230016313213
76 0.8690140845070422 0.5473083197389886 0.07136150234741784 0.15823817292006526
7 0.3901408450704225 0.5036704730831973 0.07230046948356808 0.09380097879282219
13 0.6438967136150234 0.49510603588907015 0.06525821596244132 0.09624796084828711
118 0.8354460093896714 0.4204730831973899 0.06901408450704226 0.100326264274062
7 0.3683098591549296 0.6247960848287113 0.053051643192488264 0.10766721044045677
118 0.10633802816901408 0.07422512234910278 0.04647887323943662 0.07830342577487764
106 0.1624413145539906 0.09257748776508973 0.0431924882629108 0.06443719412724307
224 0.22136150234741783 0.1900489396411093 0.04929577464788732 0.07830342577487764
22 0.35140845070422533 0.1904567699836868 0.06338028169014084 0.09706362153344208
185 0.7633802816901408 0.5371125611745514 0.06948356807511737 0.11500815660685156
22 0.5793427230046948 0.4898042414355628 0.06854460093896714 0.10848287112561175
7 0.8694835680751174 0.2687601957585644 0.07042253521126761 0.11011419249592169
22 0.16666666666666666 0.16435562805872758 0.044131455399061034 0.06280587275693311
7 0.21713615023474178 0.10889070146818923 0.03896713615023474 0.07096247960848287
7 0.2748826291079812 0.8095432300163132 0.06619718309859154 0.132952691680261
224 0.7504694835680751 0.416394779771615 0.0539906103286385 0.10358890701468189
7 0.7507042253521127 0.27202283849918435 0.06384976525821597 0.09869494290375204
160 0.47769953051643194 0.22226753670473084 0.04929577464788732 0.11011419249592169
118 0.4136150234741784 0.21247960848287112 0.07136150234741784 0.11174551386623165
224 0.4535211267605634 0.4967373572593801 0.059154929577464786 0.0929853181076672
58 0.6136150234741784 0.37479608482871124 0.09107981220657277 0.10522022838499184
22 0.6065727699530516 0.23491027732463296 0.061971830985915494 0.10603588907014681
118 0.5772300469483568 0.6272430668841762 0.06619718309859154 0.12234910277324633
106 0.5406103286384977 0.233278955954323 0.06525821596244132 0.10114192495921696
160 0.3542253521126761 0.3694942903752039 0.06056338028169014 0.09951060358890701
7 0.6896713615023474 0.40008156606851547 0.06103286384976526 0.11011419249592169
32 0.5136150234741784 0.49184339314845027 0.06291079812206572 0.11582381729200653
119 0.8084507042253521 0.27283849918433933 0.056338028169014086 0.10522022838499184
58 0.28943661971830986 0.6582381729200653 0.10751173708920188 0.12398042414355628
200 0.6995305164319249 0.5199836867862969 0.05821596244131456 0.09543230016313213
99 0.5497652582159624 0.3629690048939641 0.046009389671361506 0.10766721044045677
