118 0.6236702127659575 0.09476149914821125 0.09840425531914894 0.03534923339011925
6 0.43949468085106386 0.2512776831345826 0.07047872340425532 0.013628620102214651
211 0.5824468085106383 0.6305366269165247 0.04521276595744681 0.032793867120954
211 0.7533244680851063 0.9429301533219762 0.06515957446808511 0.029812606473594547
7 0.4853723404255319 0.40396081771720616 0.125 0.04557069846678024
13 0.6196808510638298 0.8243185689948893 0.07180851063829788 0.032793867120954
7 0.5970744680851063 0.8918228279386712 0.125 0.04003407155025554
99 0.3650265957446808 0.1684412265758092 0.06515957446808511 0.04727427597955707
149 0.8996010638297872 0.1690800681431005 0.10505319148936171 0.03321976149914821
200 0.3257978723404255 0.8522146507666098 0.0425531914893617 0.016183986371379896
160 0.46143617021276595 0.2387137989778535 0.07712765957446809 0.011499148211243612
118 0.17486702127659576 0.370954003407155 0.04654255319148936 0.015332197614991482
200 0.6522606382978723 0.4045996592844974 0.07313829787234043 0.030664395229982964
200 0.7912234042553191 0.37947189097103917 0.0398936170212766 0.015332197614991482
176 0.3663563829787234 0.34092844974446335 0.12632978723404256 0.036201022146507666
211 0.22606382978723405 0.21805792163543442 0.0425531914893617 0.034071550255536626
22 0.7174202127659575 0.34454855195911416 0.07313829787234043 0.029812606473594547
22 0.3490691489361702 0.8213373083475298 0.08377659574468085 0.031090289608177172
149 0.5704787234042553 0.7548977853492334 0.12234042553191489 0.03364565587734242
176 0.23204787234042554 0.8837308347529813 0.09973404255319149 0.028960817717206135
7 0.5492021276595744 0.2504258943781942 0.06382978723404255 0.02129471890971039
58 0.43617021276595747 0.7536201022146508 0.16489361702127658 0.03364565587734242
200 0.456781914893617 0.5210817717206133 0.07579787234042554 0.031942078364565585
99 0.5319148936170213 0.3741482112436116 0.02925531914893617 0.01746166950596252
58 0.37300531914893614 0.2167802385008518 0.13430851063829788 0.03151618398637138
7 0.7007978723404256 0.37670357751277683 0.0425531914893617 0.020868824531516183
160 0.5093085106382979 0.2772572402044293 0.07180851063829788 0.028109028960817718
13 0.7007978723404256 0.852427597955707 0.034574468085106384 0.020868824531516183
44 0.37632978723404253 0.37052810902896083 0.07180851063829788 0.01788756388415673
7 0.8736702127659575 0.9337734241908007 0.05053191489361702 0.025979557069846677
200 0.25132978723404253 0.33943781942078366 0.09840425531914894 0.03151618398637138
160 0.46476063829787234 0.34689097103918226 0.08909574468085106 0.042163543441226574
22 0.23138297872340424 0.5700596252129472 0.07180851063829788 0.03534923339011925
22 0.45279255319148937 0.5743185689948893 0.07047872340425532 0.031942078364565585
44 0.26529255319148937 0.4557069846678024 0.13962765957446807 0.03747870528109029
22 0.1735372340425532 0.21507666098807496 0.06515957446808511 0.027257240204429302
32 0.35106382978723405 0.6267035775127768 0.10904255319148937 0.03705281090289608
110 0.7632978723404256 0.282793867120954 0.09840425531914894 0.034071550255536626
200 0.6030585106382979 0.157793867120954 0.06515957446808511 0.031090289608177172
149 0.9215425531914894 0.22870528109028962 0.07712765957446809 0.034071550255536626
22 0.5372340425531915 0.3428449744463373 0.09308510638297872 0.026405451448040886
32 0.3025265957446808 0.7531942078364565 0.12101063829787234 0.036201022146507666
200 0.5904255319148937 0.5783645655877342 0.06914893617021277 0.030664395229982964
211 0.5904255319148937 0.375 0.034574468085106384 0.014054514480408859
200 0.35970744680851063 0.3136712095400341 0.04654255319148936 0.014054514480408859
58 0.5811170212765957 0.9437819420783645 0.15425531914893617 0.03321976149914821
22 0.5093085106382979 0.311541737649063 0.06648936170212766 0.0217206132879046
76 0.776595744680851 0.12052810902896081 0.09042553191489362 0.05281090289608177
160 0.5232712765957447 0.5234241908006815 0.08111702127659574 0.04003407155025554
32 0.49800531914893614 0.25 0.05186170212765957 0.019591141396933562
32 0.9022606382978723 0.25745315161839866 0.06515957446808511 0.016609880749574105
7 0.1768617021276596 0.2510647359454855 0.034574468085106384 0.02938671209540034
32 0.35904255319148937 0.9452725724020443 0.10904255319148937 0.03534923339011925
7 0.4607712765957447 0.9463373083475298 0.09973404255319149 0.04003407155025554
22 0.300531914893617 0.16098807495741055 0.06382978723404255 0.03321976149914821
106 0.7772606382978723 0.8224020442930153 0.11303191489361702 0.03321976149914821
118 0.831781914893617 0.22657580919931858 0.10505319148936171 0.03747870528109029
200 0.2752659574468085 0.21656729131175467 0.07712765957446809 0.031090289608177172
200 0.4421542553191489 0.2774701873935264 0.04654255319148936 0.02768313458262351
13 0.5259308510638298 0.5762350936967632 0.08643617021276596 0.03151618398637138
76 0.42686170212765956 0.09795570698466781 0.09574468085106383 0.06132879045996593
22 0.523936170212766 0.629045996592845 0.0851063829787234 0.03577512776831346
22 0.6781914893617021 0.28492333901192507 0.0851063829787234 0.03236797274275979
119 0.6868351063829787 0.4565587734241908 0.09707446808510638 0.04003407155025554
7 0.8231382978723404 0.2542589437819421 0.04521276595744681 0.015332197614991482
119 0.4408244680851064 0.6273424190800682 0.09175531914893617 0.04003407155025554
13 0.793218085106383 0.2548977853492334 0.03856382978723404 0.013202725724020443
13 0.6589095744680851 0.24254684838160137 0.08111702127659574 0.012350936967632026
185 0.45146276595744683 0.31409710391822826 0.0598404255319149 0.022572402044293016
118 0.9408244680851063 0.2847103918228279 0.08111702127659574 0.0379045996592845
8 0.6855053191489362 0.8896933560477002 0.0625 0.03321976149914821
224 0.17819148936170212 0.15800681431005112 0.0851063829787234 0.03236797274275979
160 0.20345744680851063 0.046848381601362864 0.06382978723404255 0.03236797274275979
7 0.776595744680851 0.4589011925042589 0.10106382978723404 0.03960817717206133
200 0.4474734042553192 0.8534923339011925 0.041223404255319146 0.015332197614991482
22 0.6555851063829787 0.22146507666098808 0.0797872340425532 0.03236797274275979
7 0.45013297872340424 0.4580494037478705 0.1077127659574468 0.03960817717206133
160 0.40425531914893614 0.311541737649063 0.0425531914893617 0.018313458262350937
200 0.20678191489361702 0.09156729131175469 0.0625 0.027257240204429302
7 0.5950797872340425 0.45847529812606475 0.11037234042553191 0.04131175468483816
99 0.6210106382978723 0.6961243611584327 0.07446808510638298 0.04386712095400341
211 0.39893617021276595 0.8234667802385008 0.05851063829787234 0.031090289608177172
200 0.32845744680851063 0.27448892674616693 0.05319148936170213 0.02512776831345826
76 0.22340425531914893 0.25149063032367974 0.047872340425531915 0.036201022146507666
211 0.7892287234042553 0.6339437819420783 0.05186170212765957 0.030238500851788756
185 0.7945478723404256 0.6929301533219762 0.09707446808510638 0.039182282793867124
200 0.7945478723404256 0.405664395229983 0.07579787234042554 0.02768313458262351
118 0.5412234042553191 0.6899488926746167 0.09840425531914894 0.030664395229982964
211 0.2473404255319149 0.37137989778534924 0.023936170212765957 0.017035775127768313
200 0.9155585106382979 0.4073679727427598 0.0678191489361702 0.031090289608177172
211 0.22340425531914893 0.40417376490630325 0.05851063829787234 0.036626916524701875
160 0.7373670212765957 0.22764054514480409 0.09441489361702128 0.04557069846678024
200 0.6821808510638298 0.9433560477001703 0.06648936170212766 0.024701873935264053
200 0.5571808510638298 0.3747870528109029 0.02925531914893617 0.014480408858603067
7 0.605718085106383 0.5212947189097104 0.09973404255319149 0.036626916524701875
22 0.4933510638297872 0.3745741056218058 0.0425531914893617 0.014054514480408859
99 0.6143617021276596 0.8551959114139693 0.0398936170212766 0.020442930153321975
99 0.6781914893617021 0.1682282793867121 0.0797872340425532 0.04599659284497445
99 0.39029255319148937 0.5238500851788757 0.0678191489361702 0.041737649063032366
224 0.6482712765957447 0.34902044293015333 0.0625 0.02768313458262351
185 0.6236702127659575 0.3762776831345826 0.03723404255319149 0.014054514480408859
22 0.46808510638297873 0.21912265758091992 0.0797872340425532 0.034497444633730834
224 0.27393617021276595 0.0919931856899489 0.07446808510638298 0.03151618398637138
99 0.2726063829787234 0.048551959114139696 0.06648936170212766 0.03833049403747871
22 0.8982712765957447 0.31920783645655876 0.03856382978723404 0.018313458262350937
211 0.6535904255319149 0.3762776831345826 0.05186170212765957 0.020868824531516183
224 0.31981382978723405 0.24680579216354345 0.05452127659574468 0.022572402044293016
22 0.3291223404255319 0.370954003407155 0.03856382978723404 0.017035775127768313
200 0.6848404255319149 0.8232538330494037 0.07712765957446809 0.03151618398637138
118 0.16356382978723405 0.40034071550255534 0.06382978723404255 0.039182282793867124
118 0.3829787234042553 0.2382879045996593 0.061170212765957445 0.010647359454855196
22 0.2579787234042553 0.6273424190800682 0.09308510638297872 0.03577512776831346
118 0.8603723404255319 0.3164395229982964 0.0398936170212766 0.01788756388415673
99 0.34175531914893614 0.047913117546848384 0.07180851063829788 0.042163543441226574
6 0.31183510638297873 0.31303236797274275 0.043882978723404256 0.020442930153321975
185 0.7712765957446809 0.34476149914821125 0.10904255319148937 0.03534923339011925
76 0.22872340425531915 0.5212947189097104 0.12234042553191489 0.07921635434412266
7 0.8863031914893617 0.3479557069846678 0.12898936170212766 0.03833049403747871
32 0.6243351063829787 0.3143100511073254 0.07047872340425532 0.022146507666098807
13 0.44481382978723405 0.3730834752981261 0.057180851063829786 0.014480408858603067
211 0.6017287234042553 0.348381601362862 0.04920212765957447 0.03321976149914821
13 0.5319148936170213 0.45442930153321975 0.0851063829787234 0.034071550255536626
160 0.48470744680851063 0.854344122657581 0.04654255319148936 0.016183986371379896
119 0.20412234042553193 0.7517035775127768 0.09707446808510638 0.03577512776831346
160 0.8570478723404256 0.2830068143100511 0.09707446808510638 0.04045996592844974
176 0.7207446808510638 0.40438671209540034 0.09574468085106383 0.034497444633730834
58 0.9148936170212766 0.3809625212947189 0.047872340425531915 0.016609880749574105
118 0.831781914893617 0.3769165247018739 0.04920212765957447 0.020442930153321975
119 0.17553191489361702 0.6260647359454855 0.0797872340425532 0.039182282793867124
22 0.34773936170212766 0.09433560477001704 0.07313829787234043 0.031942078364565585
149 0.5219414893617021 0.09263202725724021 0.09707446808510638 0.03705281090289608
118 0.6715425531914894 0.5785775127768313 0.10372340425531915 0.03534923339011925
22 0.5332446808510638 0.8549829642248722 0.04521276595744681 0.020868824531516183
200 0.629654255319149 0.2548977853492334 0.057180851063829786 0.018313458262350937
99 0.7792553191489362 0.5221465076660988 0.09042553191489362 0.041737649063032366
6 0.3078457446808511 0.692717206132879 0.0678191489361702 0.030238500851788756
118 0.3996010638297872 0.8526405451448041 0.057180851063829786 0.017035775127768313
22 0.5598404255319149 0.311541737649063 0.047872340425531915 0.0217206132879046
200 0.8178191489361702 0.9393100511073254 0.061170212765957445 0.02512776831345826
211 0.25 0.6914395229982965 0.05585106382978723 0.030238500851788756
200 0.726063829787234 0.6345826235093697 0.07712765957446809 0.03151618398637138
44 0.2726063829787234 0.24723168654173766 0.05053191489361702 0.020868824531516183
7 0.550531914893617 0.8232538330494037 0.10904255319148937 0.039182282793867124
22 0.39561170212765956 0.6937819420783645 0.09175531914893617 0.03236797274275979
13 0.648936170212766 0.6343696763202725 0.08776595744680851 0.034497444633730834
211 0.5950797872340425 0.24872231686541738 0.03324468085106383 0.02129471890971039
110 0.27194148936170215 0.8202725724020443 0.08377659574468085 0.03492333901192504
7 0.37699468085106386 0.2508517887563884 0.0598404255319149 0.014480408858603067
149 0.7898936170212766 0.7555366269165247 0.09574468085106383 0.03747870528109029
211 0.8158244680851063 0.3149488926746167 0.0625 0.019165247018739354
211 0.2945478723404255 0.5702725724020443 0.0625 0.034071550255536626
160 0.7406914893617021 0.2548977853492334 0.05851063829787234 0.01746166950596252
119 0.9281914893617021 0.10817717206132879 0.07446808510638298 0.034071550255536626
160 0.3204787234042553 0.5276831345826235 0.0851063829787234 0.04599659284497445
22 0.7107712765957447 0.09987223168654173 0.07047872340425532 0.032793867120954
7 0.706781914893617 0.6901618398637138 0.09973404255319149 0.03534923339011925
185 0.5977393617021277 0.2817291311754685 0.11037234042553191 0.03534923339011925
149 0.7440159574468085 0.8509369676320273 0.05452127659574468 0.015332197614991482
200 0.46875 0.6912265758091993 0.0678191489361702 0.026405451448040886
32 0.694813829787234 0.5191652470187393 0.09707446808510638 0.03747870528109029
58 0.4933510638297872 0.887350936967632 0.1356382978723404 0.02768313458262351
6 0.6868351063829787 0.3166524701873935 0.057180851063829786 0.025979557069846677
7 0.19747340425531915 0.8192078364565588 0.1023936170212766 0.038756388415672915
224 0.38231382978723405 0.27406303236797275 0.0598404255319149 0.02938671209540034
200 0.8756648936170213 0.3792589437819421 0.03856382978723404 0.014054514480408859
118 0.5611702127659575 0.21912265758091992 0.11436170212765957 0.032793867120954
149 0.31050531914893614 0.4024701873935264 0.12101063829787234 0.03236797274275979
118 0.7446808510638298 0.377129471890971 0.05585106382978723 0.019165247018739354
224 0.4115691489361702 0.4018313458262351 0.07579787234042554 0.026831345826235094
13 0.24335106382978725 0.15949744463373083 0.05585106382978723 0.030238500851788756
13 0.16888297872340424 0.686328790459966 0.07180851063829788 0.032793867120954
118 0.6775265957446809 0.7544718909710392 0.11835106382978723 0.0379045996592845
118 0.2845744680851064 0.370954003407155 0.047872340425531915 0.01788756388415673
32 0.3723404255319149 0.5715502555366269 0.10106382978723404 0.034071550255536626
22 0.6582446808510638 0.8526405451448041 0.05053191489361702 0.018739352640545145
7 0.31648936170212766 0.8839437819420783 0.09042553191489362 0.03705281090289608
7 0.6954787234042553 0.2555366269165247 0.07446808510638298 0.019591141396933562
7 0.7493351063829787 0.3153747870528109 0.06515957446808511 0.02001703577512777
200 0.2553191489361702 0.9420783645655877 0.09042553191489362 0.029812606473594547
22 0.851063829787234 0.10796422487223169 0.07180851063829788 0.03534923339011925
160 0.5718085106382979 0.8541311754684838 0.05319148936170213 0.022572402044293016
200 0.43949468085106386 0.15459965928449745 0.07845744680851063 0.022998296422487224
200 0.2154255319148936 0.37052810902896083 0.034574468085106384 0.015332197614991482
211 0.35771276595744683 0.852427597955707 0.031914893617021274 0.016609880749574105
58 0.7732712765957447 0.15949744463373083 0.13430851063829788 0.048977853492333905
99 0.745345744680851 0.8948040885860307 0.0625 0.0434412265758092
99 0.3690159574468085 0.4608177172061329 0.08111702127659574 0.04599659284497445
99 0.8550531914893617 0.2604344122657581 0.02925531914893617 0.022572402044293016
99 0.3929521276595745 0.8907580919931857 0.07579787234042554 0.034497444633730834
118 0.523936170212766 0.15374787052810904 0.09042553191489362 0.034071550255536626
185 0.1529255319148936 0.5692078364565588 0.09574468085106383 0.03364565587734242
119 0.5824468085106383 0.4020442930153322 0.08776595744680851 0.03492333901192504
118 0.4621010638297872 0.825809199318569 0.09707446808510638 0.03577512776831346
211 0.8570478723404256 0.40481260647359457 0.05452127659574468 0.02938671209540034
