7 0.39742574257425745 0.5526134800550206 0.03207920792079208 0.03576341127922971
58 0.30534653465346534 0.6996217331499313 0.04831683168316832 0.035419532324621736
211 0.41069306930693067 0.6925722145804677 0.024554455445544555 0.04264099037138927
119 0.6057425742574257 0.16110729023383769 0.030495049504950494 0.03954607977991747
22 0.35227722772277226 0.7367606602475929 0.03683168316831683 0.03885832187070151
32 0.6342574257425743 0.3686382393397524 0.0297029702970297 0.03645116918844567
211 0.2211881188118812 0.7420907840440165 0.015445544554455445 0.04332874828060523
200 0.5679207920792079 0.11433975240715268 0.03801980198019802 0.03198074277854195
76 0.3685148514851485 0.5572558459422283 0.033663366336633666 0.049174690508940855
106 0.47366336633663364 0.5503782668500687 0.04356435643564356 0.03404401650618982
44 0.5275247524752475 0.05983493810178817 0.05386138613861386 0.03851444291609354
149 0.2588118811881188 0.5199449793672627 0.04554455445544554 0.03645116918844567
22 0.5277227722772277 0.5909559834938102 0.02811881188118812 0.03885832187070151
211 0.4768316831683168 0.5966299862448419 0.017425742574257427 0.03645116918844567
44 0.41287128712871285 0.46509628610729026 0.05900990099009901 0.03473177441540578
110 0.599009900990099 0.11124484181568088 0.03920792079207921 0.0374828060522696
200 0.19881188118811882 0.6585281980742779 0.03801980198019802 0.04607977991746905
200 0.6647524752475248 0.6368638239339752 0.033663366336633666 0.039889958734525444
99 0.5077227722772277 0.5493466299862448 0.024554455445544555 0.0374828060522696
185 0.2904950495049505 0.517193947730399 0.030495049504950494 0.041953232462173314
211 0.47207920792079205 0.3304676753782668 0.029306930693069305 0.030949105914718018
224 0.5021782178217822 0.3339064649243466 0.030099009900990098 0.030261348005502064
22 0.4065346534653465 0.3345942228335626 0.03207920792079208 0.0343878954607978
200 0.22237623762376238 0.2075309491059147 0.03128712871287129 0.03885832187070151
22 0.2320792079207921 0.6103851444291609 0.03089108910891089 0.037138927097661624
118 0.5443564356435644 0.3713892709766162 0.033663366336633666 0.04607977991746905
211 0.6582178217821782 0.36949793672627235 0.018217821782178217 0.03679504814305364
58 0.3691089108910891 0.3357977991746905 0.04831683168316832 0.038170563961485555
13 0.1900990099009901 0.2080467675378267 0.032475247524752476 0.03370013755158184
7 0.6542574257425743 0.3347661623108666 0.042772277227722776 0.0202888583218707
7 0.28376237623762374 0.4719738651994498 0.0201980198019802 0.04160935350756534
185 0.38693069306930694 0.6473521320495186 0.03801980198019802 0.0374828060522696
200 0.19485148514851486 0.7414030261348006 0.03326732673267327 0.03576341127922971
58 0.5883168316831683 0.546767537826685 0.03920792079207921 0.03163686382393398
99 0.561980198019802 0.3296079779917469 0.044356435643564354 0.027854195323246216
200 0.341980198019802 0.6982462173314993 0.02811881188118812 0.03679504814305364
99 0.2869306930693069 0.607806052269601 0.02811881188118812 0.03954607977991747
6 0.499009900990099 0.592503438789546 0.02693069306930693 0.03576341127922971
6 0.5910891089108911 0.59267537826685 0.03207920792079208 0.03954607977991747
211 0.5314851485148515 0.4607977991746905 0.018217821782178217 0.03782668500687758
119 0.25782178217821783 0.46956671251719395 0.030099009900990098 0.0374828060522696
58 0.3801980198019802 0.3758596973865199 0.049900990099009904 0.03370013755158184
224 0.5637623762376237 0.6851788170563962 0.03128712871287129 0.03610729023383769
160 0.6497029702970297 0.5914718019257221 0.038415841584158415 0.039202200825309494
7 0.5742574257425742 0.3674346629986245 0.028514851485148516 0.0484869325997249
149 0.32574257425742575 0.5142709766162311 0.03920792079207921 0.038170563961485555
224 0.45623762376237625 0.4657840440165062 0.027722772277227723 0.0374828060522696
58 0.2607920792079208 0.7371045392022009 0.051089108910891086 0.03266850068775791
44 0.4291089108910891 0.7388239339752407 0.048712871287128715 0.038170563961485555
185 0.31445544554455446 0.3734525447042641 0.029306930693069305 0.037138927097661624
211 0.2726732673267327 0.7011691884456671 0.022574257425742573 0.0343878954607978
99 0.5146534653465347 0.6425378266850069 0.03128712871287129 0.03954607977991747
149 0.497029702970297 0.6813961485557084 0.04118811881188119 0.0374828060522696
211 0.35326732673267325 0.6506189821182944 0.03326732673267327 0.03782668500687758
200 0.19623762376237625 0.7027166437414031 0.03683168316831683 0.0374828060522696
6 0.42475247524752474 0.4231430536451169 0.040792079207920794 0.0374828060522696
7 0.20534653465346533 0.46801925722145804 0.030495049504950494 0.041953232462173314
149 0.5615841584158416 0.7338376891334251 0.047524752475247525 0.04332874828060523
13 0.5712871287128712 0.41970426409903716 0.06297029702970297 0.03954607977991747
110 0.4778217821782178 0.37121733149931224 0.02811881188118812 0.03473177441540578
211 0.4603960396039604 0.6858665749656121 0.018613861386138613 0.03679504814305364
200 0.19405940594059407 0.24776478679504815 0.030099009900990098 0.03885832187070151
13 0.24178217821782177 0.702200825309491 0.030495049504950494 0.0343878954607978
7 0.5524752475247525 0.5471114167812929 0.030099009900990098 0.03645116918844567
22 0.5596039603960397 0.5094566712517193 0.029306930693069305 0.040233837689133425
200 0.620990099009901 0.5866574965612105 0.03089108910891089 0.03370013755158184
224 0.44435643564356436 0.3371733149931224 0.04514851485148515 0.025103163686382393
6 0.6411881188118812 0.686726272352132 0.037227722772277226 0.035075653370013754
58 0.5299009900990099 0.1110729023383769 0.06099009900990099 0.03851444291609354
211 0.25485148514851486 0.20220082530949107 0.03287128712871287 0.03782668500687758
119 0.2300990099009901 0.4702544704264099 0.029306930693069305 0.03954607977991747
185 0.69009900990099 0.561898211829436 0.04237623762376238 0.04332874828060523
32 0.31306930693069307 0.47231774415405775 0.03683168316831683 0.04160935350756534
200 0.5085148514851485 0.4625171939477304 0.032475247524752476 0.039889958734525444
224 0.5932673267326732 0.6848349381017882 0.030099009900990098 0.03266850068775791
119 0.5574257425742575 0.5912998624484181 0.03762376237623762 0.03404401650618982
149 0.5568316831683169 0.4544360385144429 0.04118811881188119 0.038170563961485555
13 0.5726732673267326 0.6397867950481431 0.04118811881188119 0.03610729023383769
44 0.2104950495049505 0.5649931224209078 0.04475247524752475 0.03370013755158184
58 0.3693069306930693 0.5132393397524071 0.04950495049504951 0.03679504814305364
99 0.28376237623762374 0.6569807427785419 0.027326732673267327 0.04436038514442916
118 0.26415841584158417 0.42881705639614853 0.026138613861386138 0.041953232462173314
200 0.6231683168316832 0.547627235213205 0.03445544554455446 0.03954607977991747
224 0.6043564356435643 0.7331499312242091 0.03326732673267327 0.03576341127922971
118 0.5813861386138613 0.061038514442916095 0.04118811881188119 0.058803301237964234
44 0.30653465346534653 0.4236588720770289 0.05702970297029703 0.0343878954607978
211 0.2403960396039604 0.4264099037138927 0.021386138613861388 0.04607977991746905
13 0.46 0.5108321870701513 0.03603960396039604 0.035419532324621736
7 0.31584158415841584 0.655433287482806 0.03920792079207921 0.04332874828060523
13 0.2100990099009901 0.3827372764786795 0.05504950495049505 0.03370013755158184
211 0.3215841584158416 0.7410591471801926 0.018217821782178217 0.03782668500687758
7 0.5247524752475248 0.4178129298486933 0.03405940594059406 0.03851444291609354
7 0.38495049504950496 0.42434662998624484 0.0403960396039604 0.03851444291609354
211 0.6126732673267327 0.6836313617606602 0.020594059405940595 0.0405777166437414
7 0.38554455445544555 0.6910247592847317 0.028910891089108912 0.0374828060522696
149 0.28198019801980195 0.3763755158184319 0.04514851485148515 0.033356258596973866
211 0.2512871287128713 0.38325309491059145 0.02178217821782178 0.04092159559834938
160 0.5104950495049505 0.3717331499312242 0.029306930693069305 0.0405777166437414
224 0.3483168316831683 0.42262723521320494 0.028910891089108912 0.0405777166437414
200 0.2998019801980198 0.7383081155433288 0.02693069306930693 0.03370013755158184
13 0.4756435643564356 0.4614855570839065 0.034851485148514855 0.03370013755158184
106 0.5364356435643565 0.1580123796423659 0.04237623762376238 0.0436726272352132
7 0.3908910891089109 0.6048830811554333 0.03326732673267327 0.04401650618982118
22 0.5283168316831683 0.6832874828060522 0.026138613861386138 0.03576341127922971
99 0.3104950495049505 0.5606946354883081 0.021386138613861388 0.04092159559834938
200 0.575049504950495 0.16145116918844565 0.034851485148514855 0.03473177441540578
76 0.4281188118811881 0.36674690508940855 0.0403960396039604 0.056052269601100414
7 0.4607920792079208 0.4202200825309491 0.03920792079207921 0.039889958734525444
32 0.5297029702970297 0.5096286107290234 0.03445544554455446 0.03851444291609354
160 0.2611881188118812 0.6069463548830811 0.03603960396039604 0.041953232462173314
13 0.5322772277227723 0.3354539202200825 0.028514851485148516 0.02579092159559835
185 0.2003960396039604 0.6055708390646493 0.03801980198019802 0.0405777166437414
211 0.22435643564356436 0.24759284731774414 0.033663366336633666 0.03370013755158184
185 0.25366336633663367 0.24209078404401652 0.03207920792079208 0.037138927097661624
106 0.35247524752475246 0.6064305364511692 0.03801980198019802 0.040233837689133425
211 0.598019801980198 0.3681224209078404 0.015049504950495049 0.04573590096286107
99 0.42198019801980197 0.5998968363136176 0.018613861386138613 0.03885832187070151
99 0.6368316831683168 0.6394429160935351 0.027722772277227723 0.04092159559834938
211 0.45584158415841586 0.3734525447042641 0.017425742574257427 0.04401650618982118
224 0.6524752475247525 0.5524415405777167 0.03683168316831683 0.04160935350756534
7 0.27900990099009904 0.5593191196698762 0.03445544554455446 0.035419532324621736
149 0.42138613861386137 0.6442572214580468 0.03801980198019802 0.04092159559834938
22 0.33524752475247527 0.5558803301237965 0.03128712871287129 0.040233837689133425
200 0.4516831683168317 0.5976616231086658 0.03207920792079208 0.035075653370013754
22 0.3235643564356436 0.3349381017881706 0.04910891089108911 0.03370013755158184
224 0.24831683168316832 0.5643053645116919 0.03089108910891089 0.03576341127922971
99 0.4700990099009901 0.7355570839064649 0.03089108910891089 0.03782668500687758
118 0.42514851485148514 0.5118638239339752 0.038415841584158415 0.038170563961485555
211 0.36277227722772276 0.6934319119669876 0.016633663366336635 0.03679504814305364
22 0.49425742574257425 0.5087689133425034 0.032475247524752476 0.0374828060522696
7 0.34396039603960393 0.4668156808803301 0.03603960396039604 0.042297111416781295
211 0.3708910891089109 0.4675034387895461 0.018613861386138613 0.04298486932599725
22 0.5906930693069307 0.5098005502063274 0.02811881188118812 0.03954607977991747
211 0.5287128712871287 0.5495185694635488 0.013465346534653465 0.03163686382393398
211 0.4023762376237624 0.5127235213204951 0.015841584158415842 0.03576341127922971
200 0.5435643564356436 0.6459766162310867 0.030495049504950494 0.03885832187070151
118 0.4297029702970297 0.5508940852819807 0.04118811881188119 0.03851444291609354
118 0.49445544554455445 0.41918844566712515 0.04 0.03782668500687758
200 0.3182178217821782 0.6062585969738652 0.035247524752475244 0.0405777166437414
76 0.38356435643564357 0.7383081155433288 0.03762376237623762 0.04332874828060523
13 0.43247524752475247 0.68792984869326 0.03801980198019802 0.03473177441540578
58 0.5099009900990099 0.7290233837689133 0.05188118811881188 0.041953232462173314
7 0.341980198019802 0.375 0.03445544554455446 0.0436726272352132
58 0.21247524752475247 0.5244154057771664 0.04712871287128713 0.039889958734525444
22 0.6061386138613861 0.6378954607977991 0.033663366336633666 0.039202200825309494
44 0.6097029702970297 0.3296079779917469 0.041584158415841586 0.0374828060522696
7 0.21069306930693069 0.4252063273727648 0.03564356435643564 0.0436726272352132
160 0.2186138613861386 0.703060522696011 0.027722772277227723 0.03266850068775791
76 0.2322772277227723 0.656292984869326 0.041584158415841586 0.049174690508940855
