200 0.4345172031076582 0.17077122488658458 0.11653718091009989 0.03629293583927414
211 0.4572697003329634 0.5463383020090732 0.0732519422863485 0.037589112119248216
211 0.6109877913429522 0.08003888528839923 0.07436182019977802 0.0356448476992871
6 0.6243063263041065 0.12686325340246274 0.10543840177580466 0.03272845106934543
32 0.4506104328523862 0.26490602721970186 0.0932297447280799 0.02624756966947505
224 0.5788013318534961 0.21808165910563837 0.12097669256381798 0.03694102397926118
7 0.41509433962264153 0.07858068697342839 0.09988901220865705 0.030136098509397278
149 0.6692563817980022 0.5520090732339599 0.13762486126526083 0.03596889176928062
110 0.3052164261931188 0.6359364873622813 0.11542730299667037 0.03596889176928062
224 0.7402885682574917 0.6409591704471809 0.10654827968923418 0.034348671419313026
7 0.3607103218645949 0.26652624756966947 0.07547169811320754 0.02171095268956578
7 0.38401775804661487 0.5904082955281919 0.13984461709211987 0.03499675955930007
7 0.46337402885682577 0.3577446532728451 0.11653718091009989 0.03305249513933895
13 0.6526082130965594 0.1754698639014906 0.11542730299667037 0.034024627349319506
200 0.15205327413984462 0.5853856124432922 0.07547169811320754 0.03272845106934543
99 0.47058823529411764 0.4969215813350616 0.08213096559378469 0.031432274789371356
200 0.7142064372918979 0.13026571613739468 0.09877913429522753 0.033700583279325985
6 0.35405105438401774 0.35434219053791316 0.09544950055493896 0.03272845106934543
7 0.6986681465038845 0.21467919637070643 0.12985571587125416 0.03272845106934543
7 0.6293007769145395 0.6411211924821776 0.11542730299667037 0.034672715489306546
8 0.5876803551609323 0.26474400518470514 0.08990011098779134 0.023979261179520414
22 0.4295227524972253 0.642903434867142 0.1309655937846837 0.03305249513933895
99 0.32297447280799113 0.0797148412184057 0.07769145394006659 0.0304601425793908
224 0.5632630410654828 0.40813350615683736 0.10099889012208657 0.034024627349319506
224 0.427857935627081 0.03321451717433571 0.12541620421753608 0.031432274789371356
7 0.20199778024417314 0.39209332469215813 0.13984461709211987 0.03694102397926118
211 0.5194228634850167 0.2639338950097213 0.06659267480577137 0.026895657809462088
7 0.4716981132075472 0.21808165910563837 0.11542730299667037 0.03499675955930007
22 0.36293007769145397 0.028191834089436162 0.03551609322974473 0.020738820479585224
7 0.37846836847946724 0.5429358392741412 0.12430632630410655 0.037265068049254696
118 0.5088790233074362 0.5915424497731692 0.11431742508324085 0.034024627349319506
22 0.5471698113207547 0.4975696694750486 0.10654827968923418 0.030784186649384315
44 0.46781354051054386 0.45123136746597536 0.1453940066592675 0.031432274789371356
149 0.38235294117647056 0.313350615683733 0.1076581576026637 0.0356448476992871
22 0.1670366259711432 0.4552819183408944 0.06326304106548279 0.026571613739468567
7 0.34739178690344064 0.44944912508101104 0.097669256381798 0.03499675955930007
119 0.24750277469478357 0.44944912508101104 0.10210876803551609 0.031756318859364877
13 0.14428412874583796 0.49611147116007775 0.10876803551609324 0.03694102397926118
224 0.6809100998890122 0.45722618276085547 0.11431742508324085 0.03305249513933895
149 0.31853496115427304 0.12589112119248216 0.11542730299667037 0.03596889176928062
44 0.6786903440621531 0.2639338950097213 0.10099889012208657 0.024951393389500972
106 0.6664816870144284 0.5019442644199611 0.13873473917869034 0.034348671419313026
22 0.4589345172031077 0.4097537265068049 0.10543840177580466 0.034672715489306546
58 0.3423973362930078 0.40294880103694103 0.12763596004439512 0.037265068049254696
76 0.24528301886792453 0.5419637070641607 0.13540510543840178 0.056059624108878804
149 0.8102108768035516 0.5037265068049255 0.146503884572697 0.03337653920933247
7 0.244173140954495 0.49416720674011666 0.11320754716981132 0.03629293583927414
22 0.7475027746947835 0.5967271548930655 0.1120976692563818 0.034672715489306546
119 0.36570477247502775 0.21840570317563188 0.10099889012208657 0.03629293583927414
224 0.521087680355161 0.07874270900842514 0.09655937846836848 0.028515878159429683
99 0.5338512763596004 0.642903434867142 0.07547169811320754 0.03305249513933895
160 0.5316315205327414 0.1262151652624757 0.09988901220865705 0.034024627349319506
99 0.5477247502774695 0.5460142579390798 0.08102108768035517 0.03629293583927414
185 0.6337402885682575 0.5962410887880751 0.14428412874583796 0.033700583279325985
7 0.13540510543840178 0.542449773169151 0.10210876803551609 0.03629293583927414
160 0.537180910099889 0.1762799740764744 0.11542730299667037 0.033700583279325985
119 0.43174250832408434 0.12589112119248216 0.10876803551609324 0.034024627349319506
13 0.36792452830188677 0.495949449125081 0.14761376248612654 0.03337653920933247
44 0.16648168701442842 0.6286454957874271 0.08657047724750278 0.033700583279325985
58 0.49056603773584906 0.31578094620868435 0.11764705882352941 0.04180168502916397
211 0.35294117647058826 0.17320155541153598 0.05549389567147614 0.03337653920933247
106 0.6753607103218646 0.41072585871678546 0.12763596004439512 0.03532080362929359
22 0.28357380688124306 0.17141931302657162 0.08324084350721421 0.03499675955930007
224 0.7924528301886793 0.5550874918988983 0.13762486126526083 0.03499675955930007
224 0.25360710321864594 0.5866817887232664 0.12097669256381798 0.028839922229423203
