119 0.7142170989433237 0.30338304838122954 0.0345821325648415 0.02691887959257912
6 0.46349663784822287 0.6094943615860313 0.03170028818443804 0.028010185522008003
119 0.6609029779058597 0.6855220080029102 0.03266090297790586 0.026555110949436158
160 0.1798751200768492 0.2553655874863587 0.040826128722382324 0.029101491451436885
7 0.37776176753122 0.766096762459076 0.029298751200768493 0.02691887959257912
22 0.2814601344860711 0.32866496907966536 0.027857829010566763 0.025827573663150236
211 0.3984149855907781 0.7682793743179338 0.01585014409221902 0.029829028737722807
211 0.5626801152737753 0.8417606402328119 0.0196926032660903 0.0261913423062932
22 0.649135446685879 0.6531465987631866 0.029298751200768493 0.028010185522008003
44 0.23631123919308358 0.3250272826482357 0.056676272814601344 0.025100036376864313
200 0.4051392891450528 0.3310294652600946 0.023535062439961577 0.024736267733721354
7 0.47790585975024014 0.8415787559112404 0.03073967339097022 0.028010185522008003
149 0.3275696445725264 0.4979992724627137 0.040345821325648415 0.025463805020007276
185 0.1212776176753122 0.3146598763186613 0.05235350624399616 0.029101491451436885
118 0.5485110470701249 0.406511458712259 0.04418828049951969 0.03019279738086577
160 0.3950528338136407 0.5758457620953074 0.03506243996157541 0.02691887959257912
224 0.15970220941402496 0.4545289196071299 0.027377521613832854 0.03383048381229538
22 0.5076849183477425 0.40341942524554386 0.03073967339097022 0.029829028737722807
13 0.3878482228626321 0.6118588577664605 0.04178674351585014 0.02691887959257912
149 0.5235350624399616 0.7313568570389233 0.04130643611911623 0.03528555838486722
99 0.1834774255523535 0.4214259730811204 0.03170028818443804 0.022189887231720627
211 0.36671469740634005 0.29829028737722807 0.023535062439961577 0.027646416878865043
200 0.3962536023054755 0.888323026555111 0.04418828049951969 0.028373954165150966
44 0.5468299711815562 0.3339396144052383 0.04562920268972142 0.022553655874863587
7 0.43203650336215177 0.3990542015278283 0.046589817483189244 0.0261913423062932
22 0.5396253602305475 0.3679519825391051 0.023535062439961577 0.03310294652600946
119 0.5355427473583093 0.4379774463441251 0.02881844380403458 0.02691887959257912
7 0.7473583093179635 0.30429246998908693 0.03362151777137368 0.02364496180429247
185 0.47406340057636887 0.5747544561658785 0.04226705091258405 0.029829028737722807
200 0.7134966378482228 0.22881047653692252 0.027377521613832854 0.029829028737722807
149 0.7538424591738713 0.22953801382320843 0.0494716618635927 0.03346671516915242
119 0.43756003842459174 0.8861404146962532 0.040345821325648415 0.03492178974172426
106 0.1844380403458213 0.28737722808293925 0.049951969260326606 0.029829028737722807
22 0.5367435158501441 0.8412149872680975 0.03025936599423631 0.028737722808293925
119 0.43539865513928916 0.3308475809385231 0.03314121037463977 0.02437249909057839
106 0.3621517771373679 0.3301200436522372 0.05763688760806916 0.028737722808293925
13 0.21974063400576369 0.22262640960349217 0.026416906820365033 0.03419425245543834
211 0.4118635926993276 0.6942524554383412 0.018731988472622477 0.02437249909057839
58 0.4978386167146974 0.33466715169152417 0.053314121037463975 0.022553655874863587
185 0.22046109510086456 0.4952710076391415 0.03842459173871278 0.03601309567115315
76 0.8009125840537944 0.44143324845398324 0.04178674351585014 0.05565660240087304
13 0.5605187319884726 0.30138232084394323 0.043227665706051875 0.025100036376864313
176 0.5069644572526417 0.6509639869043289 0.039865513928914506 0.032375409239723534
58 0.4610951008645533 0.4681702437249909 0.04514889529298751 0.029829028737722807
200 0.48366954851104704 0.26555110949436156 0.021133525456292025 0.024736267733721354
118 0.6803554274735831 0.3373954165150964 0.040826128722382324 0.028010185522008003
224 0.8146013448607109 0.37813750454710804 0.02881844380403458 0.029465260094579847
110 0.10206532180595582 0.48890505638413967 0.020653218059558116 0.03346671516915242
6 0.5924591738712777 0.6887959257911968 0.027377521613832854 0.02437249909057839
185 0.6356868395773295 0.2691887959257912 0.04562920268972142 0.028373954165150966
58 0.3109990393852065 0.2970170971262277 0.05139289145052834 0.02437249909057839
211 0.4606147934678194 0.26209530738450343 0.01921229586935639 0.031647871953437615
7 0.4281940441882805 0.29919970898508547 0.039865513928914506 0.026555110949436158
7 0.6243996157540826 0.6889778101127683 0.0393852065321806 0.03346671516915242
211 0.6159942363112392 0.30138232084394323 0.020653218059558116 0.022917424518006546
110 0.4334774255523535 0.26318661331393234 0.03506243996157541 0.02728264823572208
200 0.5609990393852066 0.7693706802473627 0.03170028818443804 0.03055656602400873
149 0.4250720461095101 0.6105856675154602 0.043227665706051875 0.028010185522008003
118 0.4116234390009606 0.3655874863586759 0.04418828049951969 0.029101491451436885
32 0.6143131604226705 0.6533284830847581 0.037463976945244955 0.03055656602400873
8 0.2355907780979827 0.38668606766096764 0.027377521613832854 0.03419425245543834
76 0.553314121037464 0.6909785376500546 0.0393852065321806 0.04983630411058567
22 0.404418828049952 0.43106584212440885 0.024975984630163303 0.025463805020007276
118 0.473583093179635 0.8046562386322299 0.04514889529298751 0.028373954165150966
211 0.686359269932757 0.3046562386322299 0.01729106628242075 0.02437249909057839
58 0.4663784822286263 0.40141869770825755 0.049951969260326606 0.028737722808293925
76 0.2281460134486071 0.4598035649327028 0.0345821325648415 0.029101491451436885
118 0.8813640730067243 0.31429610767551835 0.027857829010566763 0.025463805020007276
200 0.7250240153698367 0.44488905056384137 0.022574447646493755 0.025463805020007276
7 0.5804514889529299 0.22953801382320843 0.03314121037463977 0.03128410331029465
224 0.5658021133525456 0.7315387413604947 0.02881844380403458 0.03492178974172426
118 0.43059558117195007 0.6496907966533285 0.04562920268972142 0.0261913423062932
58 0.6071085494716618 0.6125863950527465 0.05187319884726225 0.029101491451436885
224 0.6071085494716618 0.476536922517279 0.023054755043227664 0.0261913423062932
200 0.388328530259366 0.654056020371044 0.028338136407300672 0.027646416878865043
200 0.22046109510086456 0.2906511458712259 0.02881844380403458 0.0261913423062932
13 0.6111911623439001 0.5441978901418698 0.039865513928914506 0.022553655874863587
22 0.5465898174831892 0.6526009457984722 0.0345821325648415 0.029101491451436885
22 0.8042747358309318 0.34066933430338303 0.03121998078770413 0.031647871953437615
211 0.5127281460134486 0.43688614041469626 0.011047070124879923 0.03419425245543834
185 0.13760806916426513 0.2109858130229174 0.043707973102785784 0.03710440160058203
32 0.4783861671469741 0.7306293197526373 0.037463976945244955 0.029465260094579847
200 0.5768491834774255 0.4830847580938523 0.03170028818443804 0.039287013459439794
32 0.8227665706051873 0.2766460531102219 0.03170028818443804 0.02728264823572208
22 0.4762247838616715 0.4979992724627137 0.027377521613832854 0.02691887959257912
211 0.5725264169068204 0.6131320480174609 0.01921229586935639 0.029465260094579847
106 0.5329010566762729 0.5411058566751547 0.043707973102785784 0.03528555838486722
6 0.3962536023054755 0.397417242633685 0.03362151777137368 0.026555110949436158
13 0.30235350624399615 0.46289559839941796 0.040826128722382324 0.029465260094579847
160 0.1378482228626321 0.49308839578028374 0.0393852065321806 0.03601309567115315
6 0.45821325648414984 0.43397599126955255 0.025936599423631124 0.027646416878865043
6 0.2905859750240154 0.4970898508548563 0.03073967339097022 0.028737722808293925
22 0.7298270893371758 0.4048744998181157 0.028338136407300672 0.03201164059658058
118 0.44188280499519694 0.5001818843215715 0.040345821325648415 0.0261913423062932
13 0.4538904899135447 0.2260822117133503 0.04707012487992315 0.031647871953437615
224 0.5206532180595581 0.6144052382684613 0.025936599423631124 0.03055656602400873
106 0.7622478386167147 0.40705711167697345 0.037463976945244955 0.027646416878865043
185 0.6529779058597502 0.5778464896325937 0.04851104707012488 0.032375409239723534
13 0.27737752161383283 0.22262640960349217 0.04755043227665706 0.03201164059658058
224 0.5806916426512968 0.6535103674063296 0.03073967339097022 0.03019279738086577
13 0.27209414024975986 0.35685703892324483 0.046589817483189244 0.032739177882866496
22 0.4543707973102786 0.5380138232084394 0.026897214217098942 0.024736267733721354
211 0.7584053794428435 0.3684976355038196 0.023054755043227664 0.029101491451436885
200 0.5754082612872238 0.8055656602400874 0.025936599423631124 0.02728264823572208
13 0.24975984630163303 0.29301564205165515 0.0393852065321806 0.02364496180429247
200 0.5871757925072046 0.40596580574754454 0.028338136407300672 0.0261913423062932
200 0.5204130643611912 0.6927973808657694 0.028338136407300672 0.02728264823572208
13 0.6404899135446686 0.4767188068388505 0.0446685878962536 0.025827573663150236
99 0.548030739673391 0.22953801382320843 0.027857829010566763 0.03346671516915242
185 0.734390009606148 0.47599126955256454 0.03554274735830932 0.022189887231720627
58 0.2797790585975024 0.25936704256093124 0.05523535062439962 0.0261913423062932
200 0.55283381364073 0.2690069116042197 0.027857829010566763 0.02437249909057839
200 0.861671469740634 0.2782830120043652 0.03266090297790586 0.029829028737722807
22 0.3326128722382325 0.46489632593670427 0.028338136407300672 0.03055656602400873
118 0.6532180595581172 0.37449981811567845 0.04130643611911623 0.028737722808293925
211 0.7058117195004803 0.40796653328483085 0.01681075888568684 0.030920334667151692
7 0.68611911623439 0.4063295743906875 0.034101825168107586 0.0261913423062932
185 0.45196926032660906 0.36667879228810474 0.03170028818443804 0.03055656602400873
118 0.8052353506243997 0.2337213532193525 0.053314121037463975 0.03674063295743907
211 0.1957252641690682 0.3177519097853765 0.018731988472622477 0.028010185522008003
6 0.21902017291066284 0.2568206620589305 0.03170028818443804 0.027646416878865043
58 0.8439000960614793 0.3457620953073845 0.052833813640730067 0.032375409239723534
99 0.5064841498559077 0.8423062931975264 0.029298751200768493 0.028737722808293925
149 0.16234390009606148 0.31720625682066206 0.043227665706051875 0.02691887959257912
7 0.5329010566762729 0.5038195707530011 0.039865513928914506 0.027646416878865043
7 0.49111431316042264 0.4361586031284103 0.034101825168107586 0.029101491451436885
118 0.31724303554274735 0.32993815933066567 0.040826128722382324 0.028373954165150966
200 0.3410182516810759 0.4314296107675518 0.024975984630163303 0.028373954165150966
211 0.14865513928914506 0.2833757730083667 0.01681075888568684 0.032739177882866496
7 0.436359269932757 0.8095671153146599 0.034101825168107586 0.028010185522008003
6 0.4990393852065322 0.7697344488905057 0.03266090297790586 0.0261913423062932
22 0.12103746397694524 0.2813750454710804 0.0345821325648415 0.03601309567115315
149 0.5038424591738713 0.22826482357220806 0.049951969260326606 0.03383048381229538
22 0.27953890489913547 0.29574390687522734 0.023054755043227664 0.024736267733721354
200 0.5468299711815562 0.8837759185158239 0.025456292026897216 0.028737722808293925
149 0.6128722382324687 0.5773008366678792 0.04514889529298751 0.027646416878865043
22 0.39481268011527376 0.22590032739177882 0.03266090297790586 0.03419425245543834
22 0.6342459173871278 0.5372862859221536 0.042747358309317966 0.03492178974172426
99 0.818924111431316 0.3093852309930884 0.024015369836695485 0.026555110949436158
211 0.6685878962536023 0.27046198617679157 0.020172910662824207 0.025827573663150236
200 0.6952449567723343 0.2711895234630775 0.022574447646493755 0.02437249909057839
7 0.37367915465898177 0.36576937068024734 0.0345821325648415 0.02728264823572208
99 0.8796829971181557 0.37904692615496544 0.028338136407300672 0.029101491451436885
224 0.43179634966378483 0.4328846853401237 0.024015369836695485 0.02691887959257912
22 0.31628242074927954 0.2206256820662059 0.029298751200768493 0.031647871953437615
22 0.40057636887608067 0.5014550745725719 0.04226705091258405 0.03383048381229538
13 0.452209414024976 0.8430338304838123 0.03602305475504323 0.02728264823572208
7 0.19020172910662825 0.4956347762822845 0.03554274735830932 0.03965078210258276
13 0.31243996157540826 0.42742815569297926 0.042747358309317966 0.02691887959257912
22 0.20725264169068203 0.38468534012368133 0.027377521613832854 0.028737722808293925
13 0.6107108549471661 0.22844670789377955 0.043707973102785784 0.03201164059658058
160 0.6959654178674352 0.4776282284467079 0.03170028818443804 0.025463805020007276
99 0.5982228626320846 0.5098217533648599 0.027377521613832854 0.025827573663150236
32 0.3969740634005764 0.2973808657693707 0.03602305475504323 0.031647871953437615
106 0.3547070124879923 0.2251727901054929 0.04755043227665706 0.032739177882866496
7 0.5643611911623438 0.4379774463441251 0.027857829010566763 0.02691887959257912
160 0.361431316042267 0.46380502000727536 0.03890489913544669 0.029829028737722807
22 0.5295389048991355 0.7684612586395053 0.03025936599423631 0.028737722808293925
22 0.7829010566762729 0.3723172062568207 0.01921229586935639 0.019279738086576938
118 0.5718059558117194 0.8863222990178247 0.028338136407300672 0.028737722808293925
22 0.5 0.47053473990542016 0.024015369836695485 0.028010185522008003
7 0.6287223823246878 0.5060021826118588 0.03362151777137368 0.02691887959257912
118 0.2451969260326609 0.42360858493997816 0.043707973102785784 0.026555110949436158
160 0.6419308357348703 0.3372135321935249 0.034101825168107586 0.029829028737722807
8 0.6781940441882806 0.228992360858494 0.03073967339097022 0.034558021098581304
106 0.4810278578290106 0.6900691160421971 0.05811719500480307 0.03055656602400873
211 0.4058597502401537 0.26409603492178974 0.01921229586935639 0.02691887959257912
22 0.654178674351585 0.6154965441978901 0.04610951008645533 0.03128410331029465
200 0.8489433237271854 0.31011276827937434 0.027377521613832854 0.025827573663150236
200 0.5244956772334294 0.5778464896325937 0.024975984630163303 0.02364496180429247
200 0.3467819404418828 0.29665332848308473 0.01825168107588857 0.028010185522008003
106 0.6671469740634006 0.508730447435431 0.05187319884726225 0.025100036376864313
200 0.38496637848222864 0.6958894143324845 0.028338136407300672 0.027646416878865043
76 0.7821805955811719 0.30538377591851584 0.03890489913544669 0.0476536922517279
22 0.30739673390970224 0.3608584939978174 0.027857829010566763 0.03128410331029465
211 0.244716618635927 0.25645689341578753 0.01777137367915466 0.024736267733721354
44 0.39721421709894333 0.7331757002546381 0.049951969260326606 0.02437249909057839
200 0.425552353506244 0.46671516915241906 0.024015369836695485 0.029101491451436885
22 0.5696445725264169 0.5409239723535831 0.026897214217098942 0.02691887959257912
22 0.8856868395773295 0.3475809385230993 0.02881844380403458 0.032375409239723534
200 0.20989433237271854 0.42360858493997816 0.021133525456292025 0.028010185522008003
224 0.7214217098943324 0.27228082939250636 0.025936599423631124 0.02728264823572208
211 0.621998078770413 0.37395416515096397 0.012487992315081652 0.0261913423062932
76 0.3599903938520653 0.4008730447435431 0.03602305475504323 0.041469625318297565
32 0.4277137367915466 0.7682793743179338 0.039865513928914506 0.029829028737722807
44 0.1186359269932757 0.44725354674427065 0.04226705091258405 0.03601309567115315
119 0.5028818443804035 0.5029101491451436 0.03170028818443804 0.025100036376864313
200 0.6039865513928915 0.2711895234630775 0.024495677233429394 0.022917424518006546
32 0.12968299711815562 0.2466351400509276 0.03650336215177714 0.027646416878865043
22 0.4654178674351585 0.3297562750090942 0.024015369836695485 0.02437249909057839
168 0.37247838616714696 0.43161149508912333 0.037944284341978864 0.04183339396144052
58 0.5650816522574448 0.5773008366678792 0.05427473583093179 0.0261913423062932
7 0.5295389048991355 0.30156420516551474 0.03506243996157541 0.024736267733721354
99 0.6926032660902978 0.4447071662422699 0.025936599423631124 0.03310294652600946
200 0.8460614793467819 0.38050200072753726 0.028338136407300672 0.0261913423062932
99 0.5912584053794429 0.30338304838122954 0.024015369836695485 0.024736267733721354
22 0.2797790585975024 0.4272462713714078 0.027377521613832854 0.028010185522008003
76 0.5682036503362152 0.5060021826118588 0.03073967339097022 0.025463805020007276
7 0.5100864553314121 0.3674063295743907 0.03554274735830932 0.029101491451436885
13 0.5401056676272814 0.8050200072753728 0.043707973102785784 0.027646416878865043
118 0.7622478386167147 0.44361586031284106 0.043227665706051875 0.029465260094579847
7 0.7240634005763689 0.3373954165150964 0.043707973102785784 0.028010185522008003
58 0.41354466858789624 0.537104401600582 0.05859750240153699 0.025827573663150236
7 0.37319884726224783 0.26136777009821754 0.04130643611911623 0.025827573663150236
13 0.75 0.2711895234630775 0.03602305475504323 0.026555110949436158
176 0.3952929875120077 0.46616951618770464 0.03650336215177714 0.029465260094579847
7 0.44356388088376564 0.6917060749363405 0.043707973102785784 0.028737722808293925
200 0.6464937560038425 0.22881047653692252 0.024975984630163303 0.029829028737722807
211 0.1642651296829971 0.4934521644234267 0.024015369836695485 0.0411058566751546
32 0.6986071085494716 0.3699527100763914 0.03890489913544669 0.028373954165150966
211 0.420268972142171 0.22571844307020736 0.01729106628242075 0.034558021098581304
224 0.5470701248799231 0.6134958166606038 0.029779058597502402 0.030920334667151692
118 0.5965417867435159 0.33430338304838125 0.05187319884726225 0.02691887959257912
7 0.27041306436119117 0.4618042924699891 0.03554274735830932 0.028010185522008003
106 0.4884726224783862 0.29883594034194255 0.04899135446685879 0.03019279738086577
58 0.3398174831892411 0.3623135685703892 0.03506243996157541 0.032739177882866496
99 0.4807877041306436 0.36686067660967625 0.024015369836695485 0.029465260094579847
224 0.4430835734870317 0.7268097489996362 0.029298751200768493 0.03055656602400873
119 0.5701248799231509 0.36958894143324844 0.03554274735830932 0.029829028737722807
22 0.4661383285302594 0.7680974899963623 0.03025936599423631 0.02437249909057839
7 0.510566762728146 0.8055656602400874 0.03073967339097022 0.028737722808293925
211 0.5802113352545629 0.27082575481993454 0.01921229586935639 0.025827573663150236
119 0.2989913544668588 0.3926882502728265 0.034101825168107586 0.032375409239723534
32 0.6517771373679154 0.4076027646416879 0.03073967339097022 0.028737722808293925
58 0.6013448607108549 0.4421607857402692 0.04130643611911623 0.03019279738086577
200 0.6709894332372719 0.47708257548199345 0.024015369836695485 0.025100036376864313
22 0.47094140249759847 0.6500545652964714 0.028338136407300672 0.029101491451436885
22 0.6023054755043228 0.37249909057839214 0.024975984630163303 0.03055656602400873
7 0.2665706051873199 0.38995998544925425 0.027857829010566763 0.029101491451436885
106 0.6524975984630164 0.4430702073481266 0.05043227665706052 0.0261913423062932
7 0.4274735830931796 0.8424881775190979 0.03842459173871278 0.0261913423062932
7 0.7300672430355427 0.3721353219352492 0.03362151777137368 0.028373954165150966
58 0.5086455331412104 0.8841396871589668 0.05091258405379443 0.03310294652600946
200 0.7058117195004803 0.5105492906511458 0.022574447646493755 0.02437249909057839
13 0.7756964457252642 0.33975991269552563 0.027857829010566763 0.02691887959257912
76 0.6505763688760807 0.30447435431065845 0.03602305475504323 0.04583484903601309
200 0.32636887608069165 0.26045834849036015 0.028338136407300672 0.0261913423062932
22 0.2617675312199808 0.49690796653328484 0.026897214217098942 0.027646416878865043
149 0.1829971181556196 0.21626045834849036 0.04418828049951969 0.03601309567115315
200 0.24447646493756003 0.22226264096034923 0.01729106628242075 0.025463805020007276
176 0.5177713736791547 0.2682793743179338 0.0393852065321806 0.025827573663150236
22 0.49279538904899134 0.611676973444889 0.03170028818443804 0.032375409239723534
22 0.7829010566762729 0.27082575481993454 0.029779058597502402 0.025827573663150236
224 0.6186359269932757 0.4072389959985449 0.025936599423631124 0.028737722808293925
118 0.4365994236311239 0.5720261913423063 0.04610951008645533 0.028010185522008003
22 0.19020172910662825 0.45725718443070207 0.03170028818443804 0.028373954165150966
118 0.5353025936599424 0.4728992360858494 0.05139289145052834 0.029101491451436885
160 0.7507204610951008 0.3373954165150964 0.03650336215177714 0.031647871953437615
211 0.4536503362151777 0.299381593306657 0.01777137367915466 0.02691887959257912
22 0.4702209414024976 0.8852309930883958 0.024975984630163303 0.03819570753001091
