160 0.8295586527293844 0.38166243654822335 0.03193960511033682 0.041243654822335024
200 0.633855981416957 0.4581218274111675 0.038908246225319396 0.04187817258883249
58 0.7232868757259001 0.26649746192893403 0.04355400696864112 0.044416243654822336
224 0.6965737514518002 0.16846446700507614 0.033101045296167246 0.053934010152284266
7 0.10452961672473868 0.27982233502538073 0.030197444831591175 0.04060913705583756
7 0.3943089430894309 0.28553299492385786 0.029036004645760744 0.05203045685279188
160 0.5580720092915215 0.404505076142132 0.04645760743321719 0.05266497461928934
58 0.1521486643437863 0.38673857868020306 0.03948896631823461 0.04885786802030457
211 0.7293844367015099 0.32550761421319796 0.020905923344947737 0.04568527918781726
7 0.11701509872241579 0.3905456852791878 0.03077816492450639 0.04631979695431472
7 0.5011614401858304 0.4635152284263959 0.032520325203252036 0.041243654822335024
99 0.22473867595818817 0.25158629441624364 0.036004645760743324 0.0450507614213198
22 0.17276422764227642 0.20653553299492386 0.04006968641114982 0.04758883248730964
119 0.11062717770034843 0.3343908629441624 0.03426248548199768 0.04314720812182741
110 0.08391405342624855 0.2852157360406091 0.029616724738675958 0.053934010152284266
32 0.7735191637630662 0.39371827411167515 0.04065040650406504 0.04631979695431472
22 0.7145760743321719 0.5076142131979695 0.052845528455284556 0.04568527918781726
6 0.45818815331010454 0.34390862944162437 0.036004645760743324 0.048223350253807105
200 0.4544134727061556 0.28616751269035534 0.04006968641114982 0.06091370558375635
211 0.7590011614401858 0.4438451776649746 0.022067363530778164 0.041243654822335024
99 0.7183507549361208 0.3956218274111675 0.026713124274099883 0.057741116751269035
22 0.4259581881533101 0.3512055837563452 0.033101045296167246 0.05139593908629442
185 0.37543554006968644 0.41529187817258884 0.047038327526132406 0.041243654822335024
200 0.1518583042973287 0.14942893401015228 0.023809523809523808 0.05012690355329949
185 0.18205574912891986 0.5580583756345178 0.036585365853658534 0.038705583756345176
160 0.693089430894309 0.39784263959390864 0.03426248548199768 0.06472081218274112
149 0.140534262485482 0.5720177664974619 0.03948896631823461 0.05901015228426396
13 0.3051684088269454 0.47652284263959394 0.0272938443670151 0.03934010152284264
7 0.08507549361207897 0.22144670050761422 0.04936120789779326 0.046954314720812185
22 0.8507549361207898 0.48699238578680204 0.029036004645760744 0.04885786802030457
6 0.4247967479674797 0.2836294416243655 0.0272938443670151 0.048223350253807105
106 0.21689895470383275 0.3175761421319797 0.038908246225319396 0.05012690355329949
200 0.6570847851335656 0.399746192893401 0.03426248548199768 0.05203045685279188
7 0.40156794425087106 0.2338197969543147 0.03193960511033682 0.04251269035532995
99 0.48519163763066203 0.3340736040609137 0.036585365853658534 0.04631979695431472
168 0.5418118466898955 0.32265228426395937 0.03368176538908246 0.04885786802030457
7 0.06387921022067364 0.16560913705583757 0.032520325203252036 0.04949238578680203
118 0.38124274099883854 0.3546954314720812 0.04819976771196283 0.050761421319796954
99 0.22822299651567945 0.3759517766497462 0.032520325203252036 0.04758883248730964
22 0.7041231126596981 0.44828680203045684 0.02032520325203252 0.037436548223350255
119 0.13530778164924506 0.33153553299492383 0.025551684088269456 0.05901015228426396
160 0.1794425087108014 0.14720812182741116 0.03832752613240418 0.04949238578680203
22 0.16347270615563297 0.08153553299492386 0.02613240418118467 0.053934010152284266
44 0.3356562137049942 0.47588832487309646 0.036004645760743324 0.04060913705583756
13 0.6495354239256679 0.5171319796954315 0.05168408826945412 0.046954314720812185
58 0.662020905923345 0.33375634517766495 0.04065040650406504 0.04060913705583756
22 0.1721835075493612 0.32265228426395937 0.047038327526132406 0.04885786802030457
211 0.35452961672473865 0.4168781725888325 0.02148664343786295 0.03934010152284264
22 0.2229965156794425 0.5485406091370558 0.03716608594657375 0.03489847715736041
110 0.08914053426248549 0.15736040609137056 0.02613240418118467 0.03934010152284264
200 0.8278164924506388 0.26871827411167515 0.03774680603948897 0.053934010152284266
22 0.7590011614401858 0.26903553299492383 0.04413472706155633 0.050761421319796954
185 0.625725900116144 0.40640862944162437 0.036585365853658534 0.05901015228426396
118 0.1640534262485482 0.45241116751269034 0.04006968641114982 0.048223350253807105
211 0.19192799070847852 0.09200507614213198 0.04006968641114982 0.07106598984771574
44 0.502903600464576 0.28109137055837563 0.06155632984901278 0.04568527918781726
118 0.735191637630662 0.4467005076142132 0.041811846689895474 0.04949238578680203
76 0.19367015098722415 0.49968274111675126 0.04006968641114982 0.05266497461928934
149 0.8504645760743321 0.4333756345177665 0.03542392566782811 0.04187817258883249
119 0.7918118466898955 0.3861040609137056 0.036585365853658534 0.05012690355329949
6 0.883855981416957 0.42385786802030456 0.029036004645760744 0.04187817258883249
118 0.3693379790940767 0.23413705583756345 0.032520325203252036 0.04060913705583756
7 0.4294425087108014 0.4631979695431472 0.044715447154471545 0.04187817258883249
211 0.7395470383275261 0.39435279187817257 0.02148664343786295 0.04631979695431472
58 0.8199767711962834 0.48921319796954316 0.03368176538908246 0.04949238578680203
185 0.20267131242741 0.4498730964467005 0.03484320557491289 0.04187817258883249
13 0.8185249709639953 0.4362309644670051 0.036585365853658534 0.041243654822335024
44 0.34727061556329847 0.19130710659898478 0.04065040650406504 0.04885786802030457
58 0.13995354239256677 0.27093908629441626 0.04645760743321719 0.04060913705583756
118 0.13124274099883856 0.21605329949238578 0.04645760743321719 0.041243654822335024
200 0.6907665505226481 0.2807741116751269 0.033101045296167246 0.04885786802030457
8 0.19396051103368175 0.37753807106598986 0.03368176538908246 0.044416243654822336
200 0.7009291521486644 0.3286802030456853 0.041811846689895474 0.046954314720812185
32 0.37717770034843207 0.2858502538071066 0.03193960511033682 0.05520304568527919
118 0.49419279907084784 0.4098984771573604 0.04529616724738676 0.044416243654822336
224 0.16347270615563297 0.49460659898477155 0.033101045296167246 0.04631979695431472
99 0.46660859465737514 0.4590736040609137 0.03426248548199768 0.03489847715736041
106 0.48693379790940766 0.22176395939086294 0.03542392566782811 0.0399746192893401
58 0.8800813008130082 0.4876269035532995 0.03542392566782811 0.05266497461928934
176 0.12166085946573751 0.15006345177664976 0.03774680603948897 0.06281725888324872
118 0.6922183507549361 0.11040609137055837 0.041811846689895474 0.04568527918781726
44 0.2961672473867596 0.18527918781725888 0.04878048780487805 0.05203045685279188
211 0.662020905923345 0.22842639593908629 0.04413472706155633 0.05456852791878172
22 0.7366434378629501 0.157994923857868 0.036585365853658534 0.050761421319796954
224 0.7613240418118467 0.32201776649746194 0.05110336817653891 0.060279187817258884
