22 0.6321533923303835 0.38074204946996465 0.02536873156342183 0.03828032979976443
200 0.6058997050147492 0.7149587750294464 0.03657817109144543 0.045936395759717315
7 0.6159292035398231 0.9287396937573617 0.027138643067846607 0.030624263839811542
7 0.5333333333333333 0.28062426383981154 0.029498525073746312 0.039458186101295645
99 0.6029498525073747 0.37868080094228507 0.030678466076696165 0.03180212014134275
224 0.32271386430678467 0.44346289752650175 0.021238938053097345 0.03769140164899882
211 0.30117994100294987 0.4419905771495877 0.023008849557522124 0.044169611307420496
200 0.3893805309734513 0.44140164899882217 0.030678466076696165 0.04181389870435807
185 0.7646017699115044 0.4917550058892815 0.035398230088495575 0.03769140164899882
211 0.6920353982300885 0.43080094228504123 0.030678466076696165 0.035924617196702
7 0.6716814159292035 0.22408716136631332 0.052507374631268436 0.04888103651354535
200 0.5651917404129794 0.8851590106007067 0.02831858407079646 0.04240282685512368
7 0.8300884955752212 0.3324499411071849 0.022418879056047197 0.044169611307420496
99 0.23569321533923304 0.2921083627797409 0.03952802359882006 0.050647820965842166
118 0.4725663716814159 0.4469964664310954 0.029498525073746312 0.0447585394581861
76 0.3410029498525074 0.6057126030624264 0.04129793510324484 0.04063604240282685
7 0.6917404129793511 0.2788574793875147 0.038348082595870206 0.052414605418138985
118 0.30117994100294987 0.3377502944640754 0.05604719764011799 0.034746760895170786
7 0.4731563421828909 0.823321554770318 0.03421828908554572 0.03769140164899882
185 0.8955752212389381 0.23027090694935218 0.04247787610619469 0.05535924617196702
32 0.8849557522123894 0.38515901060070673 0.040117994100294985 0.03651354534746761
224 0.6466076696165192 0.7199646643109541 0.040117994100294985 0.04063604240282685
118 0.531858407079646 0.6254416961130742 0.033628318584070796 0.05418138987043581
99 0.6200589970501474 0.4299175500588928 0.025958702064896755 0.04122497055359246
44 0.3041297935103245 0.22820965842167257 0.043067846607669616 0.04652532391048292
118 0.3513274336283186 0.4991166077738516 0.04896755162241888 0.044169611307420496
22 0.5132743362831859 0.8798586572438163 0.022418879056047197 0.030624263839811542
200 0.7224188790560472 0.8842756183745583 0.02654867256637168 0.030035335689045935
149 0.1654867256637168 0.22997644287396937 0.05132743362831858 0.04770318021201413
44 0.1336283185840708 0.3330388692579505 0.05014749262536873 0.04770318021201413
13 0.45722713864306785 0.717020023557126 0.04247787610619469 0.04770318021201413
44 0.23067846607669618 0.43992932862190814 0.05781710914454277 0.03180212014134275
211 0.3023598820058997 0.5518256772673734 0.03126843657817109 0.04004711425206125
149 0.5215339233038349 0.3321554770318021 0.04247787610619469 0.0447585394581861
160 0.7628318584070797 0.3830977620730271 0.03893805309734513 0.039458186101295645
99 0.36902654867256635 0.7732626619552415 0.03952802359882006 0.03769140164899882
7 0.12536873156342182 0.38663133097762076 0.03952802359882006 0.035924617196702
149 0.1486725663716814 0.4363957597173145 0.05073746312684366 0.04240282685512368
7 0.856637168141593 0.17550058892815076 0.044837758112094395 0.04240282685512368
58 0.9398230088495575 0.29004711425206126 0.044837758112094395 0.04063604240282685
160 0.2994100294985251 0.7653121319199058 0.038348082595870206 0.04299175500588928
58 0.612094395280236 0.8833922261484098 0.057227138643067846 0.038869257950530034
32 0.5371681415929204 0.8816254416961131 0.027728613569321534 0.03769140164899882
13 0.5631268436578171 0.28062426383981154 0.03008849557522124 0.04063604240282685
224 0.31799410029498526 0.3916372202591284 0.03303834808259587 0.04122497055359246
211 0.2890855457227139 0.3934040047114252 0.025958702064896755 0.04004711425206125
99 0.2710914454277286 0.4502355712603062 0.04070796460176991 0.052414605418138985
118 0.6967551622418879 0.8804475853945819 0.021238938053097345 0.03180212014134275
224 0.516519174041298 0.495583038869258 0.027728613569321534 0.035924617196702
211 0.3433628318584071 0.2826855123674912 0.02359882005899705 0.0447585394581861
119 0.5513274336283186 0.33186101295641934 0.03716814159292035 0.04652532391048292
7 0.6206489675516225 0.4911660777385159 0.03185840707964602 0.038869257950530034
22 0.18377581120943953 0.5512367491166078 0.033628318584070796 0.03769140164899882
32 0.6168141592920354 0.32773851590106007 0.047787610619469026 0.039458186101295645
32 0.09734513274336283 0.38103651354534745 0.035398230088495575 0.03651354534746761
44 0.6604719764011799 0.4882214369846879 0.047787610619469026 0.0353356890459364
149 0.20707964601769913 0.2759128386336867 0.03775811209439528 0.044169611307420496
149 0.4056047197640118 0.7688457008244994 0.04188790560471976 0.04181389870435807
7 0.20147492625368732 0.3365724381625442 0.024188790560471976 0.039458186101295645
160 0.1088495575221239 0.47791519434628976 0.032448377581120944 0.05005889281507656
224 0.6607669616519174 0.3839811542991755 0.03303834808259587 0.04122497055359246
22 0.45781710914454277 0.8795641931684335 0.03657817109144543 0.037102473498233215
118 0.8498525073746312 0.2832744405182568 0.047787610619469026 0.038869257950530034
118 0.20707964601769913 0.22732626619552415 0.035398230088495575 0.050647820965842166
211 0.8702064896755162 0.285924617196702 0.029498525073746312 0.04063604240282685
185 0.596755162241888 0.4902826855123675 0.02654867256637168 0.032391048292108364
118 0.8463126843657817 0.11955241460541814 0.04424778761061947 0.045936395759717315
118 0.4271386430678466 0.8828032979976443 0.027138643067846607 0.04240282685512368
110 0.3985250737463127 0.6098351001177856 0.033628318584070796 0.03828032979976443
149 0.5076696165191741 0.714075382803298 0.05014749262536873 0.04181389870435807
224 0.2303834808259587 0.33539458186101295 0.02536873156342183 0.032391048292108364
149 0.7324483775811209 0.8209658421672555 0.043067846607669616 0.03769140164899882
118 0.3430678466076696 0.549469964664311 0.02654867256637168 0.038869257950530034
118 0.7017699115044248 0.48851590106007065 0.047787610619469026 0.04063604240282685
224 0.3309734513274336 0.7706124852767963 0.044837758112094395 0.039458186101295645
99 0.184070796460177 0.4455241460541814 0.03893805309734513 0.04063604240282685
211 0.843952802359882 0.0706713780918728 0.04188790560471976 0.05182567726737338
32 0.8008849557522124 0.3321554770318021 0.033628318584070796 0.043580683156654886
200 0.6601769911504425 0.43168433451118965 0.025958702064896755 0.03769140164899882
110 0.6233038348082596 0.22968197879858657 0.04660766961651917 0.0447585394581861
211 0.26371681415929205 0.2835689045936396 0.027138643067846607 0.034746760895170786
211 0.3421828908554572 0.3931095406360424 0.03185840707964602 0.04181389870435807
106 0.44041297935103246 0.49617196702002353 0.0359882005899705 0.04652532391048292
211 0.5825958702064897 0.3306831566548881 0.02536873156342183 0.04181389870435807
7 0.675811209439528 0.7682567726737338 0.03126843657817109 0.035924617196702
211 0.5017699115044247 0.6110129564193169 0.03126843657817109 0.035924617196702
211 0.15663716814159293 0.3875147232037691 0.024188790560471976 0.04240282685512368
224 0.6970501474926254 0.8256772673733804 0.02654867256637168 0.038869257950530034
110 0.35103244837758113 0.341283863368669 0.04129793510324484 0.04181389870435807
118 0.6094395280235988 0.6528268551236749 0.0471976401179941 0.04063604240282685
76 0.30796460176991153 0.2912249705535925 0.05663716814159292 0.09010600706713781
99 0.6162241887905605 0.8183156654888104 0.027728613569321534 0.035924617196702
58 0.8297935103244838 0.5035335689045937 0.04542772861356932 0.03769140164899882
149 0.5979351032448378 0.2797408716136631 0.038348082595870206 0.038869257950530034
200 0.668141592920354 0.8271495877502945 0.027728613569321534 0.04181389870435807
22 0.46696165191740413 0.6083627797408716 0.038348082595870206 0.04122497055359246
22 0.4421828908554572 0.553886925795053 0.032448377581120944 0.04299175500588928
76 0.2215339233038348 0.5541813898704359 0.033628318584070796 0.03651354534746761
200 0.6430678466076696 0.8227326266195524 0.021238938053097345 0.03415783274440518
185 0.5123893805309735 0.3828032979976443 0.032448377581120944 0.03297997644287397
185 0.6412979351032448 0.9319787985865724 0.029498525073746312 0.03121319199057715
200 0.48053097345132745 0.49469964664310956 0.04188790560471976 0.03769140164899882
22 0.3191740412979351 0.4988221436984688 0.029498525073746312 0.043580683156654886
211 0.6471976401179941 0.7706124852767963 0.022418879056047197 0.03828032979976443
200 0.728023598820059 0.37809187279151946 0.04129793510324484 0.04122497055359246
160 0.37138643067846605 0.6080683156654888 0.03480825958702065 0.04299175500588928
58 0.2790560471976401 0.49764428739693756 0.054277286135693215 0.043580683156654886
6 0.37168141592920356 0.8239104829210836 0.040117994100294985 0.0353356890459364
118 0.1088495575221239 0.4290341578327444 0.038348082595870206 0.039458186101295645
118 0.815929203539823 0.3833922261484099 0.03657817109144543 0.043580683156654886
13 0.5991150442477876 0.4293286219081272 0.024188790560471976 0.03651354534746761
200 0.9029498525073746 0.1769729093050648 0.043067846607669616 0.04652532391048292
160 0.5696165191740413 0.22938751472320376 0.04424778761061947 0.05123674911660778
13 0.7932153392330383 0.28209658421672557 0.043067846607669616 0.043580683156654886
200 0.9147492625368732 0.3365724381625442 0.04424778761061947 0.05005889281507656
224 0.415929203539823 0.44287396937573614 0.027138643067846607 0.045936395759717315
185 0.2112094395280236 0.49823321554770317 0.03303834808259587 0.03769140164899882
118 0.5017699115044247 0.7697290930506479 0.03008849557522124 0.04004711425206125
149 0.6787610619469027 0.32626619552414604 0.04896755162241888 0.04122497055359246
7 0.9156342182890855 0.38810365135453473 0.03185840707964602 0.038869257950530034
118 0.30796460176991153 0.17402826855123674 0.05073746312684366 0.05005889281507656
118 0.4327433628318584 0.8212603062426383 0.02654867256637168 0.034746760895170786
13 0.715929203539823 0.21702002355712602 0.03126843657817109 0.0535924617196702
22 0.8486725663716814 0.3842756183745583 0.02536873156342183 0.034746760895170786
6 0.5265486725663717 0.21967020023557127 0.04188790560471976 0.05653710247349823
200 0.8625368731563422 0.22762073027090696 0.03893805309734513 0.04888103651354535
99 0.6233038348082596 0.282979976442874 0.038348082595870206 0.05123674911660778
7 0.9297935103244838 0.22879858657243815 0.03421828908554572 0.052414605418138985
76 0.6769911504424779 0.5426972909305064 0.052507374631268436 0.05712603062426384
200 0.23893805309734514 0.49381625441696114 0.029498525073746312 0.037102473498233215
58 0.47935103244837757 0.3292108362779741 0.04424778761061947 0.043580683156654886
32 0.5646017699115045 0.9269729093050648 0.03185840707964602 0.030624263839811542
149 0.7247787610619469 0.42726737338044757 0.027728613569321534 0.04534746760895171
7 0.8707964601769912 0.5053003533568905 0.04601769911504425 0.0353356890459364
185 0.540117994100295 0.7712014134275619 0.0359882005899705 0.034746760895170786
22 0.27728613569321536 0.5512367491166078 0.024778761061946902 0.04240282685512368
99 0.4825958702064897 0.8789752650176679 0.02831858407079646 0.03121319199057715
22 0.4772861356932153 0.22025912838633688 0.040117994100294985 0.0447585394581861
7 0.25958702064896755 0.33568904593639576 0.029498525073746312 0.0353356890459364
110 0.2407079646017699 0.3919316843345112 0.02831858407079646 0.04299175500588928
22 0.756047197640118 0.42962308598351 0.02654867256637168 0.037102473498233215
200 0.620353982300885 0.7714958775029447 0.032448377581120944 0.03769140164899882
22 0.7365781710914454 0.4920494699646643 0.03008849557522124 0.039458186101295645
224 0.8519174041297936 0.33510011778563015 0.03185840707964602 0.04711425206124853
7 0.9029498525073746 0.287396937573616 0.03126843657817109 0.038869257950530034
16 0.4407079646017699 0.7706124852767963 0.04129793510324484 0.035924617196702
22 0.40648967551622417 0.8227326266195524 0.029498525073746312 0.03769140164899882
99 0.5920353982300885 0.9290341578327445 0.023008849557522124 0.030035335689045935
224 0.1392330383480826 0.5335689045936396 0.02831858407079646 0.03651354534746761
99 0.21150442477876105 0.38515901060070673 0.028908554572271386 0.03651354534746761
13 0.8790560471976401 0.336866902237927 0.030678466076696165 0.045936395759717315
211 0.5336283185840708 0.44081272084805656 0.03008849557522124 0.03828032979976443
224 0.7457227138643068 0.883097762073027 0.022418879056047197 0.03121319199057715
200 0.751622418879056 0.282979976442874 0.027138643067846607 0.05005889281507656
211 0.6451327433628319 0.3283274440518257 0.02536873156342183 0.04063604240282685
22 0.43215339233038347 0.6080683156654888 0.03952802359882006 0.04063604240282685
22 0.45191740412979353 0.4372791519434629 0.030678466076696165 0.028857479387514724
185 0.2510324483775811 0.22762073027090696 0.05132743362831858 0.04770318021201413
22 0.47286135693215336 0.7691401648998822 0.02536873156342183 0.043580683156654886
224 0.3734513274336283 0.8810365135453475 0.02359882005899705 0.02120141342756184
211 0.6731563421828909 0.9308009422850412 0.027138643067846607 0.02767962308598351
22 0.4008849557522124 0.8836866902237926 0.02182890855457227 0.03356890459363958
211 0.17315634218289086 0.4991166077738516 0.03952802359882006 0.03121319199057715
13 0.35398230088495575 0.44316843345111895 0.03185840707964602 0.04063604240282685
32 0.6587020648967552 0.2788574793875147 0.02654867256637168 0.04770318021201413
7 0.3746312684365782 0.5482921083627798 0.03775811209439528 0.03769140164899882
106 0.14837758112094396 0.48939929328621906 0.038348082595870206 0.0353356890459364
22 0.6610619469026549 0.8807420494699647 0.033628318584070796 0.03121319199057715
22 0.58023598820059 0.7676678445229682 0.038348082595870206 0.04299175500588928
7 0.24896755162241888 0.5550647820965842 0.03303834808259587 0.04063604240282685
119 0.3722713864306785 0.282979976442874 0.05191740412979351 0.039458186101295645
7 0.827433628318584 0.5591872791519434 0.0607669616519174 0.05712603062426384
