200 0.7017543859649122 0.6253157451585742 0.0804093567251462 0.03199550940218917
22 0.6505847953216374 0.5496772382823464 0.06871345029239766 0.032837496491720464
200 0.7456140350877193 0.7061465057535784 0.07309941520467836 0.029750210496772383
8 0.6973684210526315 0.6647488071849565 0.06578947368421052 0.03227617176536626
99 0.5815058479532164 0.7058658433904014 0.046052631578947366 0.0409767050238563
32 0.5222953216374269 0.7026382262138647 0.07821637426900585 0.03339882121807466
22 0.6747076023391813 0.34970530451866405 0.07309941520467836 0.029750210496772383
7 0.4521198830409357 0.7036205444849846 0.07383040935672515 0.03536345776031434
58 0.6271929824561403 0.6251754139769857 0.11257309941520467 0.03339882121807466
32 0.6118421052631579 0.3889980353634578 0.07309941520467836 0.0275049115913556
224 0.5723684210526315 0.4689868088689307 0.06578947368421052 0.030872859949480774
160 0.7430555555555556 0.7829076620825147 0.07090643274853801 0.034521470670783046
160 0.5285087719298246 0.3512489475161381 0.059941520467836254 0.029469548133595286
160 0.8088450292397661 0.4274487791187202 0.03728070175438596 0.02582093741229301
118 0.47514619883040937 0.5088408644400786 0.0804093567251462 0.036486107213022735
22 0.5453216374269005 0.3930676396295257 0.06725146198830409 0.028346898680886894
13 0.6692251461988304 0.7037608756665731 0.07236842105263158 0.03003087285994948
211 0.7320906432748538 0.3498456357002526 0.0445906432748538 0.03227617176536626
118 0.5431286549707602 0.7826269997193377 0.0847953216374269 0.036205444849845635
200 0.6319444444444444 0.5884086444007859 0.06505847953216375 0.03171484703901207
185 0.7627923976608187 0.5861633454953691 0.10307017543859649 0.03508279539713725
200 0.7094298245614035 0.743614931237721 0.06067251461988304 0.032837496491720464
13 0.45760233918128657 0.6647488071849565 0.07309941520467836 0.026662924501824305
7 0.6871345029239766 0.7810833567218636 0.06725146198830409 0.03760875666573112
44 0.4930555555555556 0.46660117878192536 0.10307017543859649 0.02890822340724109
106 0.7247807017543859 0.5515015436429975 0.07090643274853801 0.03311815885489756
106 0.4656432748538012 0.7450182430536065 0.07894736842105263 0.032837496491720464
149 0.47441520467836257 0.5865843390401347 0.08771929824561403 0.029750210496772383
13 0.8161549707602339 0.4673028346898681 0.0489766081871345 0.036486107213022735
22 0.54203216374269 0.5067358967162503 0.06505847953216375 0.03171484703901207
22 0.6136695906432749 0.8560202076901487 0.06944444444444445 0.03424080830760595
22 0.4612573099415205 0.5506595565534662 0.07309941520467836 0.03199550940218917
200 0.46637426900584794 0.3515296098793152 0.06725146198830409 0.026101599775470108
118 0.5380116959064327 0.4292730844793713 0.09210526315789473 0.032837496491720464
185 0.5880847953216374 0.5522031995509402 0.07529239766081872 0.03171484703901207
185 0.6176900584795322 0.7815043502666292 0.08333333333333333 0.032837496491720464
7 0.7847222222222222 0.3490036486107213 0.07090643274853801 0.03676676957619983
118 0.8128654970760234 0.7030592197586304 0.06871345029239766 0.02862756104406399
58 0.5628654970760234 0.5884086444007859 0.1111111111111111 0.03171484703901207
160 0.7986111111111112 0.3880157170923379 0.06944444444444445 0.032837496491720464
185 0.6187865497076024 0.42534381139489197 0.08114035087719298 0.034521470670783046
106 0.7536549707602339 0.42955374684254843 0.07017543859649122 0.03339882121807466
32 0.5317982456140351 0.8196744316587146 0.07236842105263158 0.032837496491720464
149 0.535453216374269 0.6268593881560482 0.08991228070175439 0.03171484703901207
160 0.77046783625731 0.7434746000561324 0.08771929824561403 0.04041538029750211
160 0.783625730994152 0.5098231827111984 0.0804093567251462 0.03676676957619983
22 0.4470029239766082 0.8551782206006174 0.09137426900584796 0.03143418467583497
160 0.5252192982456141 0.6636261577322481 0.07675438596491228 0.03003087285994948
13 0.4597953216374269 0.630367667695762 0.06871345029239766 0.03311815885489756
22 0.4641812865497076 0.8207970811114229 0.06725146198830409 0.02890822340724109
185 0.6319444444444444 0.4651978669660399 0.07236842105263158 0.034521470670783046
22 0.6849415204678363 0.42815043502666295 0.06725146198830409 0.03339882121807466
211 0.6681286549707602 0.8563008700533259 0.039473684210526314 0.03592478248666854
160 0.7964181286549707 0.5513612124614089 0.07675438596491228 0.03339882121807466
6 0.7737573099415205 0.8182711198428291 0.07090643274853801 0.02890822340724109
211 0.6239035087719298 0.7071288240246982 0.041666666666666664 0.041818692113387596
99 0.6692251461988304 0.5102441762559641 0.05482456140350877 0.03311815885489756
200 0.7372076023391813 0.3888577041818692 0.06505847953216375 0.03115352231265787
160 0.7485380116959064 0.46491720460286273 0.0804093567251462 0.036205444849845635
185 0.6048976608187134 0.35054729160819537 0.08552631578947369 0.030872859949480774
200 0.7693713450292398 0.6667134437271962 0.08260233918128655 0.03115352231265787
110 0.6513157894736842 0.7443165871456637 0.05555555555555555 0.03143418467583497
22 0.4692982456140351 0.42955374684254843 0.06871345029239766 0.026101599775470108
224 0.7225877192982456 0.8200954252034802 0.0577485380116959 0.03199550940218917
99 0.5964912280701754 0.7434746000561324 0.038011695906432746 0.03311815885489756
13 0.597953216374269 0.8213584058377772 0.07456140350877193 0.03339882121807466
160 0.54203216374269 0.7423519506034241 0.07383040935672515 0.03367948358125175
118 0.48062865497076024 0.39362896435587985 0.07675438596491228 0.03171484703901207
224 0.6966374269005848 0.5875666573112546 0.06432748538011696 0.03171484703901207
22 0.46271929824561403 0.7844513050799887 0.07309941520467836 0.03255683412854336
118 0.5281432748538012 0.552904855458883 0.07967836257309942 0.034802133033960146
99 0.6842105263157895 0.3885770418186921 0.04678362573099415 0.03339882121807466
200 0.6633771929824561 0.8210777434746 0.07236842105263158 0.028346898680886894
7 0.6918859649122807 0.4651978669660399 0.07236842105263158 0.03339882121807466
200 0.7266081871345029 0.5091215268032557 0.059941520467836254 0.029750210496772383
7 0.7247807017543859 0.8605108055009824 0.07090643274853801 0.03367948358125175
224 0.764985380116959 0.6281223687903452 0.08114035087719298 0.034802133033960146
58 0.6111111111111112 0.6644681448217794 0.1067251461988304 0.02890822340724109
99 0.5603070175438597 0.8586865001403312 0.05043859649122807 0.03115352231265787
32 0.6012426900584795 0.5084198708953129 0.08552631578947369 0.03396014594442885
160 0.5091374269005848 0.8530732528767893 0.07090643274853801 0.028346898680886894
