224 0.7273057371096586 0.600488633949437 0.02178649237472767 0.017208413001912046
22 0.7312999273783588 0.5005311238580837 0.020334059549745823 0.015721266199277672
32 0.6396151053013798 0.6344805608667942 0.02505446623093682 0.021457403866581688
211 0.6579520697167756 0.5841300191204589 0.011619462599854757 0.017208413001912046
149 0.6699346405228758 0.536541321436159 0.03558460421205519 0.019757807520713832
106 0.5570079883805374 0.6088803909071595 0.02832244008714597 0.019120458891013385
58 0.7808641975308642 0.6060123220735075 0.04611474219317357 0.02060760569364776
58 0.558641975308642 0.6339494370087104 0.03449527959331881 0.021669853409815167
13 0.6194625998547567 0.45942213724240494 0.02832244008714597 0.02060760569364776
99 0.6092955700798838 0.4311663479923518 0.03195352214960058 0.02188230295304865
22 0.49437182280319536 0.5841300191204589 0.026506899055918662 0.014234119396643298
13 0.5065359477124183 0.6309751434034416 0.03558460421205519 0.018270660718079455
6 0.6414306463326072 0.4295729764181007 0.018518518518518517 0.02082005523688124
99 0.6673928830791576 0.5595920968769917 0.01670297748729121 0.01869555980454642
200 0.48983297022512706 0.6049500743573402 0.02178649237472767 0.015933715742511154
22 0.6443355119825708 0.45634161886551944 0.023602033405954976 0.021669853409815167
13 0.6917211328976035 0.4000424899086467 0.030501089324618737 0.021244954323348206
200 0.7701525054466231 0.42288081580624604 0.021060275962236745 0.01763331208837901
22 0.6899055918663762 0.5 0.025417574437182282 0.019757807520713832
160 0.7952069716775599 0.4728064584661143 0.025417574437182282 0.020182706607180793
106 0.7372912127814089 0.5776503080518377 0.033042846768336964 0.019120458891013385
118 0.6076615831517792 0.635330359039728 0.04030501089324619 0.019757807520713832
200 0.7696078431372549 0.47301890800934776 0.02795933188090051 0.015083917569577226
160 0.7076978939724038 0.4736562566390482 0.032679738562091505 0.0248565965583174
149 0.590958605664488 0.6096239643084768 0.03449527959331881 0.01678351391544508
224 0.5784313725490197 0.4843849585723391 0.021060275962236745 0.017420862545145528
7 0.48148148148148145 0.6307626938602082 0.03195352214960058 0.01869555980454642
44 0.7278503994190269 0.3982366687911621 0.044662309368191724 0.019332908434246867
118 0.7037037037037037 0.5773316337369875 0.032679738562091505 0.01678351391544508
200 0.7857661583151779 0.44890588485234756 0.025417574437182282 0.016995963458678563
13 0.6931735657225854 0.5541746335245379 0.02832244008714597 0.01763331208837901
22 0.6265432098765432 0.4817293392819205 0.020697167755991286 0.01635861482897812
22 0.650871459694989 0.6082430422774591 0.021423384168482208 0.015721266199277672
7 0.7363834422657952 0.4510303802846824 0.02178649237472767 0.0165710643722116
118 0.5782498184458968 0.5097726789887401 0.026506899055918662 0.02400679838538347
149 0.5787944807552651 0.5848735925217761 0.030501089324618737 0.017845761631612493
185 0.46278140885984026 0.6042065009560229 0.024328249818445898 0.0165710643722116
110 0.5130718954248366 0.6041002761844062 0.020334059549745823 0.015933715742511154
211 0.5884168482207698 0.558211174845974 0.019970951343500364 0.021457403866581688
44 0.6938997821350763 0.6008073082642872 0.04139433551198257 0.016995963458678563
106 0.7409222948438635 0.6311875929466751 0.043209876543209874 0.022519651582749097
22 0.6488743645606391 0.5593796473337582 0.023238925199709513 0.022519651582749097
160 0.6666666666666666 0.4274484809857659 0.025417574437182282 0.020395156150414276
160 0.7109658678286129 0.6283195241130232 0.02251270878721859 0.022307202039515615
185 0.7267610748002905 0.5263437433609518 0.033042846768336964 0.018483110261312937
118 0.6356209150326797 0.5368599957510092 0.03594771241830065 0.019120458891013385
106 0.7603485838779956 0.5013809220310176 0.04139433551198257 0.018270660718079455
200 0.7280319535221496 0.4250053112385808 0.025417574437182282 0.015933715742511154
200 0.6810094408133623 0.5735075419587848 0.023602033405954976 0.01550881665604419
200 0.7935729847494554 0.5026556192904186 0.027233115468409588 0.01997025706394731
185 0.6011256354393609 0.4843849585723391 0.03159041394335512 0.017420862545145528
99 0.7162309368191722 0.4510303802846824 0.018518518518518517 0.0165710643722116
211 0.6089324618736384 0.5084979817293392 0.03122730573710966 0.026131293817718292
224 0.5219680464778504 0.5841300191204589 0.026506899055918662 0.01550881665604419
22 0.5319535221496006 0.6290630975143403 0.017429193899782137 0.02379434884214999
22 0.533042846768337 0.603781601869556 0.0196078431372549 0.014446568939876779
58 0.6365286855482933 0.41077119184193756 0.03122730573710966 0.018908009347779902
110 0.7654320987654321 0.39844911833439556 0.025417574437182282 0.018058211174845976
22 0.6394335511982571 0.5825366475462078 0.020334059549745823 0.015721266199277672
6 0.6889978213507625 0.6309751434034416 0.023602033405954976 0.021244954323348206
76 0.5644517066085694 0.5584236243892076 0.026506899055918662 0.01763331208837901
211 0.665758896151053 0.6085617165923093 0.011982570806100218 0.01635861482897812
22 0.7719680464778504 0.630019120458891 0.02178649237472767 0.018058211174845976
160 0.7505446623093682 0.5248565965583174 0.023238925199709513 0.018483110261312937
99 0.7937545388525781 0.6325685149776928 0.02178649237472767 0.026131293817718292
211 0.7490922294843864 0.42319949012109626 0.012345679012345678 0.02082005523688124
176 0.7913943355119826 0.5240067983853834 0.029411764705882353 0.018908009347779902
58 0.6978939724037764 0.4274484809857659 0.03413217138707335 0.01954535797748035
32 0.7955700798838053 0.4227745910346293 0.026143790849673203 0.017845761631612493
7 0.6949891067538126 0.45049925642659866 0.026143790849673203 0.01678351391544508
211 0.581517792302106 0.6359677076694286 0.012708787218591141 0.021032504780114723
160 0.7494553376906318 0.603781601869556 0.0196078431372549 0.02464414701508392
7 0.6630355846042121 0.635330359039728 0.02178649237472767 0.022307202039515615
44 0.5905954974582426 0.535691523263225 0.0504720406681191 0.018058211174845976
118 0.6933551198257081 0.5249628213299341 0.03376906318082789 0.014871468026343744
7 0.6054829339143064 0.4077968982366688 0.03376906318082789 0.026556192904185257
32 0.760711692084241 0.45018058211174844 0.024691358024691357 0.017420862545145528
118 0.6123819898329702 0.5854047163798598 0.036673928830791576 0.02060760569364776
76 0.739288307915759 0.4780114722753346 0.03413217138707335 0.03356702783089016
7 0.590958605664488 0.45814743998300406 0.027233115468409588 0.020182706607180793
200 0.8306100217864923 0.426173783726365 0.03449527959331881 0.023369449755683024
58 0.5677196804647785 0.46027193541533884 0.02868554829339143 0.020182706607180793
118 0.6630355846042121 0.5129594221372424 0.03195352214960058 0.02273210112598258
224 0.768881626724764 0.5247503717867007 0.024328249818445898 0.01954535797748035
32 0.6773783587509078 0.4716379859783301 0.029411764705882353 0.01869555980454642
58 0.6174655047204067 0.559910771191842 0.03957879448075526 0.019332908434246867
149 0.6301742919389978 0.5087104312725728 0.02868554829339143 0.0248565965583174
118 0.6249092229484386 0.6087741661355428 0.037037037037037035 0.01678351391544508
32 0.6483297022512708 0.4740811557255152 0.02795933188090051 0.018483110261312937
7 0.663761801016703 0.4001487146802634 0.026870007262164125 0.018908009347779902
