99 0.7079495052882975 0.7570914479254869 0.027294438758103036 0.023497036409822186
44 0.4619583759808939 0.1371718882303133 0.03138860457181849 0.012701100762066046
200 0.5377004435346299 0.38579593564775616 0.022517911975435005 0.015029635901778153
7 0.5970658478335039 0.5512277730736664 0.022517911975435005 0.018628281117696866
160 0.5247355851245309 0.1678662150719729 0.02456499488229273 0.02243861134631668
22 0.4728761514841351 0.6392887383573242 0.02456499488229273 0.02201524132091448
7 0.510747185261003 0.2737087214225233 0.027294438758103036 0.023708721422523286
211 0.6455134766291368 0.552497883149873 0.019106107130672127 0.01905165114309907
119 0.6850904128283862 0.6971845893310754 0.025929716820197884 0.015876375952582556
99 0.5388945752302968 0.3576418289585097 0.02490617536676902 0.020533446232006775
160 0.5163766632548619 0.5248729889923793 0.029000341180484477 0.026460626587637596
224 0.8038212214261344 0.20099491955969517 0.01842374616171955 0.01672311600338696
224 0.5733538041624019 0.385584250635055 0.02012964858410099 0.01629974597798476
22 0.42340498123507336 0.27254445385266723 0.02320027294438758 0.01926333615580017
200 0.6154895939952235 0.44252751905165116 0.02456499488229273 0.015453005927180356
22 0.5574889116342545 0.6970787468247248 0.02456499488229273 0.018204911092294666
7 0.6879904469464346 0.6136748518204911 0.026953258273626747 0.018628281117696866
118 0.8398157625383829 0.40844623200677393 0.03036506311838963 0.020956816257408976
22 0.7272262026612077 0.306731583403895 0.02012964858410099 0.021591871295512276
211 0.6896963493688161 0.17337002540220153 0.016035482770385533 0.021591871295512276
22 0.43654042988741043 0.303662150719729 0.024223814397816446 0.02011007620660457
211 0.6482429205049471 0.5233911939034717 0.013647219379051518 0.02265029635901778
200 0.54503582395087 0.6705122777307366 0.018764926646195838 0.014606265876375953
44 0.42869327874445584 0.1130397967823878 0.02354145342886387 0.024132091447925486
22 0.6137836915728421 0.2231160033869602 0.022517911975435005 0.018204911092294666
118 0.5718184919822586 0.6691363251481796 0.030706243602865915 0.01905165114309907
160 0.4950528829750938 0.4195596951735817 0.028659160696008188 0.021168501270110076
119 0.6115660184237461 0.7266088060965283 0.027635619242579325 0.020533446232006775
7 0.7258614807233026 0.2785774767146486 0.027635619242579325 0.017781541066892465
13 0.59007164790174 0.2250211685012701 0.026270897304674173 0.01905165114309907
58 0.5197884680996248 0.2201524132091448 0.04060047765267827 0.018628281117696866
7 0.5837598089389286 0.24841236240474174 0.03002388263391334 0.01629974597798476
99 0.7412146025247356 0.4680355630821338 0.026953258273626747 0.018628281117696866
200 0.7947799385875128 0.4935436071126164 0.02012964858410099 0.014606265876375953
176 0.5300238826339133 0.6946443691786621 0.03582395087001024 0.01714648602878916
7 0.6956670078471512 0.41395004233700256 0.02320027294438758 0.01714648602878916
185 0.4530876833845104 0.2734970364098222 0.022517911975435005 0.016088060965283656
200 0.8132036847492323 0.6961261642675699 0.0255885363357216 0.02265029635901778
32 0.4658819515523712 0.21835309060118543 0.03172978505629478 0.020533446232006775
76 0.6248720573183214 0.27741320914479256 0.04332992152848857 0.0285774767146486
13 0.5748891163425452 0.5239204064352244 0.02456499488229273 0.02540220152413209
22 0.7284203343568748 0.5523920406435224 0.023882633913340157 0.01629974597798476
211 0.6004776526782668 0.5238145639288738 0.02456499488229273 0.023497036409822186
211 0.5967246673490276 0.2755080440304826 0.014329580348004094 0.020956816257408976
200 0.5858068918457864 0.41416172734970363 0.0197884680996247 0.01672311600338696
22 0.7613442511088365 0.6937976291278577 0.020812009553053564 0.020956816257408976
22 0.5310474240873422 0.30260372565622357 0.019447287615148412 0.020533446232006775
118 0.45598771750255884 0.443268416596105 0.03172978505629478 0.017781541066892465
200 0.6214602524735585 0.6685012701100762 0.02012964858410099 0.014817950889077053
211 0.649266461958376 0.27762489415749364 0.014329580348004094 0.01968670618120237
44 0.8121801432958035 0.40876375952582555 0.02012964858410099 0.01735817104149026
22 0.5484476287956329 0.5550381033022862 0.0255885363357216 0.017781541066892465
211 0.527294438758103 0.6701947502116851 0.01671784373933811 0.018204911092294666
13 0.5394063459570113 0.4707874682472481 0.04367110201296486 0.02286198137171888
32 0.47697031729785055 0.6687129551227773 0.03138860457181849 0.018204911092294666
200 0.661207778915046 0.724809483488569 0.02183555100648243 0.01693480101608806
32 0.478676219720232 0.7564563928873835 0.03207096554077107 0.01926333615580017
118 0.5557830092118731 0.19316257408975446 0.03002388263391334 0.01672311600338696
99 0.7478676219720232 0.30958933107535985 0.023882633913340157 0.026883996613039796
118 0.7337086318662572 0.4952370872142252 0.03445922893210508 0.015453005927180356
58 0.619583759808939 0.24989415749364946 0.03616513135448653 0.01714648602878916
118 0.6910610713067212 0.7257620660457239 0.03514158990105766 0.017993226079593565
160 0.43346980552712383 0.22110499576629974 0.03445922893210508 0.026037256562235395
211 0.7093142272262026 0.6429932260795935 0.015694302285909244 0.020956816257408976
106 0.5523712043671102 0.30429720575783237 0.029341521664960766 0.015453005927180356
13 0.6023541453428863 0.669030482641829 0.024223814397816446 0.01968670618120237
200 0.4684408051859434 0.35721845893310755 0.02183555100648243 0.015029635901778153
211 0.6192425793244627 0.1699830651989839 0.017059024223814397 0.01905165114309907
118 0.6055953599454111 0.30577900084674003 0.0368474923234391 0.020533446232006775
211 0.7850562947799385 0.28037679932260795 0.014329580348004094 0.02011007620660457
149 0.710849539406346 0.22480948348856902 0.027635619242579325 0.01693480101608806
32 0.5963834868645513 0.6076418289585097 0.028659160696008188 0.017569856054191365
32 0.4733879222108495 0.19316257408975446 0.020812009553053564 0.015029635901778153
211 0.5551006482429205 0.38431414055884844 0.016376663254861822 0.021380186282811176
99 0.4445581712726032 0.2491532599491956 0.02320027294438758 0.02243861134631668
32 0.4399522347321733 0.41437341236240477 0.021494370522006142 0.02307366638441998
119 0.6830433299215285 0.22459779847586792 0.02047082906857728 0.015241320914479255
211 0.6896963493688161 0.253069432684166 0.017400204708290685 0.01926333615580017
22 0.6867963152507677 0.4690939881456393 0.02320027294438758 0.01735817104149026
160 0.5508358921869669 0.6406646909398814 0.032412146025247356 0.026460626587637596
22 0.7726032070965541 0.3070491109229467 0.0255885363357216 0.020956816257408976
22 0.6132719208461276 0.5225444538526672 0.018764926646195838 0.02180355630821338
7 0.5029000341180484 0.6673370025402201 0.027976799727055614 0.018416596104995766
44 0.4870351415899011 0.4441151566469094 0.033776867963152504 0.014817950889077053
211 0.48464687819856705 0.3543607112616427 0.01671784373933811 0.018628281117696866
160 0.6257250085295121 0.6135690093141406 0.03002388263391334 0.0285774767146486
32 0.5849539406345957 0.6383361558001693 0.03445922893210508 0.023920406435224386
44 0.7028317980211531 0.5215918712955123 0.03138860457181849 0.01989839119390347
22 0.6129307403616513 0.6396062658763759 0.020812009553053564 0.02011007620660457
224 0.6479017400204709 0.7556096528365792 0.0197884680996247 0.020533446232006775
22 0.4414875469123166 0.609229466553768 0.03207096554077107 0.021591871295512276
13 0.6380075059706585 0.7903259949195597 0.037529853292391675 0.01714648602878916
32 0.5313886045718185 0.1388653683319221 0.031047424087342203 0.017781541066892465
149 0.5696008188331627 0.35647756138865366 0.032412146025247356 0.01651143099068586
118 0.6574547935858069 0.6107112616426758 0.030706243602865915 0.01989839119390347
22 0.6632548618219037 0.22555038103302286 0.022517911975435005 0.018416596104995766
149 0.6745138178096213 0.7557154953429297 0.03548277038553395 0.024132091447925486
168 0.7918799044694643 0.30726079593564776 0.027976799727055614 0.021380186282811176
22 0.5757420675537359 0.4694115156646909 0.026270897304674173 0.021380186282811176
224 0.7171613783691573 0.3861134631668078 0.027294438758103036 0.01947502116850127
13 0.7362674854998295 0.22766723116003387 0.025929716820197884 0.01672311600338696
110 0.6983964517229615 0.20247671464860287 0.017741385192766974 0.017569856054191365
211 0.5015353121801432 0.195385266723116 0.017059024223814397 0.018628281117696866
7 0.4890822244967588 0.38463166807790006 0.03172978505629478 0.01905165114309907
58 0.6434663937222791 0.4422099915325995 0.037529853292391675 0.01693480101608806
13 0.4706584783350392 0.611346316680779 0.029000341180484477 0.017781541066892465
22 0.4814056635960423 0.72883149872989 0.023882633913340157 0.02201524132091448
7 0.6364721937905152 0.46898814563928876 0.03514158990105766 0.015876375952582556
119 0.4687819856704197 0.4161727349703641 0.027294438758103036 0.017781541066892465
200 0.6639372227908563 0.5790643522438611 0.023882633913340157 0.02265029635901778
22 0.6335721596724667 0.38600762066045724 0.02047082906857728 0.01926333615580017
22 0.644660525417946 0.8148814563928873 0.03514158990105766 0.02011007620660457
200 0.7475264414875469 0.41119813717188824 0.01842374616171955 0.01375952582557155
119 0.5808597748208802 0.16754868755292127 0.02490617536676902 0.014606265876375953
7 0.6366427840327533 0.7252328535139713 0.03002388263391334 0.017781541066892465
224 0.7391675196178779 0.5204276037256562 0.03514158990105766 0.02307366638441998
149 0.5902422381439781 0.1943268416596105 0.03138860457181849 0.01735817104149026
32 0.6593312862504265 0.32969940728196445 0.03309450699419993 0.01968670618120237
99 0.8304332992152849 0.36124047417442845 0.021153190037529853 0.02011007620660457
58 0.676560900716479 0.49470787468247246 0.037529853292391675 0.017781541066892465
99 0.6642784032753326 0.47174005080440307 0.02320027294438758 0.018839966130397966
32 0.5460593654042989 0.5255080440304827 0.0283179802115319 0.026883996613039796
200 0.5934834527465029 0.7267146486028789 0.018764926646195838 0.01693480101608806
32 0.6721255544182873 0.5233911939034717 0.03138860457181849 0.02180355630821338
6 0.7243261685431593 0.17315834038950043 0.02320027294438758 0.018204911092294666
200 0.736949846468782 0.4375529212531753 0.02047082906857728 0.01693480101608806
118 0.6893551688843398 0.35541913632514816 0.0283179802115319 0.01947502116850127
160 0.4709996588195155 0.24947078746824725 0.0255885363357216 0.023920406435224386
200 0.671784373933811 0.30493226079593566 0.02456499488229273 0.015876375952582556
58 0.5126236779256227 0.554614733276884 0.044012282497441144 0.018628281117696866
224 0.6361310133060389 0.170194750211685 0.018082565677243263 0.01947502116850127
76 0.6820197884680996 0.6417231160033869 0.037529853292391675 0.03365791701947502
8 0.7134083930399181 0.25264606265876377 0.0197884680996247 0.01926333615580017
7 0.54503582395087 0.7255503810330228 0.0283179802115319 0.020956816257408976
118 0.6973729102695326 0.27635478408128705 0.029341521664960766 0.015876375952582556
7 0.6518253155919481 0.6400296359017782 0.02968270214943705 0.020533446232006775
22 0.7371204367110201 0.6698772226926334 0.02490617536676902 0.02222692633361558
224 0.5175707949505288 0.3852667231160034 0.023882633913340157 0.01947502116850127
200 0.5300238826339133 0.5803344623200677 0.017400204708290685 0.012912785774767146
22 0.8309450699419993 0.5551439458086368 0.05015353121801433 0.026460626587637596
7 0.7128966223132037 0.6965495342929721 0.032412146025247356 0.018416596104995766
13 0.4500170590242238 0.11187552921253176 0.027294438758103036 0.02011007620660457
211 0.7596383486864552 0.6713590177815411 0.017400204708290685 0.020533446232006775
22 0.5238826339133401 0.4151143099068586 0.026270897304674173 0.01947502116850127
8 0.586489252814739 0.5813928873835732 0.022517911975435005 0.01926333615580017
224 0.5472534970999658 0.8162574089754445 0.030706243602865915 0.02032176121930567
160 0.4634936881610372 0.3895004233700254 0.0283179802115319 0.021591871295512276
76 0.5516888433981576 0.16606689246401354 0.03411804844762879 0.029000846740050806
224 0.6965199590583419 0.38569009314140557 0.017400204708290685 0.01693480101608806
22 0.5991129307403616 0.1388653683319221 0.02320027294438758 0.020745131244707875
8 0.6577959740702832 0.17135901778154106 0.022517911975435005 0.02180355630821338
224 0.8038212214261344 0.27995342929720574 0.02320027294438758 0.020533446232006775
200 0.7998976458546572 0.6162150719729044 0.018764926646195838 0.018204911092294666
13 0.498805868304333 0.30726079593564776 0.022517911975435005 0.020533446232006775
7 0.48652337086318664 0.3304403048264183 0.029341521664960766 0.01735817104149026
200 0.5622654384169226 0.5805461473327689 0.017059024223814397 0.012489415749364945
118 0.4680996247014671 0.5514394580863675 0.03616513135448653 0.018204911092294666
211 0.6127601501194132 0.33160457239627433 0.01501194131695667 0.01672311600338696
22 0.4747526441487547 0.10922946655376799 0.0255885363357216 0.018204911092294666
22 0.7287615148413511 0.6441574936494496 0.019106107130672127 0.021591871295512276
44 0.5247355851245309 0.19379762912785775 0.03207096554077107 0.01375952582557155
224 0.6699078812691914 0.4142675698560542 0.026953258273626747 0.018628281117696866
13 0.7127260320709655 0.46983488569009313 0.03002388263391334 0.020533446232006775
99 0.4916410781303309 0.5826629974597799 0.02456499488229273 0.02265029635901778
211 0.4926646195837598 0.27466130397967825 0.016376663254861822 0.01926333615580017
7 0.6740020470829069 0.6703005927180355 0.031047424087342203 0.020533446232006775
118 0.4962470146707608 0.13791278577476715 0.033776867963152504 0.01672311600338696
211 0.5817127260320709 0.14002963590177817 0.012964858410098942 0.01926333615580017
200 0.5721596724667349 0.7872565622353938 0.02456499488229273 0.014817950889077053
224 0.7552030023882634 0.43660033869602033 0.018764926646195838 0.021380186282811176
32 0.6258955987717503 0.6950677392040644 0.033776867963152504 0.020956816257408976
118 0.4662231320368475 0.30249788314987297 0.03514158990105766 0.018628281117696866
76 0.5525417946093484 0.4165961049957663 0.03991811668372569 0.03175275190516511
8 0.6282838621630843 0.4153259949195597 0.02490617536676902 0.021168501270110076
8 0.6136131013306039 0.38494919559695173 0.022859092459911294 0.02011007620660457
200 0.676560900716479 0.17072396274343776 0.01501194131695667 0.01121930567315834
22 0.6750255885363358 0.3852667231160034 0.020812009553053564 0.01693480101608806
44 0.5892186966905493 0.4415749364944962 0.03411804844762879 0.01735817104149026
118 0.6972023200272944 0.5528154106689246 0.03991811668372569 0.02011007620660457
149 0.7523029682702149 0.5527095681625741 0.028659160696008188 0.016088060965283656
22 0.7060730126236779 0.4953429297205758 0.018764926646195838 0.01651143099068586
32 0.5414534288638689 0.7866215071972904 0.0368474923234391 0.02201524132091448
22 0.7703855339474582 0.279424216765453 0.021153190037529853 0.01735817104149026
224 0.504776526782668 0.7271380186282811 0.0255885363357216 0.020745131244707875
7 0.6345957011258956 0.19718458933107536 0.027294438758103036 0.015453005927180356
99 0.43398157625383826 0.1390770533446232 0.02183555100648243 0.015664690939881456
149 0.7282497441146366 0.7566680779000847 0.026953258273626747 0.017993226079593565
106 0.4503582395087001 0.1661727349703641 0.03548277038553395 0.01905165114309907
149 0.6402251791197543 0.3052497883149873 0.03514158990105766 0.018204911092294666
58 0.7079495052882975 0.6700889077053345 0.037529853292391675 0.01926333615580017
22 0.716820197884681 0.3577476714648603 0.027976799727055614 0.01947502116850127
7 0.558000682360969 0.1380186282811177 0.0255885363357216 0.017781541066892465
200 0.4771409075400887 0.2741320914479255 0.018082565677243263 0.014394580863674851
22 0.5718184919822586 0.7582557154953429 0.027976799727055614 0.018204911092294666
224 0.7134083930399181 0.6135690093141406 0.0197884680996247 0.02011007620660457
200 0.6496076424428523 0.41395004233700256 0.0197884680996247 0.01629974597798476
99 0.7557147731149778 0.6169559695173582 0.02456499488229273 0.020533446232006775
119 0.6530194472876152 0.38738357324301437 0.02320027294438758 0.01989839119390347
44 0.5098942340498124 0.7578323454699407 0.03923575571477311 0.018204911092294666
99 0.7359263050153532 0.20406435224386113 0.0197884680996247 0.02286198137171888
118 0.5220061412487206 0.443268416596105 0.037529853292391675 0.017781541066892465
118 0.6013306038894575 0.787891617273497 0.03514158990105766 0.01735817104149026
149 0.6622313203684749 0.696337849280271 0.03138860457181849 0.021380186282811176
200 0.5482770385533947 0.2231160033869602 0.021153190037529853 0.012701100762066046
7 0.7476970317297851 0.1735817104149026 0.026270897304674173 0.013547840812870448
211 0.7765267826680314 0.49650719729043186 0.013647219379051518 0.017993226079593565
44 0.4953940634595701 0.695385266723116 0.0368474923234391 0.01693480101608806
211 0.5697714090754009 0.6083827265029635 0.017059024223814397 0.02201524132091448
200 0.7874445581712726 0.20152413209144793 0.015694302285909244 0.01143099068585944
118 0.8060388945752303 0.4615791701947502 0.03991811668372569 0.023920406435224386
7 0.721596724667349 0.72883149872989 0.016376663254861822 0.02540220152413209
22 0.5269532582736267 0.6402413209144793 0.026270897304674173 0.01926333615580017
149 0.5223473217331969 0.2485182049110923 0.03207096554077107 0.018204911092294666
118 0.7055612418969635 0.4403048264182896 0.029341521664960766 0.018628281117696866
13 0.5721596724667349 0.7273497036409822 0.03138860457181849 0.021168501270110076
32 0.8109860116001365 0.253069432684166 0.03138860457181849 0.01926333615580017
176 0.41914022517911975 0.2466130397967824 0.026953258273626747 0.01947502116850127
22 0.5600477652678266 0.2741320914479255 0.02012964858410099 0.01905165114309907
149 0.8154213578983283 0.433848433530906 0.03411804844762879 0.015876375952582556
149 0.5617536676902081 0.3310753598645216 0.03172978505629478 0.01947502116850127
200 0.6654725349709997 0.551545300592718 0.020812009553053564 0.01714648602878916
118 0.4566700784715114 0.3291701947502117 0.03309450699419993 0.017781541066892465
7 0.7517911975435005 0.19803132938187976 0.026953258273626747 0.01714648602878916
200 0.6276015011941317 0.7595258255715496 0.019447287615148412 0.017781541066892465
211 0.5457181849198226 0.5803344623200677 0.016035482770385533 0.018839966130397966
7 0.8222449675878539 0.3065198983911939 0.032753326509723645 0.018204911092294666
118 0.5551006482429205 0.2480948348856901 0.03138860457181849 0.017781541066892465
211 0.6040600477652678 0.584038950042337 0.011258955987717503 0.024132091447925486
6 0.42528147389969295 0.19168077900084673 0.024223814397816446 0.02180355630821338
200 0.4790174002047083 0.16532599491955968 0.02047082906857728 0.012701100762066046
118 0.6368133742749915 0.3585944115156647 0.03309450699419993 0.016088060965283656
76 0.6567724326168544 0.25243437764606264 0.0395769361992494 0.0281541066892464
106 0.49744114636642783 0.6402413209144793 0.03138860457181849 0.02011007620660457
99 0.4931763903104742 0.11378069432684167 0.022859092459911294 0.02307366638441998
200 0.6407369498464688 0.496930567315834 0.028659160696008188 0.01672311600338696
99 0.5933128625042647 0.3327688399661304 0.022517911975435005 0.021168501270110076
7 0.6712726032070966 0.2779424216765453 0.0283179802115319 0.01651143099068586
22 0.6767314909587172 0.4419983065198984 0.0283179802115319 0.02032176121930567
119 0.45325827362674853 0.7292548687552921 0.027635619242579325 0.018204911092294666
200 0.4907881269191402 0.2201524132091448 0.02012964858410099 0.014817950889077053
149 0.7731149778232685 0.4629551227773074 0.029341521664960766 0.017781541066892465
211 0.6045718184919823 0.41490262489415747 0.016376663254861822 0.021168501270110076
22 0.5122824974411464 0.581922099915326 0.020812009553053564 0.01905165114309907
99 0.6163425452064142 0.1964436917866215 0.026270897304674173 0.021591871295512276
224 0.5694302285909246 0.2239627434377646 0.021153190037529853 0.01693480101608806
76 0.604230638007506 0.46824724809483487 0.03548277038553395 0.02497883149872989
118 0.7562265438416923 0.3848433530906012 0.03309450699419993 0.01947502116850127
185 0.7761856021835551 0.35658340389500426 0.029341521664960766 0.01629974597798476
99 0.8451040600477653 0.43416596104995764 0.02183555100648243 0.02201524132091448
32 0.5238826339133401 0.6056308213378493 0.031047424087342203 0.02201524132091448
224 0.8454452405322416 0.6172734970364098 0.017741385192766974 0.021168501270110076
22 0.7178437393381099 0.20205334462320068 0.021153190037529853 0.01672311600338696
224 0.5102354145342887 0.7870448772226927 0.0255885363357216 0.02032176121930567
119 0.7741385192766974 0.17485182049110923 0.03138860457181849 0.015664690939881456
44 0.8079153872398499 0.3563717188823031 0.03138860457181849 0.015876375952582556
6 0.644660525417946 0.6689246401354784 0.02490617536676902 0.020745131244707875
13 0.5742067553735927 0.5565198983911939 0.03207096554077107 0.018628281117696866
224 0.6328897987035141 0.6382303132938189 0.02320027294438758 0.018204911092294666
211 0.5899010576595018 0.3854784081287045 0.017059024223814397 0.01905165114309907
22 0.7330262708973047 0.25222269263336156 0.019447287615148412 0.018416596104995766
119 0.5013647219379052 0.16458509737510585 0.026270897304674173 0.012912785774767146
22 0.6332309791879904 0.33202794242167655 0.022517911975435005 0.020533446232006775
200 0.678949164107813 0.19887806943268416 0.021153190037529853 0.014606265876375953
110 0.7823268509041282 0.6148391193903472 0.023882633913340157 0.014606265876375953
200 0.49590583418628453 0.6119813717188823 0.026953258273626747 0.017781541066892465
160 0.8219037871033776 0.6200254022015241 0.02456499488229273 0.02582557154953429
224 0.4957352439440464 0.24968247248094835 0.021153190037529853 0.01968670618120237
160 0.4646878198567042 0.5822396274343776 0.03207096554077107 0.02519051651143099
119 0.7882975093824633 0.4085520745131245 0.0255885363357216 0.018628281117696866
58 0.784373933810986 0.15389500423370026 0.03207096554077107 0.01989839119390347
13 0.5800068236096895 0.6973962743437765 0.025929716820197884 0.02011007620660457
160 0.4455817127260321 0.7605842506350551 0.03616513135448653 0.018204911092294666
211 0.5783009211873081 0.3041913632514818 0.0197884680996247 0.01735817104149026
44 0.7628795632889799 0.22650296359017782 0.03002388263391334 0.014394580863674851
224 0.7475264414875469 0.27825994919559693 0.02183555100648243 0.020533446232006775
118 0.6987376322074378 0.30493226079593566 0.030706243602865915 0.01968670618120237
119 0.5441828727396792 0.7583615580016935 0.030706243602865915 0.01926333615580017
149 0.6920846127601501 0.33033446232006775 0.032412146025247356 0.02011007620660457
211 0.7726032070965541 0.20120660457239628 0.01330603889457523 0.020956816257408976
149 0.7787444558171273 0.2531752751905165 0.026953258273626747 0.01735817104149026
200 0.706243602865916 0.17284081287044878 0.015694302285909244 0.011642675698560543
200 0.759467758444217 0.49269686706181204 0.017059024223814397 0.01121930567315834
200 0.60201296485841 0.1687129551227773 0.016035482770385533 0.013124470787468248
32 0.5133060388945753 0.35446655376799324 0.03514158990105766 0.01672311600338696
118 0.46332309791879905 0.6960203217612193 0.03480040941658137 0.01735817104149026
58 0.5221767314909587 0.33033446232006775 0.04196519959058342 0.014606265876375953
22 0.5817127260320709 0.27423793395427604 0.02183555100648243 0.01926333615580017
13 0.6583077447969976 0.20215918712955122 0.026270897304674173 0.018204911092294666
118 0.6003070624360286 0.7586790855207451 0.03514158990105766 0.018204911092294666
224 0.5214943705220061 0.72692633361558 0.021494370522006142 0.02201524132091448
32 0.6392016376663255 0.2243861134631668 0.026953258273626747 0.020745131244707875
106 0.7226202661207779 0.4120448772226926 0.030706243602865915 0.01968670618120237
22 0.5209825997952917 0.8162574089754445 0.02456499488229273 0.02201524132091448
119 0.7661207778915046 0.4106689246401355 0.026270897304674173 0.01735817104149026
118 0.4421699078812692 0.6626799322607959 0.03343568747867622 0.024343776460626586
32 0.7888092801091777 0.5539796782387807 0.0395769361992494 0.018204911092294666
149 0.6016717843739338 0.3563717188823031 0.03445922893210508 0.015876375952582556
8 0.7550324121460252 0.253069432684166 0.02456499488229273 0.020956816257408976
185 0.6218014329580348 0.5514394580863675 0.0283179802115319 0.018204911092294666
176 0.5585124530876834 0.4422099915325995 0.030706243602865915 0.017781541066892465
32 0.7828386216308427 0.43522438611346315 0.03650631183896281 0.01693480101608806
7 0.5475946775844421 0.6079593564775614 0.027294438758103036 0.018204911092294666
13 0.5354827703855339 0.27423793395427604 0.026953258273626747 0.01629974597798476
22 0.4505288297509382 0.19316257408975446 0.026270897304674173 0.01672311600338696
200 0.6608665984305697 0.35817104149026247 0.016376663254861822 0.01397121083827265
200 0.6276015011941317 0.5228619813717189 0.027635619242579325 0.020745131244707875
