13 0.4447799827437446 0.5451416468096373 0.01725625539257981 0.022239872915011914
118 0.2875323554788611 0.5033095048980673 0.025021570319240724 0.026476039184537992
200 0.6024590163934426 0.4920571882446386 0.019413287316652286 0.023563674874238813
211 0.1643658326143227 0.7258406142441091 0.010785159620362382 0.023563674874238813
118 0.6899266609145815 0.5868414085252847 0.023943054357204487 0.03680169446650781
13 0.45459447799827435 0.45710881652104846 0.020491803278688523 0.024093195657929573
224 0.5781924072476272 0.5238284352660842 0.018334771354616048 0.02938840349483717
118 0.525237273511648 0.4009796134498279 0.02113891285591027 0.025681758009001854
176 0.6755823986194995 0.4049510193275086 0.025021570319240724 0.025152237225311094
200 0.7207722174288179 0.5266084193804607 0.018766177739430543 0.027005559968228753
185 0.49762726488352027 0.6126555467302092 0.01725625539257981 0.028594122319301033
13 0.7613244176013805 0.46068308181096107 0.016609145815358068 0.022239872915011914
7 0.41220880069025023 0.5496425734710088 0.016824849007765316 0.028594122319301033
118 0.19812338222605694 0.5043685464654488 0.023080241587575497 0.022769393698702674
22 0.713006902502157 0.5909451945988881 0.022217428817946507 0.032300767805136354
118 0.15476704055220017 0.5060894890124438 0.023943054357204487 0.03415409054805401
211 0.5272864538395168 0.5214455917394758 0.006686798964624676 0.024622716441620333
7 0.5130500431406385 0.5187979878210219 0.021354616048317517 0.024093195657929573
58 0.5244823123382226 0.4903362456976436 0.020491803278688523 0.017474185861795076
119 0.7028688524590164 0.5578501456182156 0.020491803278688523 0.025416997617156472
58 0.6542277825711821 0.49404289118347894 0.019413287316652286 0.023298914482393435
106 0.5609361518550474 0.43076515753243316 0.018334771354616048 0.024887476833465715
58 0.42008196721311475 0.40031771247021447 0.026962899050905955 0.028064601535610273
211 0.691220880069025 0.49536669314270587 0.009275237273511648 0.024887476833465715
22 0.25830457290767905 0.5022504633306857 0.017471958584987058 0.024357956049774955
6 0.6653364969801553 0.5251522372253111 0.020491803278688523 0.02832936192745565
119 0.4276315789473684 0.577310034418851 0.018334771354616048 0.026740799576383374
22 0.5044219154443486 0.54871591209955 0.020060396893874028 0.023034154090548053
211 0.4323770491803279 0.5198570293884035 0.012295081967213115 0.025152237225311094
200 0.4135030198446937 0.43116229812020124 0.019413287316652286 0.024093195657929573
7 0.22530198446937014 0.4457241196716971 0.017903364969801553 0.022504633306857293
7 0.14667817083692838 0.6016679904686258 0.016824849007765316 0.025681758009001854
22 0.6361087144089732 0.492321948636484 0.016824849007765316 0.024093195657929573
7 0.17881794650560828 0.6330420969023034 0.01984469370146678 0.026476039184537992
7 0.7357635893011216 0.4715382578766217 0.019413287316652286 0.021710352131321154
22 0.6847497842968076 0.5571882446386021 0.020060396893874028 0.025681758009001854
7 0.612381363244176 0.4308975377283558 0.02070750647109577 0.026740799576383374
119 0.46505608283002586 0.39899391051098754 0.01984469370146678 0.022769393698702674
22 0.74137187230371 0.5029123643102992 0.02200172562553926 0.026740799576383374
160 0.6824849007765315 0.5230341540905481 0.024158757549611734 0.025681758009001854
118 0.3931190681622088 0.5158856235107228 0.022217428817946507 0.027270320360074134
7 0.1857204486626402 0.4457241196716971 0.019413287316652286 0.03309504898067249
7 0.7219585849870578 0.5583796664019063 0.01984469370146678 0.028064601535610273
7 0.46451682484900775 0.5803547789250728 0.017903364969801553 0.028594122319301033
119 0.16479723899913717 0.6016679904686258 0.0181190681622088 0.024093195657929573
22 0.5835849870578085 0.4593592798517342 0.018334771354616048 0.024887476833465715
13 0.7684426229508197 0.5312417262377548 0.02739430543572045 0.024093195657929573
119 0.18097497842968077 0.6016679904686258 0.019413287316652286 0.024093195657929573
224 0.7559318377911993 0.5603653693407467 0.017903364969801553 0.02938840349483717
76 0.5775452976704055 0.401376754037596 0.029551337359792925 0.027535080751919513
200 0.5042062122519413 0.40005295207836905 0.022648835202761 0.025946518400847232
8 0.7704918032786885 0.44638602065131056 0.015530629853321829 0.030182684670373314
22 0.40972821397756687 0.6726237754831877 0.026962899050905955 0.024093195657929573
149 0.2629421915444349 0.4458564998676198 0.02545297670405522 0.024887476833465715
200 0.13470664365832613 0.5084723325390521 0.023943054357204487 0.02938840349483717
22 0.5230802415875755 0.46068308181096107 0.02070750647109577 0.024887476833465715
160 0.5011863675582399 0.5787662165740005 0.02092320966350302 0.028064601535610273
185 0.4682916307161346 0.6110669843791369 0.01898188093183779 0.028594122319301033
118 0.5616911130284729 0.4880857823669579 0.01984469370146678 0.023563674874238813
44 0.14667817083692838 0.7274291765951814 0.02459016393442623 0.021975112523166536
211 0.4297886108714409 0.4303680169446651 0.009706643658326143 0.024093195657929573
118 0.6340595340811044 0.43328038125496426 0.02351164797238999 0.026740799576383374
106 0.18054357204486626 0.7251787132644957 0.02070750647109577 0.022769393698702674
22 0.6966134598792062 0.46730209160709557 0.018766177739430543 0.022239872915011914
118 0.16512079378774805 0.5717500661900979 0.02998274374460742 0.02779984114376489
200 0.4909404659188956 0.43050039714058774 0.016824849007765316 0.022769393698702674
118 0.7877480586712683 0.5048980672491395 0.028472821397756688 0.028064601535610273
22 0.5441113028472822 0.4903362456976436 0.018334771354616048 0.028064601535610273
13 0.7228213977566867 0.49920571882446385 0.01725625539257981 0.024622716441620333
149 0.6122735116479724 0.4004500926661371 0.020491803278688523 0.034683611331744774
119 0.6213330457290768 0.49364575059571086 0.018334771354616048 0.024093195657929573
149 0.22120362381363246 0.5045009266613715 0.02178602243313201 0.021445591739475776
76 0.44704486626402073 0.48848292295472595 0.024805867126833477 0.025416997617156472
200 0.1404227782571182 0.6315859147471539 0.02200172562553926 0.025152237225311094
200 0.19467213114754098 0.5959756420439503 0.019197584124245038 0.023298914482393435
16 0.5406600517687662 0.5201217897802489 0.020060396893874028 0.026740799576383374
110 0.6353537532355479 0.521313211543553 0.014020707506471096 0.028064601535610273
22 0.5015099223468508 0.4896743447180302 0.016824849007765316 0.020916070955785016
99 0.4841458153580673 0.4904686258935663 0.016177739430543573 0.03203600741329097
8 0.204702329594478 0.4140852528461742 0.030629853321829163 0.04289118347895155
22 0.5784081104400345 0.4326184802753508 0.014452113891285591 0.024887476833465715
211 0.6003019844693701 0.46266878474980144 0.012942191544434857 0.026211278792692614
200 0.7642364106988784 0.5045009266613715 0.016824849007765316 0.020916070955785016
160 0.4296807592752373 0.5476568705321684 0.01725625539257981 0.023563674874238813
44 0.4125323554788611 0.6433677521842732 0.02911993097497843 0.025416997617156472
185 0.1408541846419327 0.6879798782102198 0.0362381363244176 0.025152237225311094
13 0.47476272648835205 0.4271908922425205 0.016824849007765316 0.021445591739475776
58 0.7010353753235548 0.528196981731533 0.028904227782571183 0.030182684670373314
200 0.6571397756686799 0.4038919777601271 0.018766177739430543 0.021445591739475776
160 0.5446505608283002 0.3999205718824464 0.022433132010353754 0.030447445062218692
118 0.4479076790336497 0.6086841408525284 0.022648835202761 0.018003706645485836
22 0.755716134598792 0.5889594916600477 0.023943054357204487 0.03256552819698173
22 0.4585849870578085 0.4298384961609743 0.014667817083692839 0.021445591739475776
119 0.4456427955133736 0.5757214720677787 0.01898188093183779 0.026211278792692614
211 0.17234685073339084 0.6889065395816786 0.01984469370146678 0.029123643102991793
200 0.17267040552200172 0.5046333068572941 0.026531492666091457 0.03759597564204395
99 0.5956643658326143 0.43208895949166004 0.015746333045729078 0.024357956049774955
13 0.676337359792925 0.46465448768864176 0.020491803278688523 0.024887476833465715
224 0.442946505608283 0.43076515753243316 0.016609145815358068 0.024887476833465715
58 0.4130716134598792 0.46015356102727034 0.021570319240724764 0.024887476833465715
22 0.4677523727351165 0.4904686258935663 0.018766177739430543 0.024093195657929573
106 0.5835849870578085 0.4907333862854117 0.022648835202761 0.024622716441620333
224 0.24104831751509923 0.5029123643102992 0.015746333045729078 0.027270320360074134
58 0.5011863675582399 0.4613449827905745 0.022217428817946507 0.027270320360074134
224 0.7388912855910268 0.5594387079692877 0.016177739430543573 0.027535080751919513
44 0.20254529767040552 0.6869208366428382 0.03968938740293356 0.020916070955785016
44 0.7915228645383952 0.4450622186920837 0.029551337359792925 0.028594122319301033
7 0.442946505608283 0.401376754037596 0.015746333045729078 0.027535080751919513
44 0.7023295944779983 0.40561292030712204 0.03537532355478861 0.024887476833465715
211 0.26973684210526316 0.5029123643102992 0.009275237273511648 0.025681758009001854
22 0.4842536669542709 0.6104050833995235 0.019413287316652286 0.026211278792692614
224 0.48252804141501293 0.579428117553614 0.01725625539257981 0.024093195657929573
118 0.16878774805867128 0.6620333598093725 0.032571182053494394 0.02779984114376489
58 0.6003019844693701 0.522239872915012 0.02372735116479724 0.027270320360074134
22 0.7535591026747196 0.44281175536139794 0.016177739430543573 0.026740799576383374
58 0.7160267471958585 0.4695525549377813 0.023080241587575497 0.024093195657929573
16 0.15908110440034512 0.6334392374900715 0.020491803278688523 0.027270320360074134
110 0.5189818809318378 0.5810166799046863 0.015962036238136326 0.02832936192745565
118 0.29130716134598794 0.4462536404553879 0.02739430543572045 0.025681758009001854
185 0.4501725625539258 0.5186656076250993 0.019413287316652286 0.020121789780248873
44 0.41468938740293354 0.5190627482128674 0.020491803278688523 0.026740799576383374
160 0.6714840379637619 0.43460418321419114 0.018550474547023296 0.02885888271114641
13 0.4855478861087144 0.5484511517077045 0.01898188093183779 0.026211278792692614
185 0.566544434857636 0.46002118083134763 0.016609145815358068 0.023563674874238813
76 0.7313416738567731 0.44082605242255757 0.026962899050905955 0.03600741329097167
149 0.777825711820535 0.47736298649722003 0.019413287316652286 0.022769393698702674
13 0.6906816220880069 0.4379136881122584 0.01898188093183779 0.024887476833465715
22 0.410267471958585 0.488880063542494 0.01725625539257981 0.023563674874238813
200 0.7050258843830889 0.4969552554937781 0.016177739430543573 0.025416997617156472
160 0.7440681622088007 0.5266084193804607 0.019628990509059533 0.019062748212867357
118 0.5458369283865401 0.45816785808842997 0.022648835202761 0.026211278792692614
99 0.17871009490940465 0.41474715382578764 0.019197584124245038 0.030976965845909452
118 0.6288826574633305 0.39925867090283296 0.018334771354616048 0.028064601535610273
106 0.19952545297670404 0.7253110934604183 0.019413287316652286 0.025152237225311094
185 0.24385245901639344 0.44651840084723327 0.017471958584987058 0.025152237225311094
211 0.14549180327868852 0.5694996028594123 0.010569456427955135 0.026476039184537992
118 0.21742881794650562 0.5951813608684141 0.02631578947368421 0.024887476833465715
44 0.47648835202761003 0.4579030976965846 0.02113891285591027 0.017738946253640454
211 0.206427955133736 0.44228223457770716 0.030629853321829163 0.02832936192745565
44 0.465595340811044 0.5464654487688642 0.02739430543572045 0.023298914482393435
7 0.651962899050906 0.5201217897802489 0.018334771354616048 0.026740799576383374
7 0.4108067299396031 0.5787662165740005 0.018334771354616048 0.028064601535610273
211 0.6434426229508197 0.3999205718824464 0.006902502157031924 0.03256552819698173
22 0.7111734253666955 0.44122319301032564 0.017687661777394306 0.026211278792692614
149 0.7753451251078516 0.5646015356102727 0.02092320966350302 0.03256552819698173
7 0.6328731665228645 0.4633306857294149 0.014667817083692839 0.024887476833465715
13 0.7336065573770492 0.5914747153825788 0.0181190681622088 0.028594122319301033
224 0.6154012079378774 0.4613449827905745 0.01725625539257981 0.023563674874238813
22 0.4701251078515962 0.5181360868414085 0.020491803278688523 0.025416997617156472
200 0.42730802415875757 0.6084193804606831 0.017687661777394306 0.024887476833465715
106 0.49169542709232095 0.5199894095843262 0.024805867126833477 0.028064601535610273
32 0.4270923209663503 0.4894095843261848 0.01725625539257981 0.026211278792692614
22 0.527502157031924 0.4314270585120466 0.016177739430543573 0.024622716441620333
7 0.6531492666091459 0.43566322478157266 0.015099223468507334 0.026740799576383374
118 0.652825711820535 0.46266878474980144 0.022217428817946507 0.023563674874238813
119 0.10547886108714409 0.5064866296002118 0.030198446937014668 0.03335980937251787
224 0.2400776531492666 0.41620333598093723 0.02113891285591027 0.026476039184537992
149 0.1322260569456428 0.6616362192216044 0.027178602243313203 0.03547789250728091
44 0.22767471958584987 0.7246491924808048 0.03731665228645384 0.023298914482393435
149 0.43539689387402936 0.45869737887212075 0.022217428817946507 0.023563674874238813
13 0.41242450388265744 0.6077574794810696 0.021570319240724764 0.026211278792692614
22 0.6202545297670405 0.5215779719353985 0.016177739430543573 0.024887476833465715
149 0.14883520276100087 0.4747153825787662 0.031492666091458156 0.03441885093989939
118 0.5101380500431406 0.4301032565528197 0.019413287316652286 0.024622716441620333
200 0.6745038826574633 0.4937781307916336 0.02113891285591027 0.022769393698702674
