99 0.7857815442561206 0.5063074620483216 0.018518518518518517 0.024374599101988453
22 0.9077212806026366 0.5071627111396194 0.03327055869428751 0.022664100919392773
7 0.6059322033898306 0.528330126149241 0.02793471437539234 0.023946974556339533
200 0.9022284996861268 0.6369467607440668 0.028562460765850596 0.024374599101988453
106 0.4731638418079096 0.4654693179388497 0.03044569993722536 0.01967072909985033
118 0.46767106089139987 0.5289715629677143 0.03389830508474576 0.021808851828094934
58 0.8882611424984307 0.6038058584562754 0.04268675455116133 0.023946974556339533
7 0.8025737602008789 0.44430190292922817 0.03515379786566227 0.023519350010690613
224 0.5276208411801632 0.40731237973059653 0.031387319522912745 0.023946974556339533
22 0.4872881355932203 0.4981825956809921 0.029817953546767105 0.022664100919392773
6 0.762241054613936 0.5674577720761171 0.031073446327683617 0.024374599101988453
7 0.5535153797865662 0.5321787470600813 0.028562460765850596 0.025657472738935216
6 0.461864406779661 0.49583066067992304 0.029817953546767105 0.023946974556339533
149 0.8367859384808537 0.5688475518494761 0.0389202762084118 0.026298909557408594
224 0.9325172630257376 0.572909985033141 0.030759573132454487 0.025016035920461834
200 0.5050219711236661 0.4680350652127432 0.032015065913371 0.023946974556339533
6 0.7027620841180163 0.6337395766516998 0.029504080351537978 0.021381227282446014
22 0.6555241682360327 0.3762026940346376 0.03295668549905838 0.028437032285653197
58 0.8494978028876334 0.603592046183451 0.038606403013182675 0.023519350010690613
200 0.4537037037037037 0.4022877913192217 0.029817953546767105 0.022877913192217235
22 0.7120213433772756 0.5993158007269618 0.028562460765850596 0.020953602736797094
22 0.4088198367859385 0.45969638657258927 0.02793471437539234 0.024374599101988453
7 0.6570935342121783 0.6632456703014753 0.031073446327683617 0.031216591832371177
99 0.6461079723791588 0.4708146247594612 0.02102950408035154 0.020953602736797094
32 0.6131512868801005 0.46675219157579645 0.03672316384180791 0.029506093649775498
8 0.6501883239171374 0.49925165704511437 0.027306967984934087 0.023091725465041693
7 0.4904268675455116 0.5281163138764166 0.024795982423101066 0.023519350010690613
22 0.8127746390458255 0.6008124866367329 0.02919020715630885 0.021381227282446014
106 0.4774011299435028 0.43510797519777633 0.03766478342749529 0.022236476373743853
22 0.7308537350910232 0.664956168484071 0.02793471437539234 0.020953602736797094
119 0.5266792215944758 0.46953175112251444 0.032015065913371 0.023519350010690613
118 0.4697112366603892 0.37032285653196495 0.03170119271814187 0.021381227282446014
211 0.5062774639045825 0.40485353859311524 0.011299435028248588 0.022877913192217235
7 0.5065913370998116 0.4366046611075476 0.028876333961079723 0.02009835364549925
22 0.7969240426867545 0.6662390421210177 0.03327055869428751 0.023519350010690613
32 0.8749215317011927 0.506521274321146 0.037350910232266166 0.023091725465041693
200 0.8457313245448839 0.63566388710712 0.029817953546767105 0.023519350010690613
224 0.6696484620213434 0.4057087876844131 0.029817953546767105 0.023733162283515075
22 0.7274011299435028 0.4107333760957879 0.028562460765850596 0.026512721830233055
185 0.7052730696798494 0.5330339961513791 0.032015065913371 0.023091725465041693
7 0.7263025737602009 0.6326705152875776 0.029504080351537978 0.023519350010690613
119 0.7545511613308223 0.413085311096857 0.02824858757062147 0.026940346375881975
13 0.8680163214061519 0.5718409236690186 0.027306967984934087 0.026298909557408594
200 0.8921845574387948 0.5718409236690186 0.028562460765850596 0.022877913192217235
160 0.5252667922159447 0.5612572161642079 0.03044569993722536 0.027367970921530895
13 0.626647834274953 0.40581569382082533 0.02919020715630885 0.020953602736797094
44 0.5637162586315129 0.40485353859311524 0.04833647206528562 0.02202266410091939
22 0.9493094789704959 0.5400898011545863 0.023540489642184557 0.02009835364549925
211 0.5105147520401758 0.5308958734231345 0.019146264908976772 0.028223220012828735
200 0.8102636534839924 0.5067350865939705 0.03044569993722536 0.021808851828094934
13 0.7762084118016321 0.4430190292922814 0.032015065913371 0.01924310455420141
224 0.704331450094162 0.5005345306820611 0.031387319522912745 0.023091725465041693
99 0.5538292529817953 0.4387427838357922 0.01726302573760201 0.022664100919392773
211 0.9118016321406152 0.5733376095787899 0.009416195856873822 0.023305537737866155
160 0.6680790960451978 0.4712422493051101 0.025423728813559324 0.020953602736797094
160 0.6526993094789705 0.5326063716057302 0.026051475204017578 0.025657472738935216
185 0.5287193973634652 0.5308958734231345 0.029817953546767105 0.026512721830233055
118 0.7639673571876961 0.6647423562112466 0.038292529817953544 0.022236476373743853
200 0.897834274952919 0.5400898011545863 0.029817953546767105 0.021808851828094934
22 0.924827369742624 0.6042334830019244 0.03044569993722536 0.023091725465041693
13 0.5276208411801632 0.4374599101988454 0.031387319522912745 0.01924310455420141
7 0.7851537978656623 0.5375240538806928 0.026051475204017578 0.021808851828094934
110 0.7641242937853108 0.538593115244815 0.023540489642184557 0.022236476373743853
22 0.4354990583804143 0.5308958734231345 0.02919020715630885 0.022236476373743853
211 0.8579723791588199 0.6694462262133847 0.016635279347143754 0.026512721830233055
7 0.7597300690521029 0.6018815480008552 0.023540489642184557 0.024374599101988453
106 0.8317639673571877 0.6679495403036134 0.0389202762084118 0.024374599101988453
119 0.751412429378531 0.6335257643788753 0.032642812303829254 0.025229848193286296
44 0.6622724419334589 0.4385289715629677 0.044569993722536096 0.02052597819114817
99 0.5618330194601381 0.5587983750267266 0.03954802259887006 0.02245028864656831
224 0.8711550533584432 0.6354500748342955 0.031073446327683617 0.02052597819114817
7 0.5265222849968613 0.37085738721402606 0.023540489642184557 0.025016035920461834
106 0.42027620841180163 0.4282659824673936 0.03452605147520402 0.028650844558477658
118 0.3855932203389831 0.49807568954457987 0.04865034526051475 0.028437032285653197
7 0.721594475831764 0.3781270044900577 0.04331450094161959 0.030147530468248876
211 0.4505649717514124 0.43296985246953174 0.01726302573760201 0.01967072909985033
176 0.8796296296296297 0.6696600384862091 0.03044569993722536 0.027795595467179815
119 0.6304143126177024 0.43831515929014325 0.03044569993722536 0.022664100919392773
224 0.928436911487759 0.6367329484712423 0.028876333961079723 0.023091725465041693
200 0.6272755806654112 0.53068206115031 0.028562460765850596 0.021808851828094934
106 0.7838983050847458 0.6335257643788753 0.037350910232266166 0.025229848193286296
99 0.7368173258003766 0.6001710498182595 0.023540489642184557 0.021808851828094934
13 0.6978970495919649 0.4079538165490699 0.03044569993722536 0.025229848193286296
185 0.49968612680477087 0.3723540731237973 0.03389830508474576 0.021167415009621552
118 0.9107030759573133 0.4774428052170195 0.028562460765850596 0.021381227282446014
149 0.44177652228499686 0.4629035706649562 0.03232893910860012 0.02052597819114817
224 0.6916195856873822 0.47145606157793457 0.02416823603264281 0.023946974556339533
224 0.6779661016949152 0.5332478084242035 0.02699309478970496 0.023519350010690613
118 0.795668549905838 0.5685268334402395 0.04080351537978657 0.023946974556339533
7 0.7299121155053359 0.5033140902287792 0.031073446327683617 0.021808851828094934
99 0.6840866290018832 0.5668163352576437 0.01977401129943503 0.025657472738935216
32 0.552887633396108 0.49925165704511437 0.03232893910860012 0.022236476373743853
110 0.9358129315756435 0.5078041479580928 0.02919020715630885 0.022236476373743853
211 0.6486189579409919 0.40699166132135983 0.014752040175768989 0.025443660466110754
13 0.6840866290018832 0.5999572375454351 0.031073446327683617 0.021381227282446014
224 0.5993408662900188 0.40485353859311524 0.02919020715630885 0.023733162283515075
160 0.5536723163841808 0.3722471669873851 0.03766478342749529 0.030788967286722257
22 0.3871625863151287 0.4254864229206756 0.03295668549905838 0.029078469104126578
6 0.9171374764595104 0.6672011973487278 0.037037037037037035 0.025871285011759674
22 0.8353735091023227 0.47637374385289716 0.03797865662272442 0.027367970921530895
22 0.7462335216572504 0.4430190292922814 0.02793471437539234 0.020953602736797094
76 0.4905838041431262 0.5623262775283301 0.04143126177024482 0.03549283728886038
22 0.7732266164469555 0.47423562112465256 0.029817953546767105 0.024374599101988453
224 0.6731010671688638 0.6326705152875776 0.031073446327683617 0.026940346375881975
224 0.9238857501569366 0.5398759888817618 0.027306967984934087 0.021381227282446014
211 0.7019774011299436 0.567350865939705 0.022284996861268048 0.028437032285653197
13 0.6009102322661645 0.5 0.03044569993722536 0.030147530468248876
22 0.7182988072818581 0.47231131066923243 0.03044569993722536 0.022236476373743853
8 0.6870684243565599 0.3748129142612786 0.037037037037037035 0.029078469104126578
13 0.7170433145009416 0.4408809065640368 0.03421217827997489 0.021808851828094934
106 0.7597300690521029 0.504596963865726 0.03483992467043315 0.025229848193286296
110 0.7465473948524796 0.47316655976053024 0.022284996861268048 0.01967072909985033
22 0.815442561205273 0.6343810134701732 0.030759573132454487 0.022664100919392773
22 0.48367859384808537 0.40314304041051957 0.030131826741996232 0.025443660466110754
118 0.8386691776522285 0.5392345520632884 0.040175768989328314 0.022664100919392773
118 0.729127432517263 0.5661748984391705 0.03640929064657878 0.026085097284584136
224 0.784526051475204 0.6005986743639085 0.027306967984934087 0.021808851828094934
200 0.42984934086629 0.49668590977122085 0.03170119271814187 0.025657472738935216
32 0.6034212178279975 0.4378875347444943 0.029817953546767105 0.023519350010690613
200 0.8698995605775267 0.5392345520632884 0.03232893910860012 0.02009835364549925
7 0.6257062146892656 0.49925165704511437 0.02919020715630885 0.02052597819114817
99 0.8066541117388575 0.47295274748770577 0.03452605147520402 0.023946974556339533
58 0.40081607030759575 0.5338892452426769 0.0389202762084118 0.023946974556339533
160 0.5508474576271186 0.4680350652127432 0.038292529817953544 0.023091725465041693
99 0.8080665411173886 0.5381654906991661 0.01977401129943503 0.021381227282446014
149 0.7374450721908349 0.5349583066067992 0.03232893910860012 0.029506093649775498
118 0.5194601381042059 0.4990378447722899 0.038292529817953544 0.021808851828094934
160 0.6928750784682988 0.6619627966645285 0.03672316384180791 0.027367970921530895
7 0.677338355304457 0.49861022022664103 0.030759573132454487 0.023519350010690613
149 0.8418079096045198 0.5078041479580928 0.03515379786566227 0.024802223647637376
200 0.5737602008788449 0.43895659610861665 0.02573760200878845 0.022236476373743853
