7 0.5018363064008394 0.4405887408680705 0.02570828961175236 0.020842286205414697
200 0.46747114375655824 0.38611946712505374 0.01888772298006296 0.018048990116029222
8 0.8439139559286464 0.38934250107434465 0.022035676810073453 0.023205844434894714
149 0.815582371458552 0.6209712075633863 0.026232948583420776 0.024495058014611087
106 0.46838929695697795 0.676299957026214 0.02911857292759706 0.02556940266437473
58 0.5814533053515215 0.3170391061452514 0.029643231899265477 0.020842286205414697
118 0.7749213011542497 0.38987967339922647 0.026232948583420776 0.023420713364847443
58 0.6391657922350472 0.8379888268156425 0.02439664218258132 0.024065320154705628
224 0.5919464847848899 0.6212935109583154 0.019150052465897165 0.022990975504941984
185 0.3830010493179433 0.6525569402664375 0.02570828961175236 0.024924795874516546
99 0.3145330535152151 0.3377739578856897 0.02938090241343127 0.027073485174043833
22 0.6273609653725079 0.38987967339922647 0.02229800629590766 0.023420713364847443
58 0.8204354669464848 0.39288783841856467 0.023871983210912908 0.024280189084658357
224 0.8241080797481637 0.31714654061022773 0.018625393494228752 0.024924795874516546
149 0.47455403987408185 0.8999785131070047 0.030430220356768102 0.026428878384185648
13 0.5072140608604407 0.5969058874086807 0.029643231899265477 0.022776106574989255
211 0.743572927597062 0.5990545767082079 0.015477439664218258 0.024065320154705628
211 0.7631164742917104 0.6947786850021487 0.013641133263378805 0.02256123764503653
118 0.5482686253934942 0.5170820799312419 0.028856243441762856 0.020842286205414697
7 0.7860703043022036 0.7162655779974215 0.03908709338929696 0.021272024065320156
99 0.700813221406086 0.7627847013321873 0.020199370409234 0.027073485174043833
211 0.8078436516264428 0.4341426729694886 0.023871983210912908 0.02943704340352385
185 0.31597586568730324 0.7472067039106145 0.02229800629590766 0.019982810485603783
118 0.4022822665267576 0.4424151267726687 0.03226652675760756 0.02019767941555651
7 0.4084470094438615 0.41706059303824666 0.0236096537250787 0.020627417275461968
118 0.6042759706190975 0.41920928233777394 0.029643231899265477 0.022776106574989255
7 0.7465897166841553 0.811345079501504 0.0236096537250787 0.022776106574989255
224 0.7427859391395593 0.34142672969488613 0.019674711437565582 0.0223463687150838
211 0.30285939139559287 0.5726256983240223 0.01757607555089192 0.024495058014611087
32 0.4475341028331584 0.6527718091963902 0.032004197271773345 0.0223463687150838
211 0.7199632738719832 0.4966695315857327 0.015477439664218258 0.022990975504941984
7 0.5263641133263379 0.62322733132789 0.02439664218258132 0.023420713364847443
118 0.6947796432318992 0.3674258702191663 0.027544596012591814 0.0223463687150838
224 0.628803777544596 0.6433175762784701 0.018363064008394544 0.024065320154705628
99 0.6690713536201469 0.4679845294370434 0.019674711437565582 0.02578427159432746
22 0.45055089192025183 0.8484099699183498 0.019150052465897165 0.027288354103996562
118 0.3717208814270724 0.722604211431027 0.025183630640083946 0.024065320154705628
58 0.5263641133263379 0.8480876665234207 0.0406610703043022 0.026643747314138374
22 0.44517313746065057 0.6738289643317577 0.023084994753410283 0.024065320154705628
211 0.35007869884575027 0.7242157284056725 0.015477439664218258 0.022990975504941984
224 0.7969569779643232 0.3413192952299098 0.0236096537250787 0.019982810485603783
118 0.37054039874081846 0.5717662226042114 0.022822665267576075 0.022776106574989255
119 0.7586568730325288 0.5468414267296949 0.0236096537250787 0.023635582294800173
106 0.6930745015739769 0.6424581005586593 0.019412381951731374 0.0223463687150838
224 0.3339454354669465 0.7215298667812634 0.013116474291710388 0.0223463687150838
224 0.4370409233997901 0.5440481306403094 0.021511017838405037 0.02019767941555651
149 0.5625655823714586 0.6713579716373013 0.027544596012591814 0.02556940266437473
7 0.41343126967471144 0.8241297808336915 0.02833158447009444 0.019553072625698324
211 0.40726652675760755 0.7998495917490331 0.013378803777544596 0.025139664804469275
22 0.4404512067156348 0.6977868500214869 0.023084994753410283 0.02170176192522561
7 0.405299055613851 0.770949720670391 0.02833158447009444 0.022776106574989255
224 0.5981112277019937 0.4911903738719381 0.02098635886673662 0.02621400945423292
200 0.4215634837355719 0.6020627417275461 0.016789087093389297 0.0223463687150838
224 0.8284365162644282 0.6930597335625268 0.0236096537250787 0.023420713364847443
13 0.8395855194123819 0.31865062311989684 0.019674711437565582 0.024065320154705628
22 0.46497901364113325 0.5179415556510528 0.024921301154249738 0.023420713364847443
118 0.7772822665267576 0.415986248388483 0.030430220356768102 0.019767941555651054
211 0.4931794333683106 0.6253760206274173 0.011017838405036727 0.02556940266437473
224 0.7489506820566632 0.4408036097980232 0.02098635886673662 0.021272024065320156
211 0.4080535152151102 0.6006660936828535 0.014428121720881428 0.027288354103996562
106 0.46773347324239245 0.8740868070477009 0.02570828961175236 0.024924795874516546
211 0.4496327387198321 0.7725612376450365 0.018363064008394544 0.022990975504941984
176 0.5570566631689402 0.5416845724108293 0.03174186778593914 0.024065320154705628
200 0.7438352570828961 0.7146540610227761 0.015477439664218258 0.021057155135367427
58 0.8007607555089192 0.5731628706489041 0.0406610703043022 0.026858616244091103
7 0.7316369359916055 0.7383970777825526 0.027806925498426022 0.020842286205414697
76 0.6274921301154249 0.46723248818220886 0.023084994753410283 0.03588311130210572
119 0.4215634837355719 0.5710141813493769 0.025183630640083946 0.029007305543618394
22 0.3364375655823715 0.5182638590459819 0.02229800629590766 0.024065320154705628
224 0.7253410283315844 0.5977653631284916 0.019412381951731374 0.0223463687150838
6 0.3613588667366212 0.7954447786850022 0.0270199370409234 0.024065320154705628
13 0.5571878279118573 0.4906532015470563 0.02833158447009444 0.017404383326171037
118 0.6358866736621196 0.3407821229050279 0.030430220356768102 0.021057155135367427
44 0.7456715634837355 0.41673828964331755 0.031217208814270724 0.019123334765792865
22 0.32214060860440713 0.6001289213579717 0.019412381951731374 0.022776106574989255
7 0.4901626442812172 0.6985388912763214 0.026495278069254984 0.0223463687150838
185 0.5335781741867786 0.5706918779544478 0.02570828961175236 0.022776106574989255
7 0.6089979013641134 0.5921787709497207 0.023871983210912908 0.0223463687150838
99 0.4855718782791186 0.4671250537172325 0.01888772298006296 0.02621400945423292
32 0.41408709338929695 0.6292436613665664 0.02439664218258132 0.021272024065320156
99 0.6817943336831059 0.41899441340782123 0.019412381951731374 0.026643747314138374
7 0.8100734522560336 0.31951009883970777 0.02570828961175236 0.02578427159432746
200 0.33040398740818466 0.4181349376880103 0.01757607555089192 0.020627417275461968
200 0.5070828961175237 0.49387623549634724 0.01888772298006296 0.017404383326171037
22 0.6810073452256034 0.7353889127632144 0.02098635886673662 0.021272024065320156
32 0.5184942287513117 0.7430167597765364 0.024921301154249738 0.0223463687150838
143 0.4657660020986359 0.7693382036957456 0.017051416579223506 0.025139664804469275
106 0.5554826862539349 0.5965835840137517 0.02229800629590766 0.023420713364847443
200 0.593389296956978 0.7392565535023635 0.01626442812172088 0.019123334765792865
13 0.6945173137460651 0.5668242372152986 0.022822665267576075 0.020627417275461968
224 0.3715897166841553 0.5983025354533734 0.02229800629590766 0.021272024065320156
119 0.3011542497376705 0.6028147829823808 0.022560335781741866 0.025139664804469275
118 0.3542759706190976 0.4941985388912763 0.03226652675760756 0.02019767941555651
200 0.6467733473242392 0.6424581005586593 0.01757607555089192 0.018908465835840136
99 0.7381951731374606 0.8621615814353244 0.02570828961175236 0.024280189084658357
76 0.35965372507869886 0.44520842286205414 0.01888772298006296 0.03094112591319295
22 0.5232161594963274 0.5177266867211001 0.02229800629590766 0.019553072625698324
224 0.7157660020986358 0.5181564245810056 0.01757607555089192 0.022990975504941984
149 0.6051941238195173 0.6465406102277611 0.027806925498426022 0.024065320154705628
99 0.38667366211962223 0.7465620971207564 0.015739769150052464 0.025139664804469275
200 0.6841552990556139 0.5166523420713365 0.018363064008394544 0.015255694026643748
16 0.44097586568730324 0.5168672110012892 0.023084994753410283 0.02556940266437473
211 0.7212749213011542 0.31897292651482595 0.010230849947534103 0.023420713364847443
13 0.3099422875131165 0.4216802750322303 0.02439664218258132 0.023420713364847443
200 0.6626442812172089 0.5405027932960894 0.02098635886673662 0.019553072625698324
211 0.8774921301154249 0.322518263859046 0.018363064008394544 0.034808766652342074
7 0.3894281217208814 0.6741512677266868 0.024921301154249738 0.023420713364847443
22 0.6984522560335782 0.8143532445208422 0.026495278069254984 0.0223463687150838
106 0.7753147953830011 0.36635152556940265 0.027544596012591814 0.024495058014611087
118 0.6231636935991606 0.5658573270305114 0.024921301154249738 0.025139664804469275
7 0.7012067156348374 0.7158358401375161 0.022560335781741866 0.021272024065320156
224 0.8050891920251836 0.6688869789428449 0.020461699895068207 0.022776106574989255
200 0.6089979013641134 0.4665878813923507 0.018100734522560336 0.019553072625698324
7 0.604800629590766 0.8677481736140954 0.018100734522560336 0.028147829823807476
118 0.4573714585519412 0.6283841856467555 0.0270199370409234 0.027288354103996562
211 0.6836306400839455 0.6662011173184358 0.019412381951731374 0.03373442200257843
7 0.583420776495278 0.3915986248388483 0.018363064008394544 0.02556940266437473
118 0.4817681007345226 0.5990545767082079 0.024921301154249738 0.019767941555651054
224 0.6636935991605456 0.6947786850021487 0.01888772298006296 0.023420713364847443
22 0.5802728226652676 0.49043833261710357 0.01888772298006296 0.021272024065320156
224 0.44110703043022037 0.6003437902879244 0.02229800629590766 0.0223463687150838
7 0.6163431269674712 0.44005156854318866 0.019674711437565582 0.022776106574989255
185 0.5179695697796433 0.46691018478727975 0.022822665267576075 0.024495058014611087
13 0.6947796432318992 0.6225827245380318 0.029643231899265477 0.023420713364847443
119 0.5141657922350472 0.6745810055865922 0.02833158447009444 0.023420713364847443
44 0.54800629590766 0.8743016759776536 0.028856243441762856 0.023205844434894714
119 0.7657397691500525 0.6229050279329609 0.02570828961175236 0.02191663085517834
99 0.642707240293809 0.3689299527288354 0.02098635886673662 0.028362698753760206
200 0.6286726128016789 0.4175977653631285 0.019150052465897165 0.019553072625698324
7 0.3104669464847849 0.7932960893854749 0.027544596012591814 0.019767941555651054
118 0.723504721930745 0.6681349376880104 0.027806925498426022 0.021272024065320156
119 0.5371196222455404 0.8168242372152986 0.0270199370409234 0.025139664804469275
160 0.4559286463798531 0.7449505801461108 0.02833158447009444 0.020627417275461968
119 0.3318467995802728 0.6528792436613665 0.025183630640083946 0.023420713364847443
22 0.583420776495278 0.5397507520412549 0.026232948583420776 0.024495058014611087
118 0.4391395592864638 0.46443919209282336 0.027806925498426022 0.025139664804469275
118 0.6504459601259182 0.6186076493339063 0.023871983210912908 0.024065320154705628
211 0.4922612801678909 0.8739793725827245 0.02334732423924449 0.02170176192522561
22 0.5372507869884575 0.6495487752470993 0.023084994753410283 0.0223463687150838
211 0.49121196222455404 0.792436613665664 0.012329485834207765 0.024495058014611087
119 0.4308761804826863 0.7698753760206274 0.0270199370409234 0.02191663085517834
32 0.5811909758656874 0.7201332187365707 0.01757607555089192 0.023420713364847443
32 0.669202518363064 0.5671465406102277 0.0236096537250787 0.026858616244091103
200 0.5733210912906611 0.6218306832831972 0.019674711437565582 0.02191663085517834
160 0.7145855194123819 0.8669961323592609 0.022560335781741866 0.026643747314138374
110 0.5219045120671564 0.8954662655779975 0.030167890870933894 0.02170176192522561
22 0.6610703043022036 0.3146755479157714 0.0236096537250787 0.02556940266437473
99 0.294202518363064 0.74881822088526 0.0270199370409234 0.021057155135367427
211 0.575813221406086 0.5955092393639879 0.02098635886673662 0.02556940266437473
76 0.40018363064008394 0.3909540180489901 0.024921301154249738 0.037602062741727546
7 0.633788037775446 0.7576278470133219 0.02570828961175236 0.028792436613665665
160 0.42379328436516267 0.38912763214439194 0.024921301154249738 0.022776106574989255
22 0.4661594963273872 0.46443919209282336 0.0236096537250787 0.02170176192522561
200 0.4286463798530955 0.44026643747314137 0.01888772298006296 0.02019767941555651
119 0.593520461699895 0.594327460249248 0.01285414480587618 0.024495058014611087
22 0.6008656873032528 0.5663944993553932 0.023871983210912908 0.020627417275461968
7 0.7750524658971668 0.4368285345938977 0.03226652675760756 0.024065320154705628
211 0.6772035676810073 0.5911044262999571 0.02229800629590766 0.03223033949290933
211 0.6365424973767051 0.6700687580575849 0.014952780692549843 0.02943704340352385
119 0.5385624344176285 0.6740438332617104 0.020461699895068207 0.026643747314138374
118 0.486096537250787 0.7206703910614525 0.028856243441762856 0.0223463687150838
211 0.7599685204616999 0.6467554791577138 0.01416579223504722 0.026643747314138374
119 0.5886673662119623 0.6724323162870649 0.02833158447009444 0.02556940266437473
118 0.7048793284365162 0.7380747743876236 0.02833158447009444 0.0223463687150838
7 0.3065320041972718 0.6500859475719811 0.029643231899265477 0.024709926944563816
118 0.3462749213011542 0.39181349376880104 0.02570828961175236 0.020842286205414697
7 0.5722717733473243 0.5157928663515255 0.029643231899265477 0.023420713364847443
211 0.5154774396642182 0.8181134507950151 0.00944386149003148 0.026858616244091103
22 0.7016002098635886 0.6890846583584014 0.021773347324239245 0.024924795874516546
22 0.4817681007345226 0.7684787279759346 0.020199370409234 0.023420713364847443
224 0.62001573976915 0.6678126342930812 0.019674711437565582 0.02621400945423292
118 0.7404249737670514 0.31865062311989684 0.02439664218258132 0.024065320154705628
118 0.6680220356768101 0.6435324452084229 0.026495278069254984 0.0223463687150838
200 0.5402675760755509 0.7693382036957456 0.024921301154249738 0.023850451224752902
6 0.7303252885624344 0.3682853459389772 0.014690451206715634 0.02191663085517834
7 0.7179958027282266 0.41684572410829396 0.02570828961175236 0.024495058014611087
99 0.593389296956978 0.4658358401375161 0.018363064008394544 0.026643747314138374
200 0.6431007345225603 0.6963902019767941 0.019674711437565582 0.024495058014611087
22 0.5347586568730325 0.5422217447357112 0.023871983210912908 0.025139664804469275
32 0.479800629590766 0.4411259131929523 0.025183630640083946 0.022776106574989255
200 0.6167366211962224 0.6172110012892136 0.02098635886673662 0.016974645466265578
22 0.3046956977964323 0.36882251826385903 0.01757607555089192 0.025139664804469275
32 0.4580272822665268 0.5473785990545768 0.02570828961175236 0.02556940266437473
211 0.7734784889821616 0.8369144821658788 0.02124868835257083 0.023205844434894714
32 0.33499475341028334 0.47045552213149977 0.025183630640083946 0.027288354103996562
118 0.7645592864637986 0.6006660936828535 0.027544596012591814 0.02599914052428019
44 0.4913431269674711 0.41437473141383757 0.02728226652675761 0.022990975504941984
7 0.47088142707240294 0.6511602922217448 0.02833158447009444 0.023420713364847443
7 0.4891133263378804 0.6743661366566395 0.021773347324239245 0.019553072625698324
118 0.5299055613850997 0.4933390631714654 0.027806925498426022 0.02621400945423292
224 0.7949895068205667 0.8638805328749463 0.02806925498426023 0.026858616244091103
200 0.3555876180482686 0.7704125483455092 0.019674711437565582 0.020842286205414697
211 0.6723504721930745 0.8705414697034809 0.019412381951731374 0.028577567683712935
32 0.3975603357817419 0.570477009024495 0.0270199370409234 0.026643747314138374
224 0.7388509968520461 0.5712290502793296 0.02229800629590766 0.022990975504941984
211 0.6891395592864638 0.49441340782122906 0.00944386149003148 0.022776106574989255
119 0.6152938090241343 0.5157928663515255 0.02911857292759706 0.021272024065320156
118 0.9085781741867786 0.39181349376880104 0.027544596012591814 0.027288354103996562
7 0.5731899265477439 0.41920928233777394 0.02728226652675761 0.024065320154705628
13 0.4922612801678909 0.5706918779544478 0.020199370409234 0.02621400945423292
149 0.8031217208814271 0.6933820369574559 0.0270199370409234 0.02621400945423292
160 0.3626705141657922 0.7465620971207564 0.021773347324239245 0.019123334765792865
58 0.49554039874081846 0.5196605070906747 0.03305351521511018 0.019123334765792865
13 0.31374606505771246 0.5195530726256983 0.02570828961175236 0.0223463687150838
22 0.656479538300105 0.8131714654061023 0.02229800629590766 0.023420713364847443
149 0.41041448058761804 0.4676622260421143 0.0270199370409234 0.027288354103996562
22 0.37329485834207765 0.33626987537602065 0.02465897166841553 0.030081650193382038
106 0.5691238195173137 0.4649763644177052 0.02911857292759706 0.024924795874516546
200 0.8015477439664218 0.3914911903738719 0.01757607555089192 0.022776106574989255
149 0.6622507869884575 0.7881392350666093 0.020199370409234 0.02578427159432746
200 0.7282266526757608 0.6920928233777396 0.0236096537250787 0.0223463687150838
32 0.7902675760755509 0.3173614095401805 0.02229800629590766 0.030081650193382038
99 0.6356243441762854 0.6163515255694026 0.018363064008394544 0.022990975504941984
7 0.7810860440713536 0.7375376020627418 0.024921301154249738 0.023420713364847443
200 0.8053515215110179 0.6452513966480447 0.016789087093389297 0.02019767941555651
106 0.4660283315844701 0.4156639449935539 0.024921301154249738 0.021272024065320156
13 0.6410020986358866 0.7881392350666093 0.02229800629590766 0.026643747314138374
7 0.5322665267576075 0.33498066179630426 0.023084994753410283 0.019767941555651054
22 0.3123032528856243 0.46991834980661795 0.022822665267576075 0.027073485174043833
211 0.6991080797481637 0.5184787279759346 0.01416579223504722 0.024495058014611087
58 0.691894018887723 0.5425440481306403 0.0338405036726128 0.0223463687150838
99 0.5825026232948584 0.6467554791577138 0.019150052465897165 0.026643747314138374
7 0.3910020986358867 0.7973785990545768 0.021773347324239245 0.02578427159432746
118 0.808105981112277 0.5432960893854749 0.026495278069254984 0.022990975504941984
200 0.7708551941238195 0.7633218736570692 0.017051416579223506 0.022990975504941984
224 0.3731636935991606 0.6289213579716373 0.024921301154249738 0.024065320154705628
7 0.723504721930745 0.6216158143532445 0.025183630640083946 0.0223463687150838
211 0.665398740818468 0.3405672539750752 0.028593913955928647 0.024065320154705628
176 0.3755246589716684 0.7001504082509669 0.029643231899265477 0.021272024065320156
200 0.7168153200419727 0.36581435324452083 0.013378803777544596 0.023420713364847443
224 0.31348373557187825 0.545981951009884 0.02098635886673662 0.022776106574989255
200 0.34024134312696747 0.7461323592608509 0.023084994753410283 0.01826385904598195
58 0.3203043022035677 0.7006875805758487 0.03462749213011543 0.02019767941555651
118 0.44792759706190977 0.795981951009884 0.02439664218258132 0.022990975504941984
119 0.5145592864637986 0.699613235926085 0.024921301154249738 0.0223463687150838
185 0.4329748163693599 0.7465620971207564 0.028593913955928647 0.027288354103996562
224 0.7052728226652676 0.3170391061452514 0.021773347324239245 0.025139664804469275
160 0.6028331584470095 0.5427589170605931 0.02570828961175236 0.024924795874516546
149 0.5848635886673662 0.7906102277610657 0.02911857292759706 0.025139664804469275
118 0.4521248688352571 0.4416630855178341 0.02911857292759706 0.023850451224752902
211 0.5007869884575026 0.469058874086807 0.011542497376705142 0.026643747314138374
200 0.7725603357817419 0.6447142243231628 0.01626442812172088 0.021272024065320156
185 0.7413431269674712 0.6435324452084229 0.02570828961175236 0.024495058014611087
160 0.34653725078698844 0.5985174043833261 0.025183630640083946 0.02599914052428019
118 0.6585781741867786 0.6683498066179631 0.03174186778593914 0.027288354103996562
200 0.8145330535152151 0.36484744305973354 0.02098635886673662 0.0223463687150838
118 0.4947534102833158 0.3852599914052428 0.02570828961175236 0.024065320154705628
119 0.32174711437565584 0.5729480017189514 0.020199370409234 0.025139664804469275
119 0.5523347324239245 0.6231198968629136 0.026495278069254984 0.02019767941555651
211 0.789218258132214 0.4685217017619252 0.027544596012591814 0.030296519123334767
99 0.33722455403987406 0.7723463687150838 0.017051416579223506 0.023420713364847443
224 0.8387985309548793 0.6205414697034809 0.020199370409234 0.024495058014611087
7 0.7721668415529905 0.8628061882251826 0.020199370409234 0.024709926944563816
44 0.30981112277019934 0.3909540180489901 0.04197271773347324 0.016974645466265578
224 0.5768625393494229 0.8142458100558659 0.02098635886673662 0.021272024065320156
211 0.7881689401888772 0.6437473141383756 0.010755508919202518 0.02621400945423292
211 0.5831584470094439 0.3682853459389772 0.018363064008394544 0.022776106574989255
211 0.32987932843651624 0.5477009024495058 0.01285414480587618 0.024065320154705628
211 0.4938352570828961 0.49441340782122906 0.01285414480587618 0.024924795874516546
224 0.5178384050367262 0.8727975934679846 0.023084994753410283 0.021057155135367427
200 0.4593389296956978 0.6001289213579717 0.02098635886673662 0.02191663085517834
118 0.5750262329485835 0.3407821229050279 0.027806925498426022 0.0223463687150838
149 0.7826600209863589 0.5441555651052857 0.0270199370409234 0.023420713364847443
224 0.35073452256033577 0.6278470133218736 0.02098635886673662 0.024065320154705628
185 0.49803252885624344 0.650623119896863 0.0270199370409234 0.0223463687150838
13 0.5115424973767051 0.7680489901160292 0.03515215110178384 0.023420713364847443
22 0.7151101783840503 0.6429952728835411 0.02570828961175236 0.021272024065320156
211 0.645199370409234 0.4181349376880103 0.010230849947534103 0.02621400945423292
106 0.43035152151101785 0.49140524280189085 0.023871983210912908 0.024495058014611087
99 0.6264428121720882 0.6951009883970778 0.01888772298006296 0.02621400945423292
211 0.5612539349422875 0.7212075633863343 0.015477439664218258 0.023420713364847443
200 0.4972455403987408 0.8489471422432316 0.019150052465897165 0.024924795874516546
22 0.5225603357817419 0.3052213149978513 0.01993704092339979 0.028577567683712935
7 0.6316894018887723 0.5919639020197679 0.02570828961175236 0.024924795874516546
149 0.7023871983210913 0.5974430597335625 0.026495278069254984 0.027288354103996562
32 0.516395592864638 0.4149119037387194 0.028593913955928647 0.024065320154705628
200 0.30574501573976914 0.7207778255264289 0.017051416579223506 0.019553072625698324
200 0.6244753410283316 0.789213579716373 0.013378803777544596 0.023635582294800173
149 0.4567156348373557 0.8183283197249678 0.02833158447009444 0.025139664804469275
22 0.38195173137460653 0.49441340782122906 0.02570828961175236 0.024924795874516546
22 0.7652151101783841 0.31628706489041686 0.027806925498426022 0.024495058014611087
106 0.5617785939139559 0.7670820799312419 0.02229800629590766 0.020627417275461968
176 0.3036463798530955 0.6250537172324881 0.027544596012591814 0.023205844434894714
118 0.31964847848898215 0.6772668672110013 0.02911857292759706 0.0223463687150838
200 0.6988457502623295 0.6672754619681994 0.017838405036726127 0.023850451224752902
99 0.7959076600209863 0.3672110012892136 0.012067156348373556 0.030511388053287496
106 0.5615162644281217 0.6454662655779975 0.029643231899265477 0.02191663085517834
76 0.6723504721930745 0.3919209282337774 0.02570828961175236 0.04254404813064031
7 0.8073189926547744 0.838740868070477 0.027544596012591814 0.019553072625698324
119 0.5880115424973767 0.8426085088096261 0.0270199370409234 0.024280189084658357
99 0.8626705141657922 0.3907391491190374 0.018100734522560336 0.027288354103996562
118 0.6445435466946485 0.5400730554361839 0.02570828961175236 0.02170176192522561
200 0.6610703043022036 0.4175977653631285 0.01626442812172088 0.017404383326171037
22 0.7492130115424974 0.6871508379888268 0.025183630640083946 0.0223463687150838
22 0.3252885624344176 0.49441340782122906 0.02570828961175236 0.022776106574989255
118 0.41749737670514164 0.675118177911474 0.0338405036726128 0.024495058014611087
118 0.4623557187827912 0.700472711645896 0.024921301154249738 0.022776106574989255
22 0.6512329485834207 0.4647614954877525 0.019150052465897165 0.024495058014611087
7 0.4829485834207765 0.5445853029651913 0.02570828961175236 0.021272024065320156
200 0.4160545645330535 0.545981951009884 0.020461699895068207 0.01847872797593468
44 0.34430745015739767 0.33626987537602065 0.027544596012591814 0.028362698753760206
149 0.34601259181532007 0.6759776536312849 0.025183630640083946 0.024924795874516546
119 0.6622507869884575 0.5149333906317146 0.0270199370409234 0.019553072625698324
99 0.6129328436516265 0.3407821229050279 0.019674711437565582 0.023635582294800173
118 0.510099685204617 0.7932960893854749 0.0270199370409234 0.020627417275461968
211 0.5222980062959076 0.44005156854318866 0.01416579223504722 0.024065320154705628
176 0.6475603357817419 0.4928018908465836 0.027544596012591814 0.019553072625698324
22 0.42379328436516267 0.7960893854748603 0.024921301154249738 0.024065320154705628
211 0.39585519412381953 0.6993983669961323 0.012067156348373556 0.019767941555651054
22 0.5626967471143757 0.845831542758917 0.022560335781741866 0.02771809196390202
13 0.39493704092339976 0.545981951009884 0.0270199370409234 0.020627417275461968
7 0.6681532004197271 0.36366566394499356 0.02570828961175236 0.023420713364847443
13 0.6112277019937041 0.7595616673828964 0.026232948583420776 0.024065320154705628
13 0.38011542497376705 0.4175977653631285 0.030430220356768102 0.019553072625698324
22 0.47573452256033577 0.49108293940696174 0.024921301154249738 0.027288354103996562
7 0.6028331584470095 0.719058874086807 0.029905561385099685 0.023420713364847443
22 0.6664480587618048 0.4414482165878814 0.026495278069254984 0.023420713364847443
22 0.3991343126967471 0.7214224323162871 0.031217208814270724 0.022990975504941984
7 0.6808761804826863 0.760313708637731 0.019674711437565582 0.02556940266437473
200 0.43507345225603355 0.6333261710356682 0.01757607555089192 0.02943704340352385
22 0.4062172088142707 0.7465620971207564 0.02911857292759706 0.027288354103996562
211 0.7312434417628542 0.5195530726256983 0.016002098635886673 0.026643747314138374
7 0.6711699895068206 0.4911903738719381 0.02229800629590766 0.01847872797593468
106 0.4689139559286464 0.5709067468844005 0.02911857292759706 0.024495058014611087
211 0.31125393494228754 0.44574559518693596 0.01285414480587618 0.023420713364847443
22 0.5575813221406086 0.5682208852599914 0.026495278069254984 0.023420713364847443
58 0.6551678908709339 0.7378599054576708 0.02911857292759706 0.01633003867640739
149 0.3440451206715635 0.5710141813493769 0.0270199370409234 0.021272024065320156
211 0.7153725078698846 0.5443704340352385 0.01416579223504722 0.02599914052428019
118 0.6315582371458552 0.31574989256553504 0.03226652675760756 0.023420713364847443
224 0.6511017838405037 0.38934250107434465 0.02098635886673662 0.024495058014611087
200 0.7063221406086044 0.4429522990975505 0.015477439664218258 0.023420713364847443
118 0.5952256033578174 0.8944993553932101 0.022560335781741866 0.019767941555651054
200 0.7498688352570829 0.3912763214439192 0.019674711437565582 0.020627417275461968
76 0.5002623294858342 0.8219810915341642 0.025183630640083946 0.03975075204125483
99 0.4367785939139559 0.8211216158143533 0.018363064008394544 0.02599914052428019
13 0.7282266526757608 0.39213579716373015 0.030430220356768102 0.02019767941555651
119 0.6799580272822665 0.7144391920928234 0.021511017838405037 0.01847872797593468
160 0.6146379853095488 0.8369144821658788 0.022560335781741866 0.02621400945423292
200 0.6046694648478489 0.8359475719810915 0.018363064008394544 0.019982810485603783
44 0.47796432318992654 0.7443059733562527 0.03305351521511018 0.024065320154705628
149 0.34548793284365165 0.8261710356682423 0.026232948583420776 0.023635582294800173
7 0.6971406086044072 0.3914911903738719 0.026495278069254984 0.02019767941555651
22 0.44399265477439664 0.4173828964331758 0.019150052465897165 0.021272024065320156
22 0.5452518363064008 0.7426944563816072 0.0270199370409234 0.022990975504941984
149 0.45750262329485836 0.3584013751611517 0.01626442812172088 0.02621400945423292
160 0.6201469045120671 0.3659217877094972 0.02570828961175236 0.02019767941555651
211 0.32174711437565584 0.7221744735711216 0.013903462749213011 0.02019767941555651
7 0.4931794333683106 0.8992264718521702 0.028856243441762856 0.025354533734422
6 0.6821878279118573 0.6917705199828105 0.015477439664218258 0.023850451224752902
118 0.6761542497376705 0.8143532445208422 0.017051416579223506 0.024495058014611087
200 0.8832633788037776 0.3907391491190374 0.019412381951731374 0.024280189084658357
224 0.7353095487932844 0.7657928663515255 0.01888772298006296 0.03223033949290933
7 0.5417103882476391 0.4647614954877525 0.02570828961175236 0.0223463687150838
22 0.391395592864638 0.5995917490330898 0.01888772298006296 0.02943704340352385
176 0.738588667366212 0.5471637301246239 0.0270199370409234 0.02170176192522561
200 0.7178646379853095 0.5701547056295659 0.018100734522560336 0.022990975504941984
106 0.31256558237145854 0.7704125483455092 0.03226652675760756 0.019553072625698324
32 0.6939926547743966 0.8671035668242372 0.024921301154249738 0.024709926944563816
211 0.7493441762854145 0.3680704770090245 0.01757607555089192 0.026643747314138374
118 0.8342077649527807 0.8394929093253115 0.026232948583420776 0.021057155135367427
8 0.7540661070304302 0.8370219166308551 0.018625393494228752 0.025139664804469275
143 0.41500524658971666 0.6999355393210142 0.027806925498426022 0.020842286205414697
13 0.7522298006295908 0.7647185217017619 0.021773347324239245 0.026643747314138374
22 0.3448321091290661 0.36312849162011174 0.01757607555089192 0.02019767941555651
7 0.5402675760755509 0.7203480876665235 0.02229800629590766 0.019553072625698324
211 0.3944123819517314 0.6330038676407391 0.014952780692549843 0.026643747314138374
119 0.3980849947534103 0.5168672110012892 0.026495278069254984 0.024709926944563816
32 0.5154774396642182 0.7201332187365707 0.02833158447009444 0.023420713364847443
200 0.6874344176285414 0.46744735711216157 0.023871983210912908 0.021272024065320156
32 0.685598111227702 0.8372367855608079 0.0270199370409234 0.02170176192522561
211 0.34312696747114374 0.4435969058874087 0.009968520461699895 0.023420713364847443
118 0.7127492130115425 0.46991834980661795 0.02833158447009444 0.024065320154705628
224 0.3578174186778594 0.518586162440911 0.024134312696747113 0.021272024065320156
118 0.7531479538300105 0.517404383326171 0.030430220356768102 0.028792436613665665
6 0.6020461699895068 0.3904168457241083 0.01888772298006296 0.026643747314138374
200 0.8588667366211962 0.3175762784701332 0.017838405036726127 0.02191663085517834
7 0.34916054564533056 0.6988611946712505 0.023084994753410283 0.020842286205414697
7 0.3753934942287513 0.5170820799312419 0.023084994753410283 0.020842286205414697
200 0.29577649527806926 0.44574559518693596 0.023871983210912908 0.021272024065320156
211 0.609916054564533 0.7883541039965621 0.015739769150052464 0.02621400945423292
200 0.3142707240293809 0.8238074774387624 0.028856243441762856 0.025354533734422
224 0.5081322140608604 0.6245165449076063 0.01626442812172088 0.025139664804469275
7 0.3815582371458552 0.36065749892565535 0.02439664218258132 0.01869359690588741
32 0.5713536201469045 0.7448431456811345 0.027806925498426022 0.025139664804469275
32 0.5219045120671564 0.39063171465406105 0.023871983210912908 0.028792436613665665
106 0.3247639034627492 0.3680704770090245 0.0236096537250787 0.0223463687150838
22 0.7459338929695698 0.6207563386334336 0.024921301154249738 0.01847872797593468
224 0.7536726128016789 0.8630210571551353 0.015739769150052464 0.027288354103996562
7 0.35978488982161594 0.46938117748173613 0.0270199370409234 0.023850451224752902
7 0.6221143756558237 0.4936613665663945 0.021773347324239245 0.023420713364847443
13 0.739900314795383 0.46938117748173613 0.029643231899265477 0.02170176192522561
200 0.6013903462749213 0.36667382896433176 0.015477439664218258 0.01869359690588741
32 0.3843126967471144 0.469058874086807 0.0236096537250787 0.026643747314138374
200 0.5957502623294858 0.34045981951009885 0.013641133263378805 0.019553072625698324
200 0.5564008394543547 0.8167168027503223 0.02098635886673662 0.024065320154705628
58 0.5759443861490031 0.8709712075633863 0.03331584470094438 0.023850451224752902
176 0.42733473242392445 0.7215298667812634 0.030430220356768102 0.02621400945423292
22 0.537906610703043 0.6991834980661796 0.02439664218258132 0.0223463687150838
16 0.7604931794333684 0.7162655779974215 0.023084994753410283 0.023420713364847443
22 0.8335519412381952 0.5715513536742587 0.023871983210912908 0.027932960893854747
160 0.7266526757607555 0.44499355393210144 0.0236096537250787 0.02621400945423292
58 0.6305089192025184 0.8120971207563387 0.028593913955928647 0.023420713364847443
13 0.7224554039874082 0.7149763644177052 0.02570828961175236 0.02170176192522561
99 0.36030954879328436 0.3689299527288354 0.019150052465897165 0.024065320154705628
211 0.4260230849947534 0.41834980661796306 0.008919202518363064 0.0223463687150838
22 0.7800367261280168 0.669209282337774 0.021773347324239245 0.021272024065320156
13 0.6915005246589717 0.7911474000859475 0.03515215110178384 0.03180060163300387
160 0.6720881427072403 0.6191448216587881 0.026232948583420776 0.025139664804469275
176 0.7603620146904512 0.7383970777825526 0.0270199370409234 0.02170176192522561
185 0.5595487932843651 0.7900730554361839 0.02570828961175236 0.022776106574989255
149 0.5102308499475341 0.5690803609798023 0.02098635886673662 0.02170176192522561
22 0.32673137460650575 0.6266652342071336 0.018625393494228752 0.02771809196390202
118 0.45448583420776495 0.4906532015470563 0.02439664218258132 0.023850451224752902
13 0.5080010493179433 0.5432960893854749 0.03226652675760756 0.02170176192522561
224 0.6572665267576075 0.7608508809626128 0.023871983210912908 0.02578427159432746
13 0.7536726128016789 0.6696390201976794 0.030954879328436515 0.023420713364847443
13 0.5798793284365162 0.5660721959604641 0.026495278069254984 0.019982810485603783
7 0.4055613850996852 0.4922647185217018 0.02570828961175236 0.02191663085517834
7 0.5880115424973767 0.7663300386764074 0.0270199370409234 0.023420713364847443
6 0.6928121720881427 0.3435754189944134 0.026232948583420776 0.026643747314138374
119 0.7902675760755509 0.6207563386334336 0.02439664218258132 0.02191663085517834
44 0.41434942287513116 0.6520197679415557 0.035939139559286466 0.020842286205414697
22 0.4428121720881427 0.5712290502793296 0.02570828961175236 0.027288354103996562
185 0.7821353620146905 0.6928448646325741 0.0270199370409234 0.022990975504941984
22 0.5325288562434418 0.5954018048990116 0.022560335781741866 0.0223463687150838
118 0.47429171038824763 0.8483025354533734 0.02833158447009444 0.028362698753760206
160 0.6458551941238195 0.5652127202406532 0.020461699895068207 0.02170176192522561
224 0.8121720881427072 0.7624623979372582 0.015739769150052464 0.03115599484314568
200 0.700682056663169 0.41899441340782123 0.016789087093389297 0.018048990116029222
211 0.7204879328436516 0.7645036527718092 0.01757607555089192 0.030511388053287496
211 0.47757082896117525 0.8181134507950151 0.021773347324239245 0.02771809196390202
160 0.7922350472193075 0.7647185217017619 0.01888772298006296 0.03094112591319295
22 0.6267051416579223 0.5406102277610657 0.025183630640083946 0.022776106574989255
119 0.5300367261280168 0.3643102707348517 0.030167890870933894 0.02170176192522561
119 0.7249475341028332 0.8124194241512678 0.019674711437565582 0.024924795874516546
7 0.47088142707240294 0.7943704340352385 0.02728226652675761 0.024065320154705628
200 0.6082109129066107 0.3154275891706059 0.02229800629590766 0.020627417275461968
118 0.3481112277019937 0.545981951009884 0.0236096537250787 0.02191663085517834
224 0.3342077649527807 0.7963042544048131 0.022560335781741866 0.023635582294800173
32 0.38011542497376705 0.7712720240653201 0.02570828961175236 0.021272024065320156
200 0.7039611752360966 0.4928018908465836 0.013378803777544596 0.01869359690588741
7 0.7635099685204617 0.5717662226042114 0.0338405036726128 0.020627417275461968
200 0.3709338929695698 0.5443704340352385 0.0236096537250787 0.017404383326171037
7 0.35729275970619095 0.6527718091963902 0.02570828961175236 0.0223463687150838
44 0.7682318992654774 0.3418564675547916 0.03226652675760756 0.0223463687150838
211 0.5179695697796433 0.6516974645466266 0.015477439664218258 0.02578427159432746
224 0.684286463798531 0.31381607219596047 0.02439664218258132 0.02599914052428019
118 0.6550367261280168 0.5946497636441771 0.0236096537250787 0.027288354103996562
76 0.6403462749213011 0.4441340782122905 0.02570828961175236 0.028792436613665665
119 0.5918153200419727 0.5167597765363129 0.02570828961175236 0.0223463687150838
224 0.32856768100734524 0.4411259131929523 0.016002098635886673 0.019767941555651054
22 0.7219307450157397 0.34164159862483884 0.0236096537250787 0.022776106574989255
149 0.5355456453305352 0.792436613665664 0.026495278069254984 0.024495058014611087
224 0.36739244491080797 0.6738289643317577 0.022822665267576075 0.02191663085517834
200 0.37696747114375656 0.44220025784271594 0.018363064008394544 0.019767941555651054
7 0.3713273871983211 0.3907391491190374 0.031217208814270724 0.02943704340352385
118 0.3537513116474292 0.4175977653631285 0.024921301154249738 0.019553072625698324
