22 0.6269871309613929 0.42231491136600624 0.034443603330809994 0.017935349322210636
149 0.5995457986373959 0.5229405630865485 0.04314912944738834 0.018561001042752868
200 0.5599924299772899 0.37288842544316997 0.030658591975775928 0.021689259645464025
13 0.5887585162755489 0.29363920750782063 0.03671461014383043 0.020437956204379562
176 0.7975018925056775 0.39791449426485925 0.03709311127933384 0.018769551616266946
224 0.7291824375473126 0.5222106360792492 0.027630582891748676 0.02002085505735141
22 0.5940575321725965 0.32085505735140774 0.039742619227857684 0.017726798748696558
224 0.6682437547312642 0.5221063607924922 0.032929598788796366 0.01897810218978102
7 0.598221044663134 0.47184567257559956 0.03217259651778955 0.018143899895724715
32 0.5656699470098411 0.47330552659019814 0.038228614685844056 0.018561001042752868
200 0.6040878122634368 0.49708029197080295 0.031037093111279335 0.01564129301355579
160 0.5514761544284633 0.29363920750782063 0.0348221044663134 0.017935349322210636
22 0.6553747161241483 0.2441084462982273 0.03368660105980318 0.02440041710114703
22 0.6411809235427707 0.21605839416058395 0.03179409538228615 0.02002085505735141
224 0.7462149886449659 0.44796663190823777 0.025359576078728237 0.0191866527632951
58 0.5933005299015897 0.4229405630865485 0.0404996214988645 0.017101147028154327
119 0.5545041635124905 0.39927007299270073 0.03406510219530658 0.018143899895724715
58 0.7093111279333838 0.49655891553701775 0.04239212717638153 0.02002085505735141
149 0.7093111279333838 0.4248175182481752 0.04769114307342922 0.019603753910323252
200 0.7428084784254353 0.34421272158498434 0.03141559424678274 0.020229405630865484
6 0.7611657834973505 0.5213764337851929 0.03255109765329296 0.017518248175182483
106 0.5666161998485996 0.4987486965589155 0.05147615442846329 0.020229405630865484
22 0.698334595003785 0.4474452554744526 0.029523088569265707 0.018143899895724715
44 0.5340651021953066 0.521584984358707 0.02498107494322483 0.023774765380604797
118 0.5457986373959122 0.267674661105318 0.04239212717638153 0.021063607924921793
118 0.6122255866767601 0.34462982273201254 0.04125662376987131 0.02064650677789364
200 0.5825132475397427 0.2670490093847758 0.03557910673732021 0.017726798748696558
22 0.67221801665405 0.4948905109489051 0.03028009084027252 0.0191866527632951
118 0.8732021196063589 0.4964546402502607 0.04012112036336109 0.020229405630865484
58 0.6667297501892505 0.42450469238790406 0.04125662376987131 0.017726798748696558
224 0.6303936411809236 0.3197080291970803 0.03368660105980318 0.0191866527632951
32 0.5908402725208176 0.39770594369134515 0.0348221044663134 0.02002085505735141
119 0.7481074943224829 0.4226277372262774 0.02838758516275549 0.015224191866527632
200 0.572672218016654 0.345985401459854 0.03406510219530658 0.017935349322210636
7 0.714988644965935 0.4712200208550574 0.0348221044663134 0.015224191866527632
99 0.5622634367903103 0.5225234619395204 0.026116578349735048 0.02064650677789364
200 0.8285389856169568 0.39791449426485925 0.031037093111279335 0.01626694473409802
99 0.6529144587433763 0.37038581856100106 0.025738077214231644 0.018769551616266946
224 0.7547312641937926 0.294473409801877 0.03406510219530658 0.020437956204379562
224 0.7749810749432249 0.34796663190823773 0.030658591975775928 0.02565172054223149
118 0.6915215745647237 0.3981230448383733 0.045420136260408785 0.022106360792492178
185 0.5365253595760787 0.44911366006256515 0.03520060560181681 0.021063607924921793
118 0.6799772899318698 0.21772679874869655 0.0404996214988645 0.022106360792492178
110 0.6795987887963664 0.3457768508863399 0.03520060560181681 0.019603753910323252
44 0.7110143830431491 0.2941605839416058 0.052611657834973506 0.017726798748696558
22 0.7303179409538229 0.3991657977059437 0.03368660105980318 0.021272158498435872
211 0.6250946252838758 0.47205422314911366 0.023088569265707796 0.018561001042752868
200 0.551665404996215 0.42325338894681963 0.03520060560181681 0.018561001042752868
200 0.6532929598788796 0.3981230448383733 0.03028009084027252 0.017935349322210636
7 0.6510219530658592 0.4710114702815433 0.03255109765329296 0.015224191866527632
224 0.7736563209689629 0.49551616266944737 0.028766086298258896 0.0191866527632951
149 0.8330809992429977 0.4962460896767466 0.041635124905374715 0.01981230448383733
211 0.6266086298258895 0.24171011470281542 0.020060560181680544 0.023774765380604797
200 0.648561695685087 0.2943691345151199 0.03520060560181681 0.017309697601668405
7 0.6235806207418623 0.370281543274244 0.038228614685844056 0.01897810218978102
13 0.7233156699470098 0.26934306569343064 0.033308099924299776 0.018143899895724715
58 0.6004920514761545 0.44827945776850886 0.04882664647993944 0.02064650677789364
13 0.7952308856926571 0.49562043795620436 0.029523088569265707 0.02064650677789364
211 0.7280469341408025 0.3723670490093848 0.030658591975775928 0.021897810218978103
224 0.5700227100681302 0.24098018769551616 0.033308099924299776 0.020229405630865484
22 0.6383421650264951 0.44661105318039623 0.0291445874337623 0.02064650677789364
22 0.6449659348978047 0.34442127215849844 0.033308099924299776 0.02064650677789364
7 0.6175246025738077 0.26819603753910326 0.03595760787282362 0.017101147028154327
149 0.7439439818319455 0.3191866527632951 0.03671461014383043 0.021063607924921793
224 0.5889477668433005 0.3715328467153285 0.03255109765329296 0.020229405630865484
211 0.742997728993187 0.4964546402502607 0.021196063588190765 0.021063607924921793
211 0.771006813020439 0.44848800834202296 0.025738077214231644 0.021063607924921793
149 0.6903860711582135 0.3720542231491137 0.04390613171839516 0.021272158498435872
13 0.6805450416351249 0.47278415015641295 0.023467070401211203 0.017518248175182483
224 0.8408402725208176 0.47612095933263815 0.027630582891748676 0.02002085505735141
211 0.7229371688115064 0.44754953076120957 0.0174110522331567 0.021272158498435872
224 0.8658213474640424 0.4018769551616267 0.038228614685844056 0.02502606882168926
211 0.6184708554125662 0.29478623566214807 0.02725208175624527 0.020229405630865484
119 0.639666919000757 0.49562043795620436 0.03255109765329296 0.02064650677789364
99 0.644776684330053 0.26830031282586025 0.022331566994700985 0.01897810218978102
22 0.5633989401968206 0.4470281543274244 0.027630582891748676 0.018561001042752868
149 0.8065859197577593 0.47434827945776853 0.033308099924299776 0.02273201251303441
13 0.6676760030280091 0.44827945776850886 0.03709311127933384 0.019395203336809178
99 0.7412944738834216 0.4732012513034411 0.03141559424678274 0.01835245046923879
211 0.6760030280090841 0.2952033368091762 0.018925056775170326 0.01897810218978102
22 0.6006813020439061 0.24150156412930135 0.028009084027252083 0.02002085505735141
211 0.6695685087055261 0.26871741397288845 0.018925056775170326 0.016475495307612095
58 0.5556396669190008 0.3210636079249218 0.04314912944738834 0.018561001042752868
224 0.6947388342165026 0.26819603753910326 0.026116578349735048 0.0191866527632951
224 0.7081756245268735 0.32085505735140774 0.03179409538228615 0.020229405630865484
22 0.6996593489780469 0.52148070907195 0.030658591975775928 0.01564129301355579
176 0.710446631339894 0.34442127215849844 0.036336109008327025 0.021897810218978103
118 0.8082891748675246 0.2653806047966632 0.038228614685844056 0.023983315954118872
22 0.6222558667676003 0.39791449426485925 0.029523088569265707 0.020437956204379562
200 0.8031794095382286 0.521689259645464 0.04769114307342922 0.024817518248175182
224 0.6385314155942468 0.5226277372262774 0.028766086298258896 0.017935349322210636
110 0.7634367903103709 0.3986444212721585 0.031037093111279335 0.022314911366006256
149 0.6691900075700227 0.31939520333680915 0.04390613171839516 0.02064650677789364
8 0.7696820590461771 0.472992700729927 0.034443603330809994 0.017935349322210636
