160 0.43834732085216266 0.5708886618998978 0.02194964493221433 0.025944841675178753
7 0.47374650312029265 0.45556690500510727 0.02130406714009038 0.029417773237997956
211 0.40832795351839896 0.6326864147088866 0.01312674843985367 0.029417773237997956
200 0.7244458790617603 0.5746680286006128 0.02948138584032709 0.027783452502553627
160 0.7477942758769098 0.5770173646578141 0.024962341295459437 0.03248212461695608
32 0.3293522702819023 0.5732379979570991 0.02560791908758339 0.02696629213483146
7 0.3178394663223585 0.5131767109295199 0.024962341295459437 0.02819203268641471
13 0.8139659995696148 0.4540347293156282 0.02560791908758339 0.0296220633299285
13 0.41230901656983 0.4860061287027579 0.02625349687970734 0.027783452502553627
119 0.3457069076823757 0.4550561797752809 0.02560791908758339 0.027170582226762004
13 0.2305788680869378 0.5447395301327885 0.032063697008822896 0.027579162410623085
211 0.27189584678287065 0.5446373850868232 0.011835592855605767 0.026557711950970377
149 0.7449967721110394 0.5137895812053116 0.033139659995696145 0.02819203268641471
118 0.7353131052291801 0.3861082737487232 0.036152356358941255 0.02982635342185904
7 0.7799655691844201 0.4195097037793667 0.026038304282332687 0.028804902962206332
143 0.4763288142887885 0.7725229826353421 0.032494082203572194 0.02839632277834525
119 0.4549171508500108 0.4853932584269663 0.024962341295459437 0.026557711950970377
7 0.6451474069292016 0.6008171603677221 0.02625349687970734 0.030643513789581207
13 0.7976113621691414 0.4186925434116445 0.023886378308586184 0.026353421859039838
200 0.5437916935657413 0.4783452502553626 0.024962341295459437 0.028804902962206332
106 0.8651818377447816 0.7284984678243105 0.030772541424574994 0.030643513789581207
106 0.30503550677856683 0.3888661899897855 0.0333548525930708 0.03003064351378958
224 0.6971164191951796 0.42012257405515835 0.02689907467183129 0.025127681307456587
200 0.7622121799010114 0.7234933605720123 0.02754465246395524 0.03003064351378958
110 0.43264471702173446 0.5417773237997957 0.02819023025607919 0.022880490296220635
44 0.6655907036797934 0.4848825331971399 0.03572197116419195 0.024719101123595506
13 0.3709920378738971 0.5733401430030644 0.02625349687970734 0.02349336057201226
200 0.487088444157521 0.568335035750766 0.024316763503335486 0.024106230847803882
32 0.26371852808263396 0.5752808988764045 0.032063697008822896 0.02533197139938713
13 0.38863783085861847 0.6 0.02754465246395524 0.02533197139938713
176 0.6959328599096191 0.5732379979570991 0.024962341295459437 0.02696629213483146
32 0.7904024101570906 0.7574055158324822 0.02108887454271573 0.027170582226762004
149 0.39541639767591996 0.3956077630234934 0.032494082203572194 0.02839632277834525
22 0.741876479449107 0.45097037793667005 0.02732945986658059 0.027579162410623085
176 0.679040241015709 0.6929519918283963 0.031202926619324296 0.029009193054136875
7 0.22336991607488701 0.48243105209397347 0.022380030126963633 0.026353421859039838
22 0.8755110824187647 0.7881511746680286 0.02689907467183129 0.035137895812053115
118 0.8132128254788036 0.4851889683350358 0.03572197116419195 0.03350357507660878
22 0.6301915214116635 0.7824310520939735 0.018291370776845277 0.030234933605720122
176 0.39326447170217343 0.772420837589377 0.02689907467183129 0.030643513789581207
118 0.8811060899505057 0.7 0.02130406714009038 0.024310520939734424
99 0.43092317624273724 0.7168539325842697 0.01441790402410157 0.03186925434116445
119 0.38078330105444375 0.5441266598569969 0.030772541424574994 0.024310520939734424
106 0.6683882074456639 0.752093973442288 0.02754465246395524 0.025944841675178753
22 0.3678717452119647 0.48416751787538304 0.022595222724338282 0.027783452502553627
118 0.811060899505057 0.6046986721144024 0.024962341295459437 0.031052093973442288
22 0.38056810845706907 0.7126659856996935 0.02130406714009038 0.024719101123595506
13 0.2816871099634173 0.6341164453524004 0.022380030126963633 0.026557711950970377
224 0.24962341295459436 0.5137895812053116 0.023671185711211535 0.029417773237997956
185 0.7694211319130622 0.5735444330949949 0.02689907467183129 0.03125638406537283
7 0.40058102001291157 0.7129724208375894 0.022595222724338282 0.02533197139938713
211 0.23552829782655477 0.5125638406537283 0.01312674843985367 0.029417773237997956
224 0.36453625995265765 0.6311542390194076 0.023240800516462233 0.03003064351378958
185 0.3438777706046912 0.5147088866189989 0.03184850441144824 0.028804902962206332
22 0.6352485474499677 0.7203268641470889 0.030126963632451043 0.030643513789581207
7 0.2909403916505272 0.5741573033707865 0.02883580804820314 0.026353421859039838
160 0.8278459221002797 0.7849846782431052 0.02108887454271573 0.03125638406537283
118 0.7954594361953948 0.6349336057201226 0.0337852377878201 0.030643513789581207
200 0.26447170217344523 0.7141981613891726 0.024531956100710135 0.032277834525025535
211 0.7121799010114052 0.7544433094994892 0.011405207660856467 0.025740551583248214
149 0.7813643210673553 0.6040858018386108 0.030557348827200344 0.027783452502553627
211 0.36346029696578436 0.5170582226762002 0.012481170647729719 0.027783452502553627
224 0.29535183989670755 0.48273748723186927 0.023886378308586184 0.029417773237997956
200 0.34290940391650526 0.632073544433095 0.02130406714009038 0.030643513789581207
211 0.7397245534753605 0.7252298263534218 0.010114052076608565 0.03472931562819203
224 0.8122444587906176 0.5749744637385087 0.022595222724338282 0.027170582226762004
7 0.29061760275446524 0.5438202247191011 0.023025607919087584 0.024923391215526048
119 0.9462018506563374 0.7842696629213484 0.02108887454271573 0.03268641470888662
211 0.2722186356789326 0.6 0.015063481816225521 0.022880490296220635
211 0.4332902948138584 0.4583248212461696 0.01312674843985367 0.027579162410623085
7 0.3633527006670971 0.6022471910112359 0.02560791908758339 0.026557711950970377
22 0.6962556488056811 0.7220633299284984 0.02689907467183129 0.030439223697650664
118 0.3173014848289219 0.6025536261491318 0.032494082203572194 0.027170582226762004
106 0.8017000215192598 0.5475995914198162 0.031202926619324296 0.03003064351378958
58 0.7607058317193889 0.6677221654749744 0.03701312674843985 0.03003064351378958
58 0.828921885087153 0.6974463738508683 0.033139659995696145 0.029417773237997956
224 0.4849365181837745 0.5379979570990807 0.023886378308586184 0.027170582226762004
149 0.5365827415536906 0.5975485188968335 0.02819023025607919 0.02533197139938713
22 0.7568323649666452 0.7846782431052094 0.023671185711211535 0.03186925434116445
106 0.7922315472347751 0.515832482124617 0.023886378308586184 0.027783452502553627
224 0.28728211749515814 0.7133810010214504 0.02754465246395524 0.02819203268641471
22 0.7904024101570906 0.666802860061287 0.024962341295459437 0.02819203268641471
176 0.6990531525715515 0.5156281920326864 0.02862061545082849 0.029417773237997956
13 0.7659780503550678 0.4804902962206333 0.025177533892834086 0.031052093973442288
211 0.5180761781794706 0.5402451481103167 0.016139444803098774 0.025944841675178753
7 0.5040886593501184 0.7754851889683351 0.02689907467183129 0.029417773237997956
119 0.3319345814503981 0.5433094994892748 0.024316763503335486 0.024719101123595506
119 0.7296105013987518 0.7849846782431052 0.029051000645577793 0.03411644535240041
110 0.6730148482892189 0.5740551583248212 0.02689907467183129 0.031052093973442288
118 0.4306003873466753 0.6278855975485189 0.03270927480094685 0.025944841675178753
224 0.3938024531956101 0.4533197139938713 0.02194964493221433 0.02819203268641471
106 0.25156014633096624 0.6020429009193055 0.02883580804820314 0.02696629213483146
6 0.7579083279535184 0.6943820224719102 0.02625349687970734 0.029417773237997956
224 0.8494727781364321 0.7872318692543412 0.022164837529588984 0.03575076608784474
22 0.816010329244674 0.5163432073544433 0.023671185711211535 0.028804902962206332
118 0.8225737034646008 0.6682328907048009 0.030772541424574994 0.029009193054136875
149 0.6878631375080697 0.4526046986721144 0.030342156229825695 0.025127681307456587
6 0.6995911340649882 0.6317671092951992 0.024962341295459437 0.03003064351378958
106 0.6429954809554551 0.662614913176711 0.03184850441144824 0.02839632277834525
7 0.7828706692489779 0.783043922369765 0.028405422853453842 0.03268641470888662
200 0.4063912201420271 0.5430030643513789 0.02560791908758339 0.02533197139938713
211 0.8025607919087583 0.6923391215526047 0.017000215192597375 0.027783452502553627
7 0.4584678287066925 0.6282941777323799 0.02560791908758339 0.028804902962206332
149 0.6370776845276522 0.7522982635342186 0.031202926619324296 0.028804902962206332
200 0.7215407789972025 0.7223697650663943 0.02754465246395524 0.031052093973442288
22 0.8081557994404992 0.7881511746680286 0.025177533892834086 0.03391215526046987
7 0.7853453841187863 0.48283963227783455 0.022595222724338282 0.03125638406537283
99 0.6567678071874328 0.6929519918283963 0.024531956100710135 0.032277834525025535
22 0.2403701312674844 0.6335035750766088 0.023671185711211535 0.027783452502553627
185 0.22831934581450397 0.45056179775280897 0.02883580804820314 0.03003064351378958
32 0.767376802238003 0.4517875383043922 0.02797503765870454 0.030847803881511746
22 0.8935872605982355 0.7297242083758938 0.029911771035076393 0.030643513789581207
200 0.7421992683451689 0.48283963227783455 0.02754465246395524 0.027579162410623085
7 0.76307295029051 0.5461695607763023 0.02065848934796643 0.027170582226762004
76 0.7528513019152141 0.42002042900919306 0.035076393372068 0.03922369765066394
211 0.7907251990531525 0.5760980592441267 0.018291370776845277 0.029417773237997956
118 0.7531740908112761 0.634729315628192 0.03572197116419195 0.032277834525025535
224 0.731654831073811 0.6926455566905005 0.02625349687970734 0.025944841675178753
22 0.5023671185711212 0.5391215526046986 0.02130406714009038 0.02696629213483146
185 0.3432321928125672 0.4850868232890705 0.030557348827200344 0.027170582226762004
110 0.27619969873036365 0.4511746680286006 0.024316763503335486 0.027579162410623085
99 0.32644717021734454 0.6311542390194076 0.018076178179470628 0.028804902962206332
119 0.741230901656983 0.6055158324821246 0.02689907467183129 0.030643513789581207
119 0.3119216698945556 0.5430030643513789 0.02560791908758339 0.024106230847803882
224 0.8981063051431031 0.7843718079673135 0.018291370776845277 0.026353421859039838
160 0.7715730578868087 0.5140960163432073 0.017430600387346677 0.03125638406537283
22 0.8566817301484829 0.6961184882533197 0.022380030126963633 0.02349336057201226
7 0.7812567247686679 0.6932584269662921 0.02819023025607919 0.025944841675178753
7 0.3506563374219927 0.5736465781409602 0.02689907467183129 0.02533197139938713
22 0.8632451043684097 0.7580183861082738 0.02689907467183129 0.025944841675178753
6 0.4170432537120723 0.5699693564862104 0.02797503765870454 0.024106230847803882
149 0.4592210027975038 0.5405515832482125 0.02754465246395524 0.024106230847803882
22 0.7068000860770389 0.6923391215526047 0.02689907467183129 0.026557711950970377
211 0.7797503765870454 0.5463738508682329 0.01355713363460297 0.028804902962206332
44 0.6675274370561652 0.4219611848825332 0.038304282332687754 0.023084780388151174
211 0.30933935872605983 0.5749744637385087 0.01312674843985367 0.025944841675178753
211 0.41844200559500755 0.7156281920326865 0.010544437271357865 0.029417773237997956
110 0.6752743705616526 0.6035750766087845 0.03270927480094685 0.028804902962206332
200 0.8191306219066065 0.38723186925434117 0.020012911555842477 0.03125638406537283
200 0.4323219281256725 0.48661899897854954 0.02625349687970734 0.026557711950970377
149 0.6490208736819454 0.6340143003064351 0.02754465246395524 0.03003064351378958
211 0.5287282117495158 0.4795709908069459 0.011190015063481816 0.03003064351378958
200 0.7253066494512589 0.6341164453524004 0.02646868947708199 0.026557711950970377
160 0.42145470195825263 0.3961184882533197 0.02560791908758339 0.029417773237997956
185 0.44211319130621907 0.3949948927477017 0.030772541424574994 0.03411644535240041
22 0.3917581235205509 0.6329928498467824 0.023886378308586184 0.028804902962206332
7 0.2600602539272649 0.42114402451481103 0.02689907467183129 0.028804902962206332
119 0.2947062621045836 0.5137895812053116 0.02646868947708199 0.029417773237997956
22 0.36765655261459007 0.773953013278856 0.02560791908758339 0.027579162410623085
22 0.47148698084785884 0.48355464759959144 0.02194964493221433 0.02533197139938713
224 0.46223369916074886 0.7162410623084781 0.024531956100710135 0.030643513789581207
118 0.2317624273724984 0.3859039836567926 0.03443081557994405 0.03350357507660878
7 0.3551753819668603 0.5443309499489275 0.02689907467183129 0.024719101123595506
160 0.6809769743920809 0.5117466802860061 0.020012911555842477 0.026557711950970377
22 0.8357004519044545 0.7273748723186926 0.02689907467183129 0.031664964249233915
22 0.2254142457499462 0.6035750766087845 0.022595222724338282 0.03003064351378958
99 0.719388853023456 0.5167517875383044 0.02194964493221433 0.031664964249233915
200 0.820636970088229 0.4195097037793667 0.024747148698084784 0.030439223697650664
32 0.7215407789972025 0.5475995914198162 0.03270927480094685 0.028804902962206332
118 0.3460296965784377 0.7457609805924412 0.02625349687970734 0.03003064351378958
7 0.6698945556272864 0.662614913176711 0.02194964493221433 0.027170582226762004
118 0.451689261889391 0.45617977528089887 0.02883580804820314 0.02819203268641471
211 0.7710350763933721 0.755056179775281 0.01377232623197762 0.02819203268641471
22 0.7259522272433828 0.41828396322778344 0.026038304282332687 0.028804902962206332
211 0.8839035937163762 0.7600612870275791 0.01441790402410157 0.03003064351378958
13 0.36410587475790834 0.4244126659856997 0.02754465246395524 0.02839632277834525
110 0.2994404992468259 0.4529111338100102 0.030772541424574994 0.02533197139938713
7 0.8128900365827415 0.7579162410623085 0.02130406714009038 0.029417773237997956
211 0.3867010974822466 0.42379979570990806 0.015063481816225521 0.027170582226762004
224 0.6930277598450614 0.4846782431052094 0.02819023025607919 0.028804902962206332
58 0.23251560146330966 0.7150153217568948 0.04325371207230471 0.029417773237997956
22 0.7638261243813212 0.385291113381001 0.02689907467183129 0.029417773237997956
7 0.23811060899505057 0.5747701736465781 0.030772541424574994 0.027579162410623085
7 0.6471917366042608 0.5729315628192033 0.020012911555842477 0.03003064351378958
99 0.26102862061545085 0.6344228804902963 0.016354637400473424 0.027170582226762004
22 0.7210027975037658 0.6 0.02130406714009038 0.026557711950970377
176 0.241553690553045 0.48304392236976507 0.025177533892834086 0.026353421859039838
99 0.3284914998924037 0.39141981613891724 0.022595222724338282 0.029417773237997956
7 0.31719388853023456 0.42390194075587334 0.02883580804820314 0.029417773237997956
200 0.36797934151065204 0.45597548518896835 0.02883580804820314 0.026557711950970377
22 0.6921669894555628 0.7517875383043923 0.022595222724338282 0.029009193054136875
224 0.5147406929201636 0.5987742594484168 0.023240800516462233 0.027783452502553627
149 0.2690983430170002 0.48243105209397347 0.031202926619324296 0.027579162410623085
58 0.4977404777275662 0.4825331971399387 0.03184850441144824 0.02533197139938713
224 0.679685818807833 0.3881511746680286 0.023886378308586184 0.02982635342185904
13 0.25812352055089305 0.3896833503575077 0.02560791908758339 0.02839632277834525
211 0.4903163331181407 0.4553626149131767 0.01312674843985367 0.026557711950970377
211 0.4440499246825909 0.7141981613891726 0.01312674843985367 0.02533197139938713
185 0.6715085001075963 0.7206332992849847 0.022595222724338282 0.03003064351378958
211 0.6549386701097483 0.720020429009193 0.01441790402410157 0.028804902962206332
22 0.41424574994620184 0.4550561797752809 0.02754465246395524 0.031664964249233915
58 0.46180331396599955 0.5696629213483146 0.02754465246395524 0.024719101123595506
32 0.35775769313535616 0.7141981613891726 0.02689907467183129 0.027783452502553627
7 0.7897568323649666 0.4519918283963228 0.02797503765870454 0.03125638406537283
211 0.4765440068861631 0.6297242083758938 0.01312674843985367 0.024719101123595506
224 0.6918442005595008 0.545250255362615 0.024531956100710135 0.027783452502553627
160 0.6902302560791909 0.6646578140960163 0.023886378308586184 0.03125638406537283
149 0.3439853669033785 0.773953013278856 0.024316763503335486 0.027579162410623085
7 0.3776630083925113 0.5146067415730337 0.02194964493221433 0.026557711950970377
22 0.7522057241230902 0.7541368743615935 0.022595222724338282 0.03248212461695608
44 0.6605336776414892 0.5432073544433095 0.039380245319561004 0.02819203268641471
200 0.8501183559285561 0.6699693564862104 0.023025607919087584 0.03575076608784474
211 0.23681945341080265 0.42063329928498466 0.01441790402410157 0.026557711950970377
22 0.9231762427372499 0.7859039836567926 0.022380030126963633 0.02819203268641471
200 0.7040025823111685 0.38723186925434117 0.024747148698084784 0.027170582226762004
58 0.793522702819023 0.3861082737487232 0.0337852377878201 0.032277834525025535
7 0.3939100494942974 0.5721144024514812 0.02689907467183129 0.02104187946884576
7 0.2794275876909834 0.3898876404494382 0.02819023025607919 0.03003064351378958
224 0.7131482676995912 0.6658835546475996 0.023240800516462233 0.027579162410623085
110 0.6990531525715515 0.6032686414708887 0.020012911555842477 0.029417773237997956
211 0.9045620830643426 0.702655771195097 0.02560791908758339 0.031664964249233915
200 0.2900796212610286 0.6009193054136874 0.024531956100710135 0.024719101123595506
32 0.8353776630083926 0.7596527068437181 0.02883580804820314 0.03411644535240041
200 0.5152786744136002 0.48038815117466804 0.023025607919087584 0.027170582226762004
118 0.40359371637615665 0.5132788559754852 0.035076393372068 0.024719101123595506
119 0.7275661717236928 0.7519918283963227 0.023240800516462233 0.029417773237997956
7 0.2540348612007747 0.4524004085801839 0.029911771035076393 0.025127681307456587
7 0.40897353131052294 0.5993871297242084 0.023025607919087584 0.02533197139938713
119 0.6755971594577147 0.633197139938713 0.023025607919087584 0.02839632277834525
160 0.7835162470411018 0.7250255362614914 0.022380030126963633 0.029417773237997956
211 0.658166559070368 0.38866189989785493 0.015709059608349472 0.025944841675178753
119 0.4321067355282978 0.5996935648621042 0.023240800516462233 0.02839632277834525
118 0.6568754034861201 0.7798774259448417 0.032494082203572194 0.03003064351378958
200 0.34882720034430814 0.39387129724208375 0.023240800516462233 0.03186925434116445
7 0.7321928125672477 0.6649642492339122 0.02646868947708199 0.025740551583248214
32 0.8081557994404992 0.7235955056179775 0.02689907467183129 0.03350357507660878
185 0.7164837529588982 0.45137895812053114 0.0316333118140736 0.024310520939734424
224 0.4944049924682591 0.5964249233912156 0.023886378308586184 0.026353421859039838
44 0.3220357219711642 0.7121552604698672 0.045836023240800515 0.02696629213483146
8 0.6611792554336131 0.4524004085801839 0.024316763503335486 0.0296220633299285
32 0.3432321928125672 0.42451481103166494 0.033139659995696145 0.029417773237997956
7 0.2706046911986228 0.5144024514811032 0.02819023025607919 0.029417773237997956
6 0.6812997632881429 0.7843718079673135 0.02711426726920594 0.03534218590398366
118 0.285237787820099 0.42063329928498466 0.0337852377878201 0.027783452502553627
7 0.2534968797073381 0.5458631256384066 0.02754465246395524 0.026557711950970377
106 0.3913277383258016 0.48621041879468846 0.02689907467183129 0.03186925434116445
211 0.7612438132128255 0.6070480081716036 0.01312674843985367 0.03248212461695608
7 0.4522272433828276 0.7730337078651686 0.02560791908758339 0.029417773237997956
224 0.37013126748439856 0.39325842696629215 0.02194964493221433 0.029417773237997956
119 0.43049279104798793 0.7719101123595505 0.020012911555842477 0.02839632277834525
22 0.3250484183344093 0.4511746680286006 0.02819023025607919 0.028804902962206332
7 0.4111254572842694 0.7720122574055158 0.022595222724338282 0.030643513789581207
149 0.31880783301054444 0.48416751787538304 0.02689907467183129 0.026557711950970377
168 0.6592425220572412 0.5114402451481103 0.02948138584032709 0.03411644535240041
185 0.7159457714654616 0.48631256384065374 0.02754465246395524 0.03003064351378958
22 0.30600387346675273 0.6326864147088866 0.024962341295459437 0.02819203268641471
13 0.34237142242306867 0.603779366700715 0.024962341295459437 0.027170582226762004
99 0.7438132128254789 0.5466802860061287 0.017000215192597375 0.02819203268641471
7 0.46772111039380243 0.3926455566905005 0.030772541424574994 0.029417773237997956
118 0.9039165052722187 0.7564862104187947 0.031202926619324296 0.029417773237997956
7 0.4715945771465462 0.5984678243105209 0.02948138584032709 0.024719101123595506
118 0.5134495373359157 0.568335035750766 0.03572197116419195 0.026557711950970377
22 0.7040025823111685 0.7824310520939735 0.025177533892834086 0.03268641470888662
