224 0.7577911427009295 0.5124238162212845 0.03280481137233461 0.02625410220346929
7 0.5937670858392564 0.19690576652601968 0.02952433023510115 0.029067041725269572
7 0.7449425915800985 0.3886544772620722 0.03335155822854018 0.02531645569620253
22 0.8537452159650082 0.612751992498828 0.03116457080371788 0.029067041725269572
7 0.7263531984691088 0.19596812001875294 0.02569710224166211 0.030942334739803096
76 0.6156369600874795 0.25972808251289264 0.03827227993439038 0.04219409282700422
13 0.6506287588846364 0.636896390060947 0.037178786221979225 0.030473511486169714
106 0.7618917441224713 0.3206751054852321 0.035538545653362494 0.032817627754336616
7 0.6208310552214324 0.8940459446788561 0.03335155822854018 0.030004688232536336
22 0.7605248769819574 0.6418190342240975 0.02952433023510115 0.030004688232536336
200 0.9229086932750137 0.6150961087669948 0.03608529250956807 0.030004688232536336
119 0.5940404592673593 0.6378340365682138 0.026790595954073265 0.031411157993436474
200 0.7452159650082012 0.8042662916080637 0.03827227993439038 0.033286451007969994
224 0.6817933296883543 0.4149085794655415 0.03280481137233461 0.02531645569620253
76 0.6714051394204483 0.8312236286919831 0.037178786221979225 0.04406938584153774
7 0.6839803171131766 0.8014533520862634 0.0306178239475123 0.031411157993436474
200 0.706670311645708 0.8628691983122363 0.03335155822854018 0.029535864978902954
7 0.5688901038819026 0.3837318330989217 0.03335155822854018 0.029535864978902954
119 0.5970475669764899 0.383497421472105 0.03389830508474576 0.030004688232536336
224 0.9671951886276654 0.6776840131270511 0.026243849097867686 0.027660571964369433
211 0.6774193548387096 0.22597280825128926 0.016402405686167305 0.029067041725269572
58 0.6697648988518315 0.8645100796999531 0.0448332422088573 0.02812939521800281
22 0.5549480590486605 0.7667604313173934 0.03171131765992345 0.03234880450070324
211 0.6457080371787862 0.8924050632911392 0.02077638053581192 0.030473511486169714
22 0.6558228540185894 0.22573839662447256 0.030071077091306724 0.029535864978902954
7 0.7001093493712411 0.7365213314580403 0.03116457080371788 0.03375527426160337
200 0.6432476763258611 0.6683075480543835 0.03335155822854018 0.029535864978902954
149 0.6664844177145981 0.386544772620722 0.03827227993439038 0.025785278949835913
211 0.6243849097867687 0.41584622597280824 0.02077638053581192 0.03187998124706985
106 0.762165117550574 0.2911392405063291 0.04045926735921269 0.02625410220346929
106 0.5828321487151449 0.8286451007969995 0.03827227993439038 0.031411157993436474
13 0.5675232367413887 0.41373652133145805 0.034991798797156914 0.028598218471636194
118 0.6820667031164571 0.6699484294421003 0.04428649535265172 0.032817627754336616
211 0.6273920174958993 0.35185185185185186 0.018042646254784037 0.026722925457102673
119 0.565882996172772 0.6373652133145804 0.0306178239475123 0.03422409751523676
44 0.7386550027337343 0.8928738865447726 0.05139420448332422 0.027660571964369433
160 0.6221979223619464 0.2913736521331458 0.03389830508474576 0.025785278949835913
200 0.6109896118097321 0.9796061884669479 0.03335155822854018 0.02203469292076887
7 0.7772006560962275 0.8666197843413034 0.021323127392017496 0.030473511486169714
211 0.6971022416621104 0.8305203938115331 0.017495899398578457 0.030473511486169714
211 0.6703116457080371 0.19737458977965308 0.02077638053581192 0.029067041725269572
13 0.7017495899398578 0.2548054383497422 0.027884089666484417 0.028598218471636194
160 0.5885729907053034 0.7667604313173934 0.03991252050300711 0.035161744022503515
22 0.7268999453253144 0.2909048288795124 0.030071077091306724 0.026722925457102673
160 0.7813012575177692 0.612751992498828 0.03608529250956807 0.034692920768870136
99 0.643521049753964 0.8312236286919831 0.02405686167304538 0.03563056727613689
7 0.6809732094040459 0.3527894983591186 0.03116457080371788 0.031411157993436474
106 0.643521049753964 0.4479606188466948 0.04264625478403499 0.030473511486169714
13 0.6211044286495353 0.543834974214721 0.02077638053581192 0.02625410220346929
160 0.555494805904866 0.7977027660571965 0.03280481137233461 0.027660571964369433
13 0.825587752870421 0.6748710736052508 0.034991798797156914 0.030473511486169714
13 0.7498633132859486 0.8345053914674168 0.03991252050300711 0.029067041725269572
6 0.6528157463094587 0.2611345522737928 0.03280481137233461 0.02344116268166901
22 0.6577364680153089 0.7623066104078763 0.03389830508474576 0.03187998124706985
110 0.6979223619464188 0.8928738865447726 0.03225806451612903 0.027660571964369433
22 0.6186440677966102 0.8293483356774496 0.03116457080371788 0.030004688232536336
22 0.6312192454893384 0.8607594936708861 0.036632039365773646 0.03187998124706985
22 0.5661563696008748 0.4477262072198781 0.03116457080371788 0.029067041725269572
200 0.6246582832148715 0.9231129864041256 0.03444505194095134 0.02812939521800281
99 0.7547840349917988 0.8654477262072199 0.024603608529250958 0.029067041725269572
118 0.7501366867140514 0.6101734646038444 0.04264625478403499 0.030473511486169714
22 0.6694915254237288 0.8926394749179559 0.030071077091306724 0.030004688232536336
185 0.58529250956807 0.7984060009376465 0.03335155822854018 0.02812939521800281
224 0.6522689994532531 0.3499765588373183 0.03171131765992345 0.027660571964369433
32 0.7627118644067796 0.48007501172058137 0.03936577364680153 0.02812939521800281
160 0.621377802077638 0.19596812001875294 0.03116457080371788 0.03187998124706985
99 0.7113176599234554 0.977262072198781 0.02952433023510115 0.02015939990623535
32 0.5934937124111537 0.2271448663853727 0.03335155822854018 0.027660571964369433
22 0.7720065609622745 0.5782934833567746 0.03827227993439038 0.029535864978902954
224 0.5907599781301257 0.9217065166432254 0.03225806451612903 0.02625410220346929
224 0.14270092946965554 0.409985935302391 0.03280481137233461 0.029535864978902954
200 0.6708583925642427 0.5140646976090014 0.03280481137233461 0.03234880450070324
118 0.749316566429743 0.6711204875761838 0.038819026790595956 0.029535864978902954
99 0.6593767085839256 0.4840600093764651 0.019682886823400764 0.030473511486169714
119 0.6271186440677966 0.3837318330989217 0.028430836522689993 0.03234880450070324
110 0.6539092400218699 0.8012189404594467 0.03280481137233461 0.029067041725269572
22 0.6339529797703664 0.48265353961556495 0.030071077091306724 0.027660571964369433
119 0.9543466375068343 0.6157993436474449 0.0377255330781848 0.031411157993436474
44 0.773920174958994 0.9594467885607126 0.03444505194095134 0.029535864978902954
118 0.6610169491525424 0.29043600562587907 0.04155276107162384 0.02390998593530239
13 0.5776380535811919 0.9512423816221285 0.038819026790595956 0.02812939521800281
211 0.731273920174959 0.31926863572433195 0.02241662110442865 0.03375527426160337
22 0.6476216511755057 0.5454758556024378 0.03225806451612903 0.02390998593530239
22 0.9338436303991252 0.6772151898734177 0.03171131765992345 0.027660571964369433
7 0.6820667031164571 0.6439287388654478 0.030071077091306724 0.02109704641350211
118 0.5896664844177146 0.28996718237224567 0.035538545653362494 0.02390998593530239
22 0.7296336796063423 0.4805438349742147 0.028977583378895572 0.029067041725269572
106 0.7386550027337343 0.9219409282700421 0.037178786221979225 0.037037037037037035
224 0.5940404592673593 0.5426629160806375 0.03444505194095134 0.025785278949835913
211 0.7315472936030618 0.8640412564463197 0.016402405686167305 0.02719174871073605
22 0.7452159650082012 0.44678856071261136 0.02952433023510115 0.030004688232536336
22 0.7154182613449973 0.4174871073605251 0.03444505194095134 0.025785278949835913
22 0.7580645161290323 0.25902484763244255 0.03335155822854018 0.027660571964369433
200 0.5817386550027337 0.32090951711204874 0.0306178239475123 0.02390998593530239
99 0.8690541279387644 0.646038443506798 0.028977583378895572 0.032817627754336616
44 0.5574084199015855 0.6024378809188936 0.04866047020229634 0.030004688232536336
7 0.5924002186987425 0.513595874355368 0.03444505194095134 0.030473511486169714
200 0.5997813012575177 0.4149085794655415 0.03280481137233461 0.02531645569620253
200 0.6828868234007655 0.4484294421003282 0.037178786221979225 0.031411157993436474
22 0.9609075997813012 0.6472105016408813 0.036632039365773646 0.033286451007969994
22 0.6735921268452706 0.3176277543366151 0.02952433023510115 0.030473511486169714
22 0.7088572990705303 0.6092358180965776 0.03335155822854018 0.028598218471636194
200 0.722252597047567 0.5457102672292545 0.04373974849644614 0.02719174871073605
118 0.7050300710770913 0.22620721987810596 0.04100601421541826 0.027660571964369433
224 0.6079825041006014 0.4838255977496484 0.02405686167304538 0.029067041725269572
149 0.7706396938217606 0.7414439756211908 0.03444505194095134 0.03422409751523676
22 0.5869327501366867 0.2583216127519925 0.02569710224166211 0.03187998124706985
185 0.6410606889010388 0.32184716361931553 0.04100601421541826 0.02390998593530239
224 0.6241115363586659 0.7648851383028599 0.03116457080371788 0.03234880450070324
200 0.6328594860579552 0.7355836849507735 0.04100601421541826 0.02719174871073605
99 0.6591033351558229 0.5761837787154243 0.02569710224166211 0.030942334739803096
200 0.6481683980317113 0.41631504922644164 0.03335155822854018 0.02625410220346929
22 0.6828868234007655 0.9791373652133146 0.02733734281027884 0.02297233942803563
119 0.7184253690541279 0.8356774496015003 0.028430836522689993 0.030473511486169714
32 0.5913067249863313 0.8942803563056727 0.03444505194095134 0.029535864978902954
119 0.7490431930016402 0.7733239568682607 0.028430836522689993 0.029535864978902954
160 0.5724439584472389 0.6692451945616502 0.0306178239475123 0.03234880450070324
7 0.599507927829415 0.8616971401781528 0.030071077091306724 0.01969057665260197
185 0.6273920174958993 0.5750117205813409 0.036632039365773646 0.03234880450070324
200 0.7457627118644068 0.22808251289263948 0.0448332422088573 0.029535864978902954
200 0.7692728266812466 0.35654008438818563 0.03171131765992345 0.030473511486169714
58 0.706670311645708 0.3884200656352555 0.04428649535265172 0.030473511486169714
224 0.7001093493712411 0.4784341303328645 0.028977583378895572 0.025785278949835913
32 0.5571350464734828 0.7353492733239568 0.04045926735921269 0.027660571964369433
176 0.6410606889010388 0.5131270511017346 0.03444505194095134 0.033286451007969994
160 0.6107162383816293 0.319971870604782 0.034991798797156914 0.026722925457102673
200 0.8936577364680153 0.6448663853727145 0.03444505194095134 0.030473511486169714
13 0.7159650082012028 0.9573370839193625 0.03225806451612903 0.032817627754336616
118 0.6022416621104428 0.4484294421003282 0.038819026790595956 0.03609939052977028
13 0.7525970475669765 0.19831223628691982 0.03225806451612903 0.02812939521800281
6 0.6861673045379989 0.7665260196905767 0.037178786221979225 0.029067041725269572
118 0.5880262438490979 0.5712611345522738 0.04100601421541826 0.03234880450070324
200 0.5604155276107162 0.5417252695733709 0.0306178239475123 0.02203469292076887
22 0.5251503553854565 0.7351148616971401 0.028977583378895572 0.030942334739803096
224 0.8004373974849645 0.6739334270979841 0.02733734281027884 0.030473511486169714
13 0.5934937124111537 0.7348804500703235 0.036632039365773646 0.029535864978902954
118 0.6528157463094587 0.9554617909048289 0.04264625478403499 0.03187998124706985
200 0.6027884089666484 0.35208626347866856 0.03444505194095134 0.02812939521800281
149 0.8108255877528704 0.7055789967182372 0.03389830508474576 0.02250351617440225
22 0.6984691088026244 0.9231129864041256 0.03991252050300711 0.034692920768870136
99 0.711864406779661 0.803328645100797 0.028430836522689993 0.03609939052977028
7 0.6856205576817933 0.9547585560243788 0.03171131765992345 0.035161744022503515
211 0.6178239475123019 0.9542897327707455 0.02952433023510115 0.02390998593530239
58 0.6700382722799344 0.606657290201594 0.04319300164024057 0.030004688232536336
200 0.11262985237834883 0.40670417252695734 0.0306178239475123 0.031411157993436474
44 0.6910880262438491 0.5745428973277075 0.049207217058501916 0.031411157993436474
13 0.9275560415527611 0.6458040318799813 0.035538545653362494 0.03609939052977028
224 0.7618917441224713 0.9796061884669479 0.026790595954073265 0.01922175339896859
13 0.6541826134499726 0.9791373652133146 0.02241662110442865 0.02203469292076887
22 0.6347731000546747 0.6059540553211439 0.03389830508474576 0.03234880450070324
44 0.749316566429743 0.41561181434599154 0.03335155822854018 0.024847632442569153
211 0.6159103335155823 0.5124238162212845 0.01694915254237288 0.030942334739803096
22 0.7698195735374521 0.9254571026722925 0.025150355385456534 0.03750586029067042
58 0.6066156369600875 0.6708860759493671 0.04100601421541826 0.030942334739803096
149 0.863039912520503 0.676277543366151 0.04100601421541826 0.027660571964369433
6 0.900492072170585 0.6753398968588842 0.03389830508474576 0.03234880450070324
22 0.7211591033351559 0.7721518987341772 0.03171131765992345 0.03187998124706985
119 0.5694368507381082 0.8614627285513361 0.027884089666484417 0.027660571964369433
119 0.6962821213778021 0.513595874355368 0.03225806451612903 0.028598218471636194
7 0.6208310552214324 0.6373652133145804 0.030071077091306724 0.029535864978902954
13 0.6260251503553854 0.22573839662447256 0.03389830508474576 0.028598218471636194
119 0.7151448879168945 0.4484294421003282 0.02733734281027884 0.03234880450070324
118 0.7936030617823947 0.6436943272386311 0.0377255330781848 0.02625410220346929
32 0.69901585565883 0.19573370839193624 0.038819026790595956 0.030473511486169714
32 0.7370147621651175 0.7414439756211908 0.0306178239475123 0.026722925457102673
224 0.544013121924549 0.8223159868729489 0.02952433023510115 0.029067041725269572
22 0.7162383816293056 0.6718237224566338 0.0306178239475123 0.030004688232536336
106 0.8337889557135046 0.6441631504922645 0.045926735921268454 0.029067041725269572
99 0.7433023510114817 0.9587435536802625 0.021323127392017496 0.030942334739803096
22 0.6194641880809185 0.7986404125644632 0.034991798797156914 0.028598218471636194
211 0.6765992345544013 0.26019690576652604 0.021323127392017496 0.02812939521800281
119 0.7383816293056314 0.35724331926863573 0.03225806451612903 0.030942334739803096
200 0.7274466921815199 0.5147679324894515 0.035538545653362494 0.02625410220346929
119 0.7088572990705303 0.35208626347866856 0.03116457080371788 0.034692920768870136
118 0.7348277747402953 0.5761837787154243 0.03936577364680153 0.03375527426160337
211 0.6785128485511208 0.48171589310829815 0.016402405686167305 0.028598218471636194
185 0.6946418808091853 0.29324894514767935 0.03444505194095134 0.024847632442569153
13 0.6481683980317113 0.1964369432723863 0.03444505194095134 0.02812939521800281
118 0.8198469108802624 0.6132208157524613 0.038819026790595956 0.030004688232536336
76 0.5716238381629306 0.9739803094233473 0.035538545653362494 0.03234880450070324
44 0.5708037178786222 0.48218471636193155 0.04811372334609076 0.027660571964369433
176 0.8829961727720066 0.6143928738865447 0.03827227993439038 0.03422409751523676
106 0.6837069436850738 0.5445382090951711 0.035538545653362494 0.028598218471636194
224 0.6011481683980318 0.6068917018284107 0.038819026790595956 0.030473511486169714
119 0.759704756697649 0.5457102672292545 0.03444505194095134 0.02719174871073605
13 0.5716238381629306 0.34786685419596813 0.028977583378895572 0.029067041725269572
58 0.7230727173318754 0.6406469760900141 0.04428649535265172 0.03234880450070324
32 0.5617823947512302 0.5121894045944679 0.03225806451612903 0.030473511486169714
118 0.7804811372334609 0.8917018284106891 0.030071077091306724 0.02531645569620253
149 0.7780207763805358 0.7756680731364276 0.02733734281027884 0.026722925457102673
99 0.6686714051394205 0.7327707454289732 0.03171131765992345 0.029067041725269572
13 0.7031164570803717 0.31833098921706515 0.03608529250956807 0.02719174871073605
6 0.08365226899945326 0.41022034692920767 0.0306178239475123 0.03375527426160337
