200 0.23041666666666666 0.6447497546614328 0.07583333333333334 0.07262021589793916
160 0.3025 0.7669283611383709 0.06166666666666667 0.08930323846908735
118 0.3 0.6383709519136408 0.07833333333333334 0.07360157016683022
99 0.25625 0.35819430814524045 0.049166666666666664 0.09813542688910697
110 0.3625 0.754170755642787 0.06666666666666667 0.07948969578017664
119 0.29291666666666666 0.4636898920510304 0.0625 0.06967615309126594
149 0.4529166666666667 0.35426889106967613 0.0775 0.09421000981354269
119 0.3541666666666667 0.46418056918547596 0.065 0.06869479882237488
149 0.43083333333333335 0.7473012757605496 0.08666666666666667 0.09126594700686948
7 0.2475 0.7654563297350343 0.08166666666666667 0.09028459273797841
211 0.4895833333333333 0.73846908734053 0.0425 0.09126594700686948
224 0.14916666666666667 0.33758586849852795 0.04666666666666667 0.0647693817468106
22 0.3145833333333333 0.35525024533856725 0.0675 0.10009813542688911
160 0.46125 0.4553483807654563 0.0675 0.07850834151128558
224 0.5208333333333334 0.4494602551521099 0.051666666666666666 0.08243375858684986
200 0.20125 0.3439646712463199 0.0675 0.06771344455348381
7 0.13833333333333334 0.4685966633954858 0.05 0.0775269872423945
13 0.35 0.24043179587831207 0.08833333333333333 0.06869479882237488
176 0.18333333333333332 0.2423945044160942 0.08 0.09617271835132483
211 0.24791666666666667 0.46712463199214915 0.03916666666666667 0.09028459273797841
7 0.4141666666666667 0.2477919528949951 0.10833333333333334 0.0873405299313052
224 0.19375 0.7664376840039254 0.0525 0.06084396467124632
224 0.2920833333333333 0.23846908734052993 0.060833333333333336 0.09224730127576054
16 0.37916666666666665 0.35574092247301276 0.08166666666666667 0.09322865554465162
176 0.19458333333333333 0.46957801766437685 0.06916666666666667 0.08930323846908735
22 0.405 0.4573110893032385 0.05 0.06869479882237488
211 0.24208333333333334 0.24386653581943082 0.0425 0.10107948969578018
