200 0.3660205245153934 0.3819530284301607 0.06385404789053592 0.027194066749072928
22 0.37856328392246297 0.5812731767614339 0.052451539338654506 0.03522867737948084
224 0.6191562143671607 0.830655129789864 0.06157354618015964 0.037082818294190356
7 0.7616875712656784 0.877008652657602 0.06157354618015964 0.03337453646477132
7 0.2542759407069555 0.28862793572311496 0.06385404789053592 0.037082818294190356
211 0.18415051311288483 0.4610630407911001 0.028506271379703536 0.030902348578491966
118 0.5370581527936146 0.5009270704573547 0.06841505131128849 0.033992583436341164
119 0.6071835803876853 0.30067985166872685 0.04446978335233751 0.03646477132262052
200 0.30786773090079816 0.25092707045735474 0.05473204104903079 0.030902348578491966
7 0.2708095781071836 0.8723733003708282 0.06727480045610035 0.0377008652657602
200 0.2377423033067275 0.45859085290482077 0.06271379703534778 0.02843016069221261
106 0.6391106043329533 0.5067985166872683 0.06955530216647662 0.034610630407911
211 0.35290763968072975 0.25061804697156986 0.037628278221208664 0.03522867737948084
22 0.33808437856328394 0.7509270704573547 0.07411630558722919 0.034610630407911
160 0.6106043329532497 0.5840543881334982 0.06955530216647662 0.03584672435105068
7 0.24287343215507412 0.5411001236093943 0.06157354618015964 0.02781211372064277
106 0.33352337514253133 0.29140914709517923 0.07411630558722919 0.0315203955500618
32 0.8312428734321551 0.8720642768850433 0.07297605473204105 0.037082818294190356
200 0.33409350057012543 0.7938813349814586 0.0661345496009122 0.0315203955500618
160 0.3090079817559863 0.7098269468479604 0.06841505131128849 0.0377008652657602
211 0.4623717217787913 0.8312731767614339 0.028506271379703536 0.030902348578491966
13 0.5524515393386545 0.75 0.07639680729760548 0.0377008652657602
6 0.790193842645382 0.8315822002472187 0.07069555302166476 0.040173053152039555
22 0.49372862029646525 0.9598269468479604 0.07069555302166476 0.04573547589616811
7 0.5860889395667047 0.5414091470951793 0.05701254275940707 0.030902348578491966
211 0.5028506271379704 0.29295426452410384 0.027366020524515394 0.03584672435105068
22 0.4811858608893957 0.5831273176761433 0.052451539338654506 0.030284301606922127
211 0.22234891676168758 0.7938813349814586 0.029646522234891677 0.03646477132262052
160 0.8460661345496009 0.8337453646477132 0.04561003420752566 0.04449938195302843
13 0.4429874572405929 0.6254635352286774 0.07183580387685291 0.030902348578491966
58 0.47833523375142534 0.4626081582200247 0.07183580387685291 0.032756489493201486
224 0.3329532497149373 0.9585908529048207 0.05701254275940707 0.03584672435105068
211 0.2913340935005701 0.9567367119901112 0.028506271379703536 0.03584672435105068
118 0.6790193842645382 0.25123609394313967 0.04903078677309008 0.03646477132262052
211 0.5889395667046751 0.5037082818294191 0.0330672748004561 0.030902348578491966
22 0.33181299885974913 0.6248454882571075 0.059293044469783354 0.032138442521631644
160 0.290193842645382 0.5398640296662547 0.05815279361459521 0.0315203955500618
110 0.5427594070695553 0.5380098887515451 0.059293044469783354 0.030284301606922127
22 0.3392246294184721 0.5024721878862793 0.06271379703534778 0.03337453646477132
224 0.6784492588369442 0.5825092707045736 0.0661345496009122 0.03522867737948084
118 0.19213226909920184 0.6254635352286774 0.07639680729760548 0.04573547589616811
22 0.5450399087799316 0.4619901112484549 0.059293044469783354 0.033992583436341164
160 0.9344355758266819 0.8760815822002472 0.04903078677309008 0.04140914709517923
32 0.38768529076396807 0.6251545117428925 0.05701254275940707 0.032756489493201486
13 0.4640820980615735 0.33498145859085293 0.10034207525655645 0.038318912237330034
118 0.9578107183580388 0.9585908529048207 0.06841505131128849 0.03955500618046971
13 0.3483466362599772 0.5377008652657602 0.06727480045610035 0.029666254635352288
22 0.27537058152793614 0.6711990111248455 0.06271379703534778 0.032138442521631644
58 0.19840364880273662 0.673053152039555 0.08665906499429875 0.034610630407911
200 0.5091220068415051 0.6279357231149567 0.06955530216647662 0.02843016069221261
7 0.6835803876852907 0.4221260815822003 0.053591790193842644 0.030902348578491966
22 0.62884834663626 0.24907292954264523 0.046750285062713795 0.03337453646477132
22 0.5621436716077537 0.8303461063040791 0.05701254275940707 0.033992583436341164
106 0.7075256556442417 0.5089616810877626 0.06955530216647662 0.0377008652657602
106 0.6602052451539339 0.9595179233621756 0.06841505131128849 0.033992583436341164
149 0.4122006841505131 0.7070457354758962 0.06955530216647662 0.034610630407911
118 0.8295324971493728 0.9558096415327565 0.06043329532497149 0.033992583436341164
32 0.7263397947548461 0.5441903584672435 0.05701254275940707 0.03646477132262052
211 0.62884834663626 0.5411001236093943 0.028506271379703536 0.0315203955500618
58 0.40364880273660203 0.9604449938195303 0.08437856328392246 0.042027194066749075
58 0.4629418472063854 0.8745364647713226 0.07525655644241733 0.03337453646477132
13 0.6761687571265679 0.39184177997527814 0.06157354618015964 0.03584672435105068
185 0.5011402508551881 0.8284919653893696 0.06043329532497149 0.0315203955500618
7 0.6676168757126568 0.542027194066749 0.05131128848346636 0.030902348578491966
110 0.33751425313568983 0.6659456118665018 0.06157354618015964 0.03522867737948084
106 0.2451539338654504 0.7110630407911002 0.0661345496009122 0.02781211372064277
118 0.5290763968072976 0.4199629171817058 0.06841505131128849 0.0377008652657602
118 0.5324971493728621 0.7935723114956736 0.06841505131128849 0.034610630407911
22 0.9561003420752565 0.9168726823238567 0.06499429874572406 0.0377008652657602
185 0.34207525655644244 0.4604449938195303 0.07297605473204105 0.032138442521631644
32 0.5518814139110604 0.29480840543881337 0.06841505131128849 0.037082818294190356
118 0.6106043329532497 0.4604449938195303 0.07183580387685291 0.03337453646477132
160 0.5421892816419612 0.5840543881334982 0.06955530216647662 0.03955500618046971
224 0.43272519954389965 0.5812731767614339 0.04903078677309008 0.0315203955500618
200 0.6966932725199544 0.9174907292954264 0.06841505131128849 0.032756489493201486
119 0.18586088939566706 0.9622991347342398 0.059293044469783354 0.029666254635352288
99 0.5667046750285063 0.6313349814585909 0.04789053591790194 0.0377008652657602
211 0.23603192702394526 0.3810259579728059 0.05017103762827822 0.040173053152039555
118 0.5661345496009123 0.25339925834363414 0.07411630558722919 0.038318912237330034
211 0.4053591790193843 0.4196538936959209 0.0330672748004561 0.038318912237330034
8 0.6750285062713797 0.830655129789864 0.04789053591790194 0.03584672435105068
7 0.5438996579247435 0.7098269468479604 0.05473204104903079 0.03522867737948084
185 0.2844925883694413 0.8325092707045736 0.04903078677309008 0.029666254635352288
13 0.887115165336374 0.9144004944375772 0.07297605473204105 0.0315203955500618
119 0.32668187001140253 0.584672435105068 0.06043329532497149 0.03337453646477132
149 0.30615735461801596 0.9165636588380717 0.08095781071835804 0.03584672435105068
119 0.1887115165336374 0.5441903584672435 0.046750285062713795 0.02781211372064277
160 0.47605473204104903 0.5414091470951793 0.07411630558722919 0.038318912237330034
211 0.3238312428734322 0.8754635352286774 0.03420752565564424 0.04264524103831891
106 0.6043329532497149 0.7110630407911002 0.07069555302166476 0.032756489493201486
32 0.48745724059293044 0.7481458590852905 0.06727480045610035 0.033992583436341164
200 0.5992018244013683 0.9604449938195303 0.05131128848346636 0.032138442521631644
13 0.5815279361459521 0.8726823238566132 0.07069555302166476 0.037082818294190356
7 0.6396807297605474 0.8757725587144622 0.0661345496009122 0.034610630407911
7 0.5262257696693272 0.8763906056860321 0.06043329532497149 0.038318912237330034
99 0.39110604332953247 0.7957354758961681 0.043329532497149374 0.03646477132262052
22 0.2023945267958951 0.7543263288009888 0.05131128848346636 0.02904820766378245
118 0.36259977194982895 0.3303461063040791 0.07297605473204105 0.03893695920889988
149 0.4429874572405929 0.38936959208899874 0.08095781071835804 0.02843016069221261
44 0.45039908779931587 0.5 0.09350057012542759 0.03337453646477132
211 0.250285062713797 0.9150185414091471 0.0330672748004561 0.033992583436341164
99 0.46123147092360317 0.29511742892459825 0.05815279361459521 0.03522867737948084
32 0.2708095781071836 0.7904820766378244 0.06727480045610035 0.037082818294190356
13 0.6265678449258837 0.3377626699629172 0.07183580387685291 0.03893695920889988
200 0.6761687571265679 0.707663782447466 0.06841505131128849 0.02595797280593325
6 0.44241733181299886 0.6647095179233622 0.05701254275940707 0.033992583436341164
211 0.6755986316989738 0.7932632880098888 0.03534777651083238 0.0377008652657602
22 0.24686431014823262 0.9585908529048207 0.06043329532497149 0.030902348578491966
185 0.6339794754846066 0.9171817058096415 0.0661345496009122 0.03337453646477132
7 0.8916761687571265 0.9558096415327565 0.07069555302166476 0.03646477132262052
7 0.6151653363740023 0.38813349814585907 0.07183580387685291 0.032138442521631644
32 0.7183580387685291 0.7907911001236094 0.05701254275940707 0.03522867737948084
224 0.17616875712656785 0.7926452410383189 0.06271379703534778 0.03893695920889988
185 0.6995438996579247 0.8754635352286774 0.06271379703534778 0.032756489493201486
224 0.629418472063854 0.7929542645241038 0.06157354618015964 0.03337453646477132
211 0.5889395667046751 0.796044499381953 0.037628278221208664 0.038318912237330034
200 0.3580387685290764 0.4177997527812114 0.06385404789053592 0.038318912237330034
200 0.21892816419612315 0.5852904820766378 0.07069555302166476 0.032138442521631644
7 0.3916761687571266 0.6665636588380717 0.06043329532497149 0.03522867737948084
200 0.41391106043329534 0.538627935723115 0.07297605473204105 0.02781211372064277
110 0.6140250855188142 0.4245982694684796 0.07867730900798175 0.03337453646477132
44 0.45381984036488027 0.7926452410383189 0.09350057012542759 0.0315203955500618
118 0.29646522234891676 0.37917181705809644 0.0661345496009122 0.03522867737948084
211 0.4509692132269099 0.25494437577255874 0.0330672748004561 0.0315203955500618
32 0.9059293044469784 0.8343634116192831 0.06727480045610035 0.04449938195302843
160 0.6556442417331813 0.29913473423980225 0.05701254275940707 0.02843016069221261
7 0.7246294184720639 0.8343634116192831 0.06271379703534778 0.04326328800988875
76 0.41904218928164194 0.9147095179233622 0.07867730900798175 0.0580964153275649
58 0.685290763968073 0.7503090234857849 0.08437856328392246 0.034610630407911
200 0.6818700114025086 0.4610630407911001 0.06841505131128849 0.03584672435105068
211 0.23660205245153934 0.5021631644004945 0.03078677309007982 0.0315203955500618
58 0.5838084378563284 0.673053152039555 0.09350057012542759 0.03584672435105068
8 0.2103762827822121 0.915327564894932 0.05815279361459521 0.03337453646477132
22 0.4104903078677309 0.4632262051915946 0.06385404789053592 0.033992583436341164
224 0.7058152793614595 0.6245364647713226 0.06385404789053592 0.0315203955500618
7 0.33979475484606614 0.8300370828182941 0.07069555302166476 0.034610630407911
160 0.49885974914481185 0.669035846724351 0.06955530216647662 0.0377008652657602
22 0.40193842645381983 0.2920271940667491 0.06499429874572406 0.032756489493201486
160 0.2958950969213227 0.46013597033374537 0.055872291904218926 0.03646477132262052
6 0.2668187001140251 0.7515451174289246 0.07297605473204105 0.032138442521631644
211 0.8397947548460661 0.9184177997527813 0.026225769669327253 0.03584672435105068
200 0.6545039908779932 0.6671817058096415 0.0661345496009122 0.032756489493201486
118 0.24743443557582667 0.24721878862793573 0.059293044469783354 0.030902348578491966
200 0.500570125427594 0.25247218788627934 0.0661345496009122 0.030284301606922127
118 0.4144811858608894 0.7512360939431397 0.07867730900798175 0.040173053152039555
211 0.47206385404789053 0.9162546353522868 0.029646522234891677 0.03522867737948084
200 0.6402508551881414 0.6236093943139679 0.06955530216647662 0.030902348578491966
110 0.26624857468643104 0.6294808405438813 0.07639680729760548 0.04140914709517923
110 0.28335233751425315 0.5024721878862793 0.06271379703534778 0.030902348578491966
99 0.36259977194982895 0.7073547589616811 0.04789053591790194 0.033992583436341164
32 0.2805017103762828 0.5831273176761433 0.05017103762827822 0.03893695920889988
13 0.5216647662485747 0.9177997527812114 0.06043329532497149 0.03337453646477132
22 0.5792474344355758 0.9165636588380717 0.059293044469783354 0.03337453646477132
99 0.8933865450399088 0.8773176761433868 0.039908779931584946 0.03646477132262052
44 0.7462941847206386 0.9604449938195303 0.08551881413911061 0.034610630407911
149 0.3922462941847206 0.8522867737948084 0.05701254275940707 0.02595797280593325
160 0.7537058152793614 0.9156365883807169 0.06157354618015964 0.040173053152039555
58 0.2896237172177879 0.4177997527812114 0.07069555302166476 0.034610630407911
118 0.41163055872291904 0.8294190358467244 0.07297605473204105 0.03584672435105068
99 0.8072976054732041 0.9140914709517923 0.036488027366020526 0.03584672435105068
13 0.3979475484606613 0.25401730531520395 0.05701254275940707 0.034610630407911
22 0.18757126567844926 0.7110630407911002 0.046750285062713795 0.03522867737948084
99 0.38540478905359177 0.5043263288009888 0.043329532497149374 0.03584672435105068
200 0.20866590649942987 0.4147095179233622 0.07297605473204105 0.029666254635352288
224 0.1961231470923603 0.5012360939431397 0.05017103762827822 0.030902348578491966
7 0.6117445838084379 0.7512360939431397 0.06955530216647662 0.03646477132262052
7 0.5473204104903079 0.33405438813349814 0.07525655644241733 0.04388133498145859
224 0.4823261117445838 0.7095179233621756 0.07069555302166476 0.038318912237330034
149 0.45781071835803877 0.42058096415327567 0.07183580387685291 0.03646477132262052
58 0.5290763968072976 0.38813349814585907 0.09806157354618016 0.030902348578491966
