22 0.3749294184076793 0.36014851485148514 0.015810276679841896 0.04455445544554455
7 0.09232072275550536 0.15222772277227722 0.015245623941276116 0.039603960396039604
224 0.37577639751552794 0.4127475247524752 0.015245623941276116 0.03589108910891089
16 0.6606437041219649 0.46534653465346537 0.019198193111236588 0.05198019801980198
44 0.7450592885375494 0.46534653465346537 0.019762845849802372 0.04702970297029703
13 0.6414455110107284 0.19616336633663367 0.019198193111236588 0.04579207920792079
13 0.6877470355731226 0.5841584158415841 0.019198193111236588 0.04455445544554455
7 0.3613777526821005 0.4121287128712871 0.014680971202710334 0.034653465346534656
7 0.759175607001694 0.2896039603960396 0.017504234895539244 0.04207920792079208
211 0.4771315640880858 0.4090346534653465 0.010163749294184076 0.043316831683168314
22 0.9045736871823828 0.6417079207920792 0.014680971202710334 0.038366336633663366
200 0.8229813664596274 0.6800742574257426 0.014116318464144552 0.038366336633663366
7 0.4915302089215133 0.3069306930693069 0.018633540372670808 0.04207920792079208
118 0.9062676453980801 0.4665841584158416 0.020327498588368152 0.04207920792079208
160 0.728119706380576 0.7914603960396039 0.018633540372670808 0.04826732673267327
160 0.8907396950875212 0.6899752475247525 0.023150762281197064 0.04826732673267327
99 0.4472049689440994 0.7883663366336634 0.014680971202710334 0.05693069306930693
118 0.5835686053077357 0.41027227722772275 0.023150762281197064 0.043316831683168314
13 0.7394127611518916 0.6831683168316832 0.009599096555618294 0.04207920792079208
22 0.7800677583286278 0.39294554455445546 0.01637492941840768 0.038366336633663366
32 0.7075098814229249 0.7363861386138614 0.021456804065499716 0.039603960396039604
13 0.06408808582721626 0.21596534653465346 0.015245623941276116 0.038366336633663366
58 0.4308300395256917 0.6268564356435643 0.029361942405420668 0.038366336633663366
200 0.8910220214568041 0.5266089108910891 0.014680971202710334 0.03589108910891089
7 0.5632411067193676 0.40965346534653463 0.017504234895539244 0.04207920792079208
143 0.44240542066629024 0.5241336633663366 0.01637492941840768 0.050742574257425746
118 0.49265951439864486 0.40594059405940597 0.019762845849802372 0.04455445544554455
211 0.31281761716544326 0.6782178217821783 0.009034443817052512 0.04950495049504951
118 0.4568040654997177 0.46163366336633666 0.02710333145115754 0.04207920792079208
22 0.5358554488989271 0.7704207920792079 0.01355166572557877 0.04084158415841584
22 0.45200451722190854 0.630569306930693 0.014116318464144552 0.04579207920792079
7 0.5471485036702428 0.2530940594059406 0.014680971202710334 0.04579207920792079
6 0.4124788255223038 0.12004950495049505 0.017504234895539244 0.04455445544554455
7 0.6479390175042349 0.46720297029702973 0.01637492941840768 0.04579207920792079
149 0.5948616600790514 0.30198019801980197 0.0220214568040655 0.03712871287128713
149 0.4988706945228684 0.6256188118811881 0.019762845849802372 0.04084158415841584
22 0.7075098814229249 0.5253712871287128 0.01693958215697346 0.04579207920792079
149 0.9330886504799548 0.21349009900990099 0.019762845849802372 0.055693069306930694
58 0.3040654997176736 0.1670792079207921 0.028797289666854884 0.04950495049504951
149 0.6778656126482213 0.3582920792079208 0.019762845849802372 0.038366336633663366
13 0.5403726708074534 0.4659653465346535 0.01693958215697346 0.04579207920792079
44 0.45511010728402035 0.2537128712871287 0.025974025974025976 0.039603960396039604
32 0.8046301524562394 0.3372524752475248 0.018068887634105024 0.03589108910891089
118 0.4867306606437041 0.5179455445544554 0.021456804065499716 0.03589108910891089
13 0.4774138904573687 0.7295792079207921 0.018633540372670808 0.04084158415841584
99 0.7453416149068323 0.5829207920792079 0.018068887634105024 0.0594059405940594
211 0.8385093167701864 0.5160891089108911 0.012422360248447204 0.04950495049504951
6 0.5474308300395256 0.3558168316831683 0.018633540372670808 0.050742574257425746
160 0.30971202710333146 0.11262376237623763 0.023150762281197064 0.07673267326732673
224 0.6007905138339921 0.6844059405940595 0.01355166572557877 0.054455445544554455
7 0.3780350084697911 0.14232673267326731 0.017504234895539244 0.04950495049504951
6 0.7413890457368718 0.24628712871287128 0.01693958215697346 0.04455445544554455
7 0.5324675324675324 0.3613861386138614 0.014680971202710334 0.04207920792079208
224 0.735742518351214 0.7332920792079208 0.01355166572557877 0.04084158415841584
118 0.40993788819875776 0.6794554455445545 0.023715415019762844 0.04455445544554455
200 0.34754376058723885 0.6794554455445545 0.014116318464144552 0.03712871287128713
58 0.3681535855448899 0.6763613861386139 0.025974025974025976 0.038366336633663366
224 0.8904573687182383 0.41398514851485146 0.015810276679841896 0.04084158415841584
7 0.7639751552795031 0.5204207920792079 0.01355166572557877 0.04579207920792079
13 0.7634105025409373 0.3521039603960396 0.019198193111236588 0.04579207920792079
13 0.42377188029361945 0.06064356435643564 0.026538678712591756 0.05198019801980198
13 0.4808018068887634 0.3564356435643564 0.020892151326933936 0.039603960396039604
58 0.883399209486166 0.46844059405940597 0.023150762281197064 0.038366336633663366
185 0.38961038961038963 0.07797029702970297 0.018068887634105024 0.0594059405940594
58 0.6211180124223602 0.5228960396039604 0.021456804065499716 0.055693069306930694
7 0.7015810276679841 0.41027227722772275 0.01637492941840768 0.04579207920792079
118 0.9102202145680407 0.37004950495049505 0.02258610954263128 0.039603960396039604
44 0.9285714285714286 0.46720297029702973 0.019762845849802372 0.04084158415841584
22 0.4624505928853755 0.4084158415841584 0.01693958215697346 0.04455445544554455
32 0.4280067758328628 0.4090346534653465 0.021456804065499716 0.04084158415841584
118 0.3924336533032185 0.359529702970297 0.023715415019762844 0.043316831683168314
224 0.5652173913043478 0.4659653465346535 0.01693958215697346 0.04826732673267327
200 0.860248447204969 0.6893564356435643 0.011857707509881422 0.04455445544554455
118 0.7958780350084698 0.6330445544554455 0.019762845849802372 0.04084158415841584
149 0.6597967250141163 0.19121287128712872 0.0220214568040655 0.043316831683168314
99 0.6668548842461886 0.7970297029702971 0.01355166572557877 0.04950495049504951
185 0.8207227555053642 0.5198019801980198 0.017504234895539244 0.04455445544554455
7 0.03980801806888763 0.1051980198019802 0.023150762281197064 0.039603960396039604
200 0.39751552795031053 0.30816831683168316 0.01355166572557877 0.03712871287128713
7 0.6756070016939583 0.46163366336633666 0.014116318464144552 0.04455445544554455
200 0.4088085827216262 0.7295792079207921 0.014680971202710334 0.038366336633663366
22 0.06578204404291361 0.16027227722772278 0.015245623941276116 0.03589108910891089
224 0.8709768492377188 0.6410891089108911 0.014116318464144552 0.04702970297029703
58 0.35601355166572557 0.3613861386138614 0.025409373235460192 0.04702970297029703
7 0.3255223037831734 0.16274752475247525 0.018633540372670808 0.050742574257425746
149 0.7854319593450029 0.28836633663366334 0.01693958215697346 0.03712871287128713
22 0.3489553924336533 0.3069306930693069 0.014680971202710334 0.04455445544554455
119 0.8359683794466403 0.6336633663366337 0.011857707509881422 0.04950495049504951
160 0.6945228684359119 0.3001237623762376 0.018068887634105024 0.04579207920792079
22 0.4127611518915867 0.35767326732673266 0.01693958215697346 0.039603960396039604
7 0.49209486166007904 0.7345297029702971 0.018633540372670808 0.03589108910891089
7 0.8207227555053642 0.33044554455445546 0.018633540372670808 0.034653465346534656
22 0.7094861660079052 0.19183168316831684 0.018633540372670808 0.05693069306930693
118 0.5293619424054207 0.7283415841584159 0.018633540372670808 0.04826732673267327
13 0.07876905702992659 0.15346534653465346 0.012987012987012988 0.04207920792079208
22 0.6730660643704122 0.5853960396039604 0.018068887634105024 0.04207920792079208
7 0.3514963297571993 0.09034653465346534 0.017504234895539244 0.05198019801980198
99 0.8735177865612648 0.5290841584158416 0.01355166572557877 0.06311881188118812
13 0.6149068322981367 0.568069306930693 0.015810276679841896 0.05198019801980198
7 0.6702428006775832 0.530940594059406 0.018068887634105024 0.04207920792079208
211 0.6953698475437606 0.3589108910891089 0.012987012987012988 0.05198019801980198
44 0.5098814229249012 0.5167079207920792 0.021456804065499716 0.04084158415841584
6 0.06437041219649915 0.10396039603960396 0.020327498588368152 0.05198019801980198
118 0.6225296442687747 0.35705445544554454 0.019762845849802372 0.04084158415841584
200 0.8204404291360813 0.7314356435643564 0.014680971202710334 0.04702970297029703
76 0.7236024844720497 0.5872524752475248 0.029926595143986448 0.0853960396039604
211 0.4658385093167702 0.359529702970297 0.012422360248447204 0.043316831683168314
22 0.9031620553359684 0.21163366336633663 0.0220214568040655 0.054455445544554455
58 0.8303218520609825 0.4245049504950495 0.019762845849802372 0.0297029702970297
99 0.36391869000564653 0.7320544554455446 0.01637492941840768 0.05816831683168317
185 0.8639186900056465 0.5841584158415841 0.015810276679841896 0.039603960396039604
44 0.6493506493506493 0.7456683168316832 0.025974025974025976 0.04084158415841584
7 0.40033879164313946 0.5198019801980198 0.020327498588368152 0.04455445544554455
149 0.4059853190287973 0.0724009900990099 0.014680971202710334 0.05816831683168317
200 0.7549407114624506 0.780940594059406 0.01129305477131564 0.04702970297029703
99 0.6030491247882552 0.7518564356435643 0.01355166572557877 0.055693069306930694
118 0.8495200451722191 0.5816831683168316 0.01637492941840768 0.04455445544554455
143 0.6964991530208922 0.19554455445544555 0.017504234895539244 0.04950495049504951
7 0.6346696781479391 0.25185643564356436 0.018068887634105024 0.038366336633663366
119 0.6705251270468662 0.7425742574257426 0.01637492941840768 0.04950495049504951
224 0.029926595143986448 0.16336633663366337 0.01129305477131564 0.034653465346534656
99 0.8887634105025409 0.21844059405940594 0.015810276679841896 0.07301980198019802
200 0.07255787690570299 0.2141089108910891 0.007340485601355167 0.039603960396039604
44 0.46301524562394125 0.5154702970297029 0.02710333145115754 0.043316831683168314
110 0.5183512140033879 0.6256188118811881 0.019198193111236588 0.04084158415841584
8 0.7464709203839639 0.5216584158415841 0.019198193111236588 0.053217821782178217
58 0.7763975155279503 0.2431930693069307 0.025974025974025976 0.038366336633663366
106 0.47967250141163187 0.46163366336633666 0.0220214568040655 0.04207920792079208
13 0.3091473743647657 0.7933168316831684 0.026538678712591756 0.04702970297029703
211 0.4652738565782044 0.7753712871287128 0.014680971202710334 0.06311881188118812
16 0.9172783738001129 0.2172029702970297 0.014116318464144552 0.05816831683168317
185 0.7128740824392998 0.46472772277227725 0.019762845849802372 0.04579207920792079
7 0.3111236589497459 0.5266089108910891 0.020327498588368152 0.04579207920792079
110 0.6123658949745906 0.29826732673267325 0.015245623941276116 0.04702970297029703
211 0.7605872388481084 0.7264851485148515 0.007905138339920948 0.04207920792079208
7 0.5711462450592886 0.6726485148514851 0.014116318464144552 0.04579207920792079
76 0.5426312817617166 0.5655940594059405 0.019198193111236588 0.06435643564356436
211 0.626764539808018 0.41646039603960394 0.00564652738565782 0.04084158415841584
211 0.5866741953698476 0.682549504950495 0.007905138339920948 0.050742574257425746
44 0.3390739695087521 0.7116336633663366 0.025409373235460192 0.05693069306930693
22 0.7140033879164314 0.6361386138613861 0.01637492941840768 0.04207920792079208
118 0.9364765669113495 0.6899752475247525 0.019762845849802372 0.04826732673267327
185 0.3924336533032185 0.411509900990099 0.01693958215697346 0.038366336633663366
22 0.4401468097120271 0.7308168316831684 0.017504234895539244 0.04579207920792079
6 0.5643704121964992 0.5686881188118812 0.017504234895539244 0.04084158415841584
7 0.8136645962732919 0.4350247524752475 0.014680971202710334 0.04084158415841584
118 0.790231507622812 0.5705445544554455 0.019762845849802372 0.04950495049504951
22 0.5863918690005646 0.7438118811881188 0.014116318464144552 0.05198019801980198
44 0.6826651609260305 0.25123762376237624 0.023715415019762844 0.04455445544554455
224 0.5900621118012422 0.3613861386138614 0.014680971202710334 0.04207920792079208
224 0.7315076228119707 0.6379950495049505 0.015245623941276116 0.038366336633663366
99 0.6784302653867871 0.1998762376237624 0.017504234895539244 0.06311881188118812
224 0.601072840203275 0.24938118811881188 0.01637492941840768 0.04084158415841584
118 0.5979672501411631 0.5637376237623762 0.019198193111236588 0.053217821782178217
200 0.3746470920383964 0.7277227722772277 0.012987012987012988 0.034653465346534656
58 0.48023715415019763 0.25742574257425743 0.024280067758328628 0.04455445544554455
185 0.5793337097684924 0.4659653465346535 0.015810276679841896 0.043316831683168314
160 0.39271597967250144 0.7339108910891089 0.019762845849802372 0.04950495049504951
160 0.9102202145680407 0.5340346534653465 0.023715415019762844 0.053217821782178217
119 0.7721626199887069 0.7258663366336634 0.014116318464144552 0.043316831683168314
110 0.6377752682100508 0.2995049504950495 0.012987012987012988 0.04207920792079208
13 0.3026538678712592 0.36448019801980197 0.021456804065499716 0.04826732673267327
22 0.6044607566346697 0.359529702970297 0.01637492941840768 0.04084158415841584
224 0.6442687747035574 0.6441831683168316 0.015810276679841896 0.04084158415841584
32 0.7964426877470355 0.38985148514851486 0.019762845849802372 0.04207920792079208
200 0.873235460191982 0.21163366336633663 0.015245623941276116 0.034653465346534656
32 0.5169395821569734 0.3527227722772277 0.020892151326933936 0.039603960396039604
224 0.8297571993224168 0.3657178217821782 0.014116318464144552 0.03589108910891089
22 0.7504234895539243 0.7283415841584159 0.01129305477131564 0.043316831683168314
119 0.6490683229813664 0.2506188118811881 0.012987012987012988 0.038366336633663366
200 0.5883681535855448 0.25185643564356436 0.01355166572557877 0.038366336633663366
211 0.8709768492377188 0.2660891089108911 0.010728402032749858 0.05198019801980198
149 0.6962168266516092 0.6868811881188119 0.020327498588368152 0.04702970297029703
185 0.6180124223602484 0.24876237623762376 0.018633540372670808 0.04207920792079208
119 0.7131564088085828 0.7896039603960396 0.015810276679841896 0.04207920792079208
106 0.4342179559570864 0.3589108910891089 0.024844720496894408 0.04207920792079208
106 0.6564088085827217 0.3589108910891089 0.025409373235460192 0.04455445544554455
118 0.9469226425748165 0.4659653465346535 0.018068887634105024 0.03589108910891089
99 0.4601919819311124 0.5773514851485149 0.015810276679841896 0.05816831683168317
118 0.12987012987012986 0.09777227722772278 0.03162055335968379 0.04207920792079208
118 0.5999435347261434 0.5154702970297029 0.020892151326933936 0.038366336633663366
185 0.47939017504234893 0.7790841584158416 0.010163749294184076 0.04579207920792079
7 0.7007340485601355 0.5835396039603961 0.018068887634105024 0.04579207920792079
118 0.6936758893280632 0.46163366336633666 0.020892151326933936 0.03712871287128713
22 0.5635234330886505 0.3582920792079208 0.01693958215697346 0.04579207920792079
224 0.43252399774138905 0.30816831683168316 0.015810276679841896 0.04207920792079208
76 0.7549407114624506 0.6367574257425742 0.025974025974025976 0.0655940594059406
7 0.5016939582156974 0.6800742574257426 0.017504234895539244 0.04084158415841584
119 0.7828910220214568 0.5179455445544554 0.018633540372670808 0.04579207920792079
99 0.7727272727272727 0.29146039603960394 0.014116318464144552 0.04579207920792079
211 0.7766798418972332 0.34529702970297027 0.012987012987012988 0.039603960396039604
22 0.5968379446640316 0.46472772277227725 0.015810276679841896 0.04826732673267327
22 0.6504799548277809 0.29455445544554454 0.015810276679841896 0.03712871287128713
7 0.6261998870694523 0.30136138613861385 0.01693958215697346 0.04084158415841584
160 0.4155844155844156 0.31435643564356436 0.02258610954263128 0.054455445544554455
200 0.6199887069452287 0.6868811881188119 0.01355166572557877 0.04455445544554455
32 0.7264257481648786 0.5253712871287128 0.020892151326933936 0.043316831683168314
160 0.7286843591191418 0.1998762376237624 0.023150762281197064 0.05816831683168317
119 0.4483342744212309 0.41089108910891087 0.018068887634105024 0.039603960396039604
7 0.6871823828345568 0.7475247524752475 0.01693958215697346 0.04455445544554455
7 0.41869000564652736 0.2592821782178218 0.01637492941840768 0.043316831683168314
22 0.6629023150762281 0.24876237623762376 0.01355166572557877 0.03712871287128713
224 0.7893845285149633 0.34220297029702973 0.01355166572557877 0.03589108910891089
118 0.3709768492377188 0.08601485148514851 0.025974025974025976 0.055693069306930694
8 0.6284584980237155 0.7413366336633663 0.014680971202710334 0.04702970297029703
7 0.31648785996612083 0.3626237623762376 0.015245623941276116 0.04702970297029703
200 0.8399209486166008 0.20915841584158415 0.024280067758328628 0.05198019801980198
7 0.6264822134387352 0.19801980198019803 0.019762845849802372 0.04950495049504951
118 0.3424618859401468 0.7840346534653465 0.020892151326933936 0.038366336633663366
7 0.4971767363071711 0.3564356435643564 0.015245623941276116 0.04207920792079208
118 0.7196499153020892 0.40779702970297027 0.019762845849802372 0.04579207920792079
224 0.396386222473179 0.1311881188118812 0.015810276679841896 0.04950495049504951
160 0.4483342744212309 0.6837871287128713 0.02258610954263128 0.04826732673267327
22 0.42941840767927725 0.6794554455445545 0.011857707509881422 0.04207920792079208
13 0.6595143986448334 0.6441831683168316 0.01693958215697346 0.03589108910891089
22 0.5 0.25433168316831684 0.014116318464144552 0.04579207920792079
44 0.8128176171654432 0.573019801980198 0.025409373235460192 0.04455445544554455
211 0.5846979107848673 0.6237623762376238 0.011857707509881422 0.03712871287128713
32 0.4590626764539808 0.7314356435643564 0.023715415019762844 0.03712871287128713
58 0.7814793901750423 0.6788366336633663 0.024844720496894408 0.043316831683168314
22 0.4085262563523433 0.40965346534653463 0.01637492941840768 0.04207920792079208
13 0.7425183512140033 0.7871287128712872 0.014680971202710334 0.04207920792079208
224 0.567476002258611 0.7295792079207921 0.014680971202710334 0.050742574257425746
185 0.6126482213438735 0.6274752475247525 0.014680971202710334 0.039603960396039604
200 0.640033879164314 0.7988861386138614 0.014116318464144552 0.04579207920792079
185 0.5640880858272163 0.25123762376237624 0.01693958215697346 0.04455445544554455
176 0.5079051383399209 0.30507425742574257 0.019762845849802372 0.03341584158415842
200 0.7080745341614907 0.36076732673267325 0.014680971202710334 0.04579207920792079
160 0.5372670807453416 0.6175742574257426 0.0220214568040655 0.06435643564356436
7 0.8537549407114624 0.6367574257425742 0.015810276679841896 0.04826732673267327
118 0.5313382269904009 0.5173267326732673 0.02258610954263128 0.03712871287128713
211 0.6154714850367025 0.7462871287128713 0.009034443817052512 0.04207920792079208
119 0.8066064370412197 0.7283415841584159 0.014116318464144552 0.043316831683168314
44 0.3430265386787126 0.411509900990099 0.024280067758328628 0.03589108910891089
143 0.4333709768492377 0.26485148514851486 0.018633540372670808 0.04702970297029703
118 0.8565782044042913 0.2636138613861386 0.018068887634105024 0.04950495049504951
58 0.6496329757199323 0.5841584158415841 0.02766798418972332 0.04455445544554455
44 0.3297571993224167 0.2469059405940594 0.030491247882552232 0.05816831683168317
211 0.577639751552795 0.36076732673267325 0.009034443817052512 0.04084158415841584
119 0.6547148503670243 0.4084158415841584 0.01637492941840768 0.04702970297029703
211 0.5782044042913608 0.25185643564356436 0.012422360248447204 0.04084158415841584
44 0.9528514963297572 0.37623762376237624 0.019762845849802372 0.039603960396039604
185 0.7388481084133258 0.4090346534653465 0.015245623941276116 0.043316831683168314
13 0.38198757763975155 0.5773514851485149 0.019762845849802372 0.04826732673267327
7 0.7653867871259176 0.4003712871287129 0.012987012987012988 0.043316831683168314
211 0.4280067758328628 0.5204207920792079 0.012422360248447204 0.04084158415841584
58 0.8723884810841332 0.3694306930693069 0.02258610954263128 0.038366336633663366
118 0.7662337662337663 0.4659653465346535 0.020327498588368152 0.038366336633663366
22 0.7275550536420101 0.24938118811881188 0.01637492941840768 0.04579207920792079
8 0.3170525127046866 0.7252475247524752 0.020892151326933936 0.05198019801980198
99 0.7264257481648786 0.4801980198019802 0.011857707509881422 0.06930693069306931
22 0.5798983625070582 0.5637376237623762 0.01355166572557877 0.043316831683168314
200 0.6801242236024845 0.30074257425742573 0.012987012987012988 0.034653465346534656
211 0.5677583286278939 0.20173267326732675 0.006211180124223602 0.04455445544554455
110 0.7995482778091474 0.4412128712871287 0.015810276679841896 0.03341584158415842
118 0.637210615471485 0.6881188118811881 0.020892151326933936 0.04207920792079208
200 0.4935064935064935 0.7753712871287128 0.015810276679841896 0.04084158415841584
99 0.5087521174477696 0.739480198019802 0.014680971202710334 0.053217821782178217
200 0.7244494635798984 0.29455445544554454 0.012422360248447204 0.034653465346534656
149 0.790231507622812 0.7283415841584159 0.020892151326933936 0.04826732673267327
211 0.36307171089779783 0.3069306930693069 0.01129305477131564 0.04207920792079208
32 0.6962168266516092 0.7908415841584159 0.019198193111236588 0.04207920792079208
99 0.8913043478260869 0.588490099009901 0.015245623941276116 0.050742574257425746
149 0.8060417843026538 0.681930693069307 0.0220214568040655 0.04207920792079208
99 0.12535290796160362 0.2753712871287129 0.01693958215697346 0.04579207920792079
200 0.2919254658385093 0.11943069306930693 0.01693958215697346 0.050742574257425746
22 0.5688876341050254 0.7728960396039604 0.017504234895539244 0.03589108910891089
224 0.3334274421230943 0.3087871287128713 0.015245623941276116 0.043316831683168314
224 0.48306041784302656 0.6287128712871287 0.01637492941840768 0.039603960396039604
44 0.466403162055336 0.034653465346534656 0.029361942405420668 0.054455445544554455
224 0.46809712027103334 0.6287128712871287 0.01355166572557877 0.04207920792079208
106 0.38226990400903443 0.3087871287128713 0.02258610954263128 0.04579207920792079
22 0.4548277809147374 0.3564356435643564 0.017504234895539244 0.04702970297029703
110 0.33032185206098247 0.46844059405940597 0.012422360248447204 0.050742574257425746
224 0.5143986448334275 0.2524752475247525 0.015810276679841896 0.04950495049504951
99 0.7142857142857143 0.6875 0.014680971202710334 0.053217821782178217
118 0.689158667419537 0.5266089108910891 0.023150762281197064 0.043316831683168314
224 0.5446075663466968 0.30198019801980197 0.014116318464144552 0.039603960396039604
22 0.6693958215697347 0.40965346534653463 0.014116318464144552 0.04207920792079208
58 0.46950875211744775 0.3063118811881188 0.02766798418972332 0.04084158415841584
7 0.6112365894974591 0.46472772277227725 0.015245623941276116 0.043316831683168314
6 0.66600790513834 0.2957920792079208 0.01637492941840768 0.03712871287128713
118 0.5307735742518351 0.40655940594059403 0.023715415019762844 0.043316831683168314
224 0.859966120835686 0.20915841584158415 0.01693958215697346 0.03712871287128713
99 0.32891022021456806 0.531559405940594 0.01637492941840768 0.055693069306930694
149 0.5511010728402033 0.7301980198019802 0.020327498588368152 0.04702970297029703
160 0.8376623376623377 0.7332920792079208 0.020892151326933936 0.043316831683168314
200 0.42603049124788256 0.11695544554455446 0.015245623941276116 0.04084158415841584
118 0.7430830039525692 0.35148514851485146 0.021456804065499716 0.03712871287128713
44 0.31959345002823264 0.6280940594059405 0.029361942405420668 0.03589108910891089
99 0.3402032749858837 0.15655940594059406 0.012987012987012988 0.050742574257425746
224 0.42377188029361945 0.7289603960396039 0.014116318464144552 0.04207920792079208
118 0.409373235460192 0.4597772277227723 0.024844720496894408 0.050742574257425746
118 0.4028797289666855 0.6274752475247525 0.024280067758328628 0.039603960396039604
149 0.6804065499717674 0.6429455445544554 0.02258610954263128 0.038366336633663366
224 0.7727272727272727 0.7834158415841584 0.015245623941276116 0.04455445544554455
118 0.38114059853190285 0.5198019801980198 0.020327498588368152 0.04207920792079208
185 0.549124788255223 0.4090346534653465 0.01637492941840768 0.043316831683168314
185 0.9240542066629023 0.3694306930693069 0.012987012987012988 0.04826732673267327
200 0.3642010163749294 0.5222772277227723 0.015810276679841896 0.03712871287128713
224 0.47600225861095424 0.5686881188118812 0.015810276679841896 0.043316831683168314
200 0.585544889892716 0.5068069306930693 0.012422360248447204 0.04084158415841584
224 0.46950875211744775 0.6844059405940595 0.015245623941276116 0.04702970297029703
99 0.7532467532467533 0.41398514851485146 0.014680971202710334 0.07301980198019802
185 0.5626764539808018 0.5185643564356436 0.015245623941276116 0.04207920792079208
99 0.5197628458498024 0.6831683168316832 0.014116318464144552 0.06188118811881188
58 0.34867306606437043 0.6268564356435643 0.025409373235460192 0.043316831683168314
7 0.5330321852060983 0.6782178217821783 0.015810276679841896 0.04455445544554455
118 0.36024844720496896 0.14232673267326731 0.024844720496894408 0.04455445544554455
22 0.629587803500847 0.6287128712871287 0.01355166572557877 0.04702970297029703
22 0.8145115753811406 0.6336633663366337 0.01637492941840768 0.054455445544554455
22 0.6558441558441559 0.692450495049505 0.015245623941276116 0.04579207920792079
118 0.30321852060982496 0.2469059405940594 0.024844720496894408 0.06064356435643564
211 0.3546019198193111 0.2537128712871287 0.01129305477131564 0.05693069306930693
44 0.5203274985883681 0.4597772277227723 0.028797289666854884 0.04579207920792079
99 0.32241671372106157 0.41955445544554454 0.015810276679841896 0.04950495049504951
99 0.33483907396950874 0.5866336633663366 0.01693958215697346 0.06435643564356436
200 0.748729531338227 0.6794554455445545 0.01693958215697346 0.039603960396039604
22 0.8009599096555619 0.5167079207920792 0.017504234895539244 0.050742574257425746
76 0.5542066629023151 0.6782178217821783 0.026538678712591756 0.06683168316831684
118 0.8427442123094298 0.6844059405940595 0.020892151326933936 0.04455445544554455
58 0.0471485036702428 0.16336633663366337 0.023150762281197064 0.034653465346534656
99 0.44466403162055335 0.04641089108910891 0.01637492941840768 0.05816831683168317
22 0.6389045736871823 0.35705445544554454 0.012987012987012988 0.04579207920792079
44 0.3579898362507058 0.5736386138613861 0.02710333145115754 0.04084158415841584
13 0.3051948051948052 0.4146039603960396 0.025409373235460192 0.04207920792079208
200 0.8777526821005082 0.5841584158415841 0.011857707509881422 0.03712871287128713
7 0.8018068887634106 0.2877475247524752 0.01693958215697346 0.043316831683168314
99 0.49745906267645396 0.4715346534653465 0.01355166572557877 0.0594059405940594
22 0.7247317899491813 0.3551980198019802 0.01637492941840768 0.04455445544554455
22 0.64257481648786 0.5266089108910891 0.015810276679841896 0.053217821782178217
7 0.5098814229249012 0.40532178217821785 0.015810276679841896 0.04084158415841584
185 0.6852060982495765 0.40717821782178215 0.017504234895539244 0.04455445544554455
149 0.31309994353472614 0.4665841584158416 0.024280067758328628 0.054455445544554455
99 0.7128740824392998 0.30383663366336633 0.014116318464144552 0.053217821782178217
32 0.3337097684923772 0.09344059405940594 0.024844720496894408 0.06064356435643564
22 0.639751552795031 0.40965346534653463 0.014680971202710334 0.04702970297029703
106 0.6086956521739131 0.1943069306930693 0.021456804065499716 0.04702970297029703
149 0.15866741953698477 0.10024752475247525 0.023715415019762844 0.039603960396039604
118 0.3334274421230943 0.36324257425742573 0.023150762281197064 0.04826732673267327
200 0.38735177865612647 0.46101485148514854 0.01693958215697346 0.04826732673267327
200 0.6154714850367025 0.4152227722772277 0.01129305477131564 0.043316831683168314
118 0.7413890457368718 0.29207920792079206 0.019198193111236588 0.039603960396039604
106 0.31507622811970637 0.573019801980198 0.020327498588368152 0.04950495049504951
44 0.3102766798418972 0.3087871287128713 0.031055900621118012 0.04084158415841584
99 0.9373235460191982 0.38613861386138615 0.010163749294184076 0.07425742574257425
119 0.41643139469226426 0.5253712871287128 0.014116318464144552 0.043316831683168314
7 0.44127611518915866 0.5736386138613861 0.018633540372670808 0.04084158415841584
58 0.36702428006775834 0.7858910891089109 0.023715415019762844 0.039603960396039604
160 0.9082439299830605 0.588490099009901 0.017504234895539244 0.04579207920792079
22 0.5626764539808018 0.30507425742574257 0.015245623941276116 0.038366336633663366
7 0.8142292490118577 0.3774752475247525 0.01693958215697346 0.039603960396039604
22 0.3890457368718238 0.6782178217821783 0.015810276679841896 0.04207920792079208
200 0.5502540937323546 0.5185643564356436 0.012987012987012988 0.04207920792079208
211 0.9048560135516657 0.6899752475247525 0.011857707509881422 0.04826732673267327
118 0.6307171089779785 0.46472772277227725 0.02258610954263128 0.050742574257425746
176 0.4025974025974026 0.2555693069306931 0.019198193111236588 0.04579207920792079
118 0.8893280632411067 0.2667079207920792 0.019198193111236588 0.050742574257425746
185 0.37125917560700167 0.25495049504950495 0.020892151326933936 0.04950495049504951
110 0.42603049124788256 0.5767326732673267 0.017504234895539244 0.04950495049504951
7 0.7828910220214568 0.4511138613861386 0.015245623941276116 0.04826732673267327
224 0.8740824392998306 0.6899752475247525 0.01129305477131564 0.04579207920792079
58 0.707227555053642 0.24876237623762376 0.024280067758328628 0.04207920792079208
76 0.8551665725578769 0.5266089108910891 0.02766798418972332 0.1051980198019802
224 0.5559006211180124 0.6212871287128713 0.012987012987012988 0.039603960396039604
7 0.601072840203275 0.4152227722772277 0.01637492941840768 0.043316831683168314
200 0.5530773574251835 0.4622524752475248 0.012987012987012988 0.043316831683168314
13 0.4906832298136646 0.573019801980198 0.020327498588368152 0.04455445544554455
22 0.8337097684923772 0.5779702970297029 0.015245623941276116 0.04702970297029703
58 0.36702428006775834 0.46163366336633666 0.025974025974025976 0.04950495049504951
149 0.0940146809712027 0.10457920792079207 0.029926595143986448 0.043316831683168314
185 0.4839073969508752 0.6788366336633663 0.019198193111236588 0.043316831683168314
118 0.6741953698475438 0.6881188118811881 0.020327498588368152 0.04702970297029703
200 0.7224731789949181 0.7363861386138614 0.011857707509881422 0.039603960396039604
22 0.5231507622811971 0.5686881188118812 0.015245623941276116 0.043316831683168314
16 0.5756634669678148 0.3063118811881188 0.01637492941840768 0.04084158415841584
44 0.40372670807453415 0.5748762376237624 0.029361942405420668 0.043316831683168314
149 0.5279503105590062 0.3025990099009901 0.019198193111236588 0.04084158415841584
44 0.4342179559570864 0.4603960396039604 0.025974025974025976 0.04455445544554455
6 0.6973461321287409 0.6386138613861386 0.015810276679841896 0.03712871287128713
7 0.7264257481648786 0.681930693069307 0.014116318464144552 0.04207920792079208
22 0.38622247317899494 0.2599009900990099 0.015810276679841896 0.04455445544554455
176 0.34669678147939015 0.5241336633663366 0.019198193111236588 0.04084158415841584
6 0.5319028797289667 0.24566831683168316 0.01693958215697346 0.04826732673267327
58 0.5175042348955392 0.7753712871287128 0.02766798418972332 0.03589108910891089
211 0.5745341614906833 0.5222772277227723 0.011857707509881422 0.04455445544554455
185 0.3300395256916996 0.676980198019802 0.020892151326933936 0.04455445544554455
224 0.5807453416149069 0.20173267326732675 0.012987012987012988 0.04455445544554455
200 0.3255223037831734 0.7883663366336634 0.011857707509881422 0.03712871287128713
44 0.3780350084697911 0.629950495049505 0.029926595143986448 0.03712871287128713
99 0.5081874647092038 0.5785891089108911 0.019198193111236588 0.06064356435643564
211 0.6801242236024845 0.7964108910891089 0.009599096555618294 0.04084158415841584
200 0.0189158667419537 0.16336633663366337 0.011857707509881422 0.03217821782178218
211 0.5934500282326369 0.1998762376237624 0.01129305477131564 0.04579207920792079
200 0.9158667419536984 0.6912128712871287 0.014680971202710334 0.04084158415841584
118 0.5511010728402033 0.7716584158415841 0.01693958215697346 0.04084158415841584
7 0.7555053642010163 0.24566831683168316 0.015810276679841896 0.043316831683168314
7 0.44889892715979673 0.30754950495049505 0.018068887634105024 0.038366336633663366
200 0.8766233766233766 0.4121287128712871 0.012987012987012988 0.03712871287128713
110 0.6572557876905702 0.5278465346534653 0.014680971202710334 0.04084158415841584
22 0.3450028232636928 0.46534653465346537 0.018068887634105024 0.05198019801980198
22 0.8489553924336533 0.411509900990099 0.015245623941276116 0.038366336633663366
211 0.6301524562394127 0.5823019801980198 0.012422360248447204 0.04826732673267327
185 0.5705815923207228 0.6212871287128713 0.01637492941840768 0.039603960396039604
211 0.7783738001129306 0.6324257425742574 0.009599096555618294 0.04702970297029703
7 0.5996612083568605 0.6293316831683168 0.014680971202710334 0.043316831683168314
7 0.8907396950875212 0.3694306930693069 0.017504234895539244 0.04579207920792079
224 0.8870694522868436 0.6398514851485149 0.015810276679841896 0.04207920792079208
160 0.6521739130434783 0.7970297029702971 0.01693958215697346 0.04950495049504951
