22 0.10878186968838527 0.2729498164014688 0.0169971671388102 0.03671970624235006
22 0.4991501416430595 0.6187270501835985 0.0169971671388102 0.04773561811505508
22 0.27592067988668556 0.5214198286413708 0.0169971671388102 0.04895960832313342
160 0.5555240793201133 0.6223990208078335 0.02209631728045326 0.05263157894736842
200 0.6385269121813031 0.3011015911872705 0.013597733711048159 0.0416156670746634
224 0.3008498583569405 0.6340269277845777 0.020396600566572238 0.04895960832313342
211 0.19603399433427762 0.5795593635250919 0.014730878186968839 0.037943696450428395
118 0.4665722379603399 0.5630354957160343 0.024362606232294616 0.04895960832313342
185 0.12464589235127478 0.4265605875152999 0.0226628895184136 0.04528763769889841
58 0.10254957507082153 0.6419828641370869 0.029461756373937678 0.05018359853121175
185 0.3963172804532578 0.30048959608323134 0.017563739376770537 0.04039167686658507
99 0.22407932011331444 0.4718482252141983 0.01189801699716714 0.06242350061199511
119 0.1396600566572238 0.5820073439412484 0.017563739376770537 0.04039167686658507
118 0.6728045325779037 0.23561811505507957 0.019830028328611898 0.04773561811505508
7 0.41954674220963173 0.4112607099143207 0.02322946175637394 0.046511627906976744
22 0.4104815864022663 0.3023255813953488 0.01643059490084986 0.044063647490820076
13 0.488385269121813 0.4589963280293758 0.018130311614730877 0.046511627906976744
13 0.3348441926345609 0.25152998776009794 0.01586402266288952 0.042839657282741736
160 0.530028328611898 0.3567931456548348 0.018696883852691217 0.05997552019583843
149 0.21104815864022664 0.23561811505507957 0.01643059490084986 0.04528763769889841
7 0.5127478753541076 0.7692778457772338 0.019263456090651557 0.030599755201958383
211 0.09320113314447592 0.3788249694002448 0.013031161473087818 0.05507955936352509
7 0.48810198300283286 0.24479804161566707 0.019830028328611898 0.056303549571603426
211 0.569971671388102 0.6731946144430845 0.01586402266288952 0.051407588739290085
200 0.4688385269121813 0.6217870257037944 0.01643059490084986 0.051407588739290085
211 0.19773371104815865 0.288249694002448 0.01586402266288952 0.04773561811505508
149 0.9577903682719546 0.14626682986536108 0.02322946175637394 0.04773561811505508
211 0.5711048158640226 0.2998776009791922 0.013597733711048159 0.04895960832313342
185 0.41756373937677055 0.51468788249694 0.018130311614730877 0.04039167686658507
7 0.5872521246458924 0.30354957160342716 0.01529745042492918 0.044063647490820076
22 0.5501416430594901 0.671358629130967 0.020396600566572238 0.04773561811505508
44 0.6515580736543909 0.23806609547123622 0.02152974504249292 0.04773561811505508
22 0.056657223796033995 0.3274173806609547 0.018130311614730877 0.05263157894736842
211 0.12492917847025496 0.5820073439412484 0.01076487252124646 0.042839657282741736
160 0.624929178470255 0.6682986536107711 0.02379603399433428 0.0587515299877601
211 0.9138810198300283 0.1364749082007344 0.0113314447592068 0.05018359853121175
22 0.4915014164305949 0.408812729498164 0.017563739376770537 0.04895960832313342
58 0.579886685552408 0.7258261933904528 0.028895184135977338 0.046511627906976744
22 0.34419263456090654 0.46572827417380663 0.019830028328611898 0.05018359853121175
22 0.23739376770538242 0.5226438188494492 0.0169971671388102 0.051407588739290085
211 0.1688385269121813 0.5832313341493268 0.0113314447592068 0.04528763769889841
143 0.3889518413597734 0.5697674418604651 0.019830028328611898 0.04773561811505508
185 0.5563739376770538 0.3023255813953488 0.019263456090651557 0.044063647490820076
200 0.40594900849858356 0.5660954712362302 0.01529745042492918 0.042839657282741736
22 0.3082152974504249 0.20012239902080783 0.0169971671388102 0.042839657282741736
118 0.3396600566572238 0.3580171358629131 0.025495750708215296 0.04773561811505508
44 0.32804532577903683 0.19828641370869032 0.020396600566572238 0.0416156670746634
224 0.35127478753541075 0.4118727050183599 0.019263456090651557 0.04773561811505508
32 0.2594900849858357 0.5789473684210527 0.019263456090651557 0.044063647490820076
6 0.16827195467422096 0.5299877600979193 0.014730878186968839 0.0416156670746634
149 0.38413597733711047 0.24969400244798043 0.020396600566572238 0.04895960832313342
149 0.4951841359773371 0.3518971848225214 0.02152974504249292 0.05263157894736842
44 0.1235127478753541 0.21297429620563035 0.020396600566572238 0.0416156670746634
32 0.6668555240793201 0.7135862913096696 0.012464589235127478 0.03916768665850673
200 0.23541076487252124 0.4057527539779682 0.014164305949008499 0.037943696450428395
118 0.31926345609065154 0.52203182374541 0.02322946175637394 0.04528763769889841
118 0.40368271954674223 0.4130966952264382 0.02209631728045326 0.04039167686658507
224 0.45892351274787535 0.4094247246022032 0.013597733711048159 0.04773561811505508
106 0.5096317280453257 0.5648714810281518 0.02209631728045326 0.05018359853121175
224 0.4736543909348442 0.7239902080783354 0.0169971671388102 0.04773561811505508
58 0.5909348441926345 0.4118727050183599 0.03059490084985836 0.042839657282741736
32 0.5424929178470255 0.7723378212974297 0.01529745042492918 0.044063647490820076
211 0.38838526912181304 0.6248470012239902 0.01189801699716714 0.042839657282741736
22 0.5713881019830028 0.2503059975520196 0.014164305949008499 0.05018359853121175
149 0.29320113314447593 0.2503059975520196 0.02322946175637394 0.04528763769889841
32 0.19688385269121814 0.34210526315789475 0.020963172804532578 0.05018359853121175
110 0.2158640226628895 0.2962056303549572 0.014730878186968839 0.03916768665850673
149 0.2951841359773371 0.5244798041615667 0.0226628895184136 0.04773561811505508
13 0.4558073654390935 0.6223990208078335 0.01643059490084986 0.04773561811505508
200 0.041359773371104816 0.5379436964504284 0.012464589235127478 0.042839657282741736
160 0.2773371104815864 0.36046511627906974 0.02322946175637394 0.05507955936352509
224 0.41841359773371106 0.35924112607099146 0.01643059490084986 0.04773561811505508
6 0.5444759206798867 0.35495716034271724 0.0169971671388102 0.046511627906976744
32 0.09858356940509914 0.48164014687882495 0.0226628895184136 0.05263157894736842
160 0.26118980169971673 0.3017135862913097 0.026062322946175637 0.05752753977968176
22 0.1660056657223796 0.3769889840881273 0.0169971671388102 0.04895960832313342
99 0.18073654390934843 0.3849449204406365 0.014730878186968839 0.05263157894736842
16 0.31558073654390933 0.4149326805385557 0.02152974504249292 0.046511627906976744
118 0.28895184135977336 0.7386780905752754 0.026062322946175637 0.042839657282741736
119 0.4288951841359773 0.7270501835985312 0.0169971671388102 0.046511627906976744
13 0.21643059490084987 0.5771113831089352 0.018130311614730877 0.05263157894736842
58 0.0858356940509915 0.2723378212974296 0.025495750708215296 0.04039167686658507
106 0.5297450424929179 0.2503059975520196 0.02152974504249292 0.04528763769889841
211 0.4280453257790368 0.675030599755202 0.014164305949008499 0.042839657282741736
211 0.6611898016997168 0.6658506731946144 0.012464589235127478 0.051407588739290085
76 0.09943342776203966 0.5850673194614443 0.019830028328611898 0.06119951040391677
224 0.2963172804532578 0.35495716034271724 0.0169971671388102 0.04895960832313342
32 0.6543909348441926 0.40269277845777235 0.0169971671388102 0.051407588739290085
200 0.4764872521246459 0.6701346389228886 0.014730878186968839 0.042839657282741736
22 0.34787535410764875 0.2484700122399021 0.01586402266288952 0.04895960832313342
22 0.471671388101983 0.7649938800489596 0.01643059490084986 0.03916768665850673
22 0.44872521246458924 0.5618115055079559 0.01586402266288952 0.04895960832313342
224 0.4827195467422096 0.620563035495716 0.0169971671388102 0.046511627906976744
7 0.5586402266288952 0.3567931456548348 0.0169971671388102 0.04528763769889841
211 0.08186968838526912 0.47980416156670747 0.01189801699716714 0.04895960832313342
7 0.901699716713881 0.14626682986536108 0.01529745042492918 0.05507955936352509
118 0.07025495750708215 0.7386780905752754 0.020396600566572238 0.030599755201958383
185 0.5515580736543909 0.094859241126071 0.01643059490084986 0.05263157894736842
118 0.5487252124645893 0.4094247246022032 0.02322946175637394 0.05018359853121175
22 0.5101983002832862 0.5104039167686658 0.01529745042492918 0.046511627906976744
7 0.345042492917847 0.5820073439412484 0.020396600566572238 0.042839657282741736
224 0.4388101983002833 0.4620563035495716 0.014164305949008499 0.04773561811505508
211 0.1980169971671388 0.3922888616891065 0.01076487252124646 0.05018359853121175
200 0.5546742209631728 0.45960832313341493 0.0169971671388102 0.042839657282741736
119 0.6504249291784703 0.7221542227662179 0.019263456090651557 0.044063647490820076
32 0.40368271954674223 0.24908200734394126 0.020963172804532578 0.04528763769889841
200 0.2526912181303116 0.2521419828641371 0.0113314447592068 0.03671970624235006
13 0.032577903682719546 0.2784577723378213 0.018696883852691217 0.033047735618115054
160 0.08611898016997167 0.4339045287637699 0.024929178470254956 0.05018359853121175
106 0.04475920679886686 0.4828641370869033 0.02152974504249292 0.042839657282741736
176 0.8575070821529746 0.08690330477356181 0.019830028328611898 0.04895960832313342
224 0.3110481586402266 0.25152998776009794 0.019263456090651557 0.04039167686658507
118 0.9807365439093484 0.14687882496940025 0.0226628895184136 0.03916768665850673
7 0.06458923512747876 0.4804161566707466 0.02152974504249292 0.05018359853121175
119 0.8631728045325779 0.25642594859241125 0.020963172804532578 0.04528763769889841
211 0.23852691218130312 0.24296205630354958 0.012464589235127478 0.04773561811505508
58 0.26572237960339945 0.4143206854345165 0.027195467422096317 0.042839657282741736
118 0.05807365439093484 0.3806609547123623 0.025495750708215296 0.051407588739290085
200 0.23711048158640227 0.7313341493268054 0.01529745042492918 0.05263157894736842
8 0.03824362606232295 0.3292533659730722 0.018696883852691217 0.05385556915544676
99 0.05127478753541077 0.16340269277845776 0.014164305949008499 0.05263157894736842
200 0.1529745042492918 0.5305997552019583 0.018130311614730877 0.042839657282741736
160 0.19461756373937678 0.6370869033047736 0.02322946175637394 0.06731946144430845
211 0.19660056657223796 0.6787025703794369 0.014730878186968839 0.04528763769889841
32 0.4053824362606232 0.6236230110159119 0.019830028328611898 0.04773561811505508
200 0.5580736543909348 0.7674418604651163 0.014730878186968839 0.02692778457772338
149 0.5076487252124646 0.4589963280293758 0.020396600566572238 0.0416156670746634
7 0.05099150141643059 0.7447980416156671 0.01586402266288952 0.037943696450428395
200 0.5263456090651558 0.5624235006119951 0.01586402266288952 0.05018359853121175
8 0.04929178470254957 0.7019583843329253 0.0169971671388102 0.04773561811505508
118 0.4453257790368272 0.6701346389228886 0.024929178470254956 0.042839657282741736
7 0.03937677053824363 0.3824969400244798 0.01643059490084986 0.05018359853121175
200 0.6807365439093485 0.7123623011015912 0.01529745042492918 0.051407588739290085
211 0.2470254957507082 0.40452876376988983 0.0113314447592068 0.04039167686658507
7 0.6008498583569405 0.5165238678090576 0.019830028328611898 0.044063647490820076
149 0.48810198300283286 0.5636474908200735 0.024362606232294616 0.05018359853121175
106 0.345042492917847 0.5269277845777234 0.0226628895184136 0.04773561811505508
160 0.35325779036827193 0.6462668298653611 0.020963172804532578 0.051407588739290085
22 0.08328611898016997 0.16156670746634028 0.02152974504249292 0.04895960832313342
32 0.6240793201133145 0.35312117503059975 0.020963172804532578 0.05263157894736842
118 0.1141643059490085 0.5275397796817626 0.020963172804532578 0.03671970624235006
200 0.3339943342776204 0.6389228886168911 0.017563739376770537 0.0416156670746634
119 0.3008498583569405 0.6891064871481029 0.0226628895184136 0.051407588739290085
200 0.028328611898016998 0.11138310893512852 0.013597733711048159 0.03427172582619339
44 0.6011331444759207 0.35312117503059975 0.027195467422096317 0.04528763769889841
160 0.3328611898016997 0.7968176254589964 0.025495750708215296 0.0587515299877601
58 0.46855524079320116 0.24663402692778458 0.018130311614730877 0.03549571603427173
22 0.44872521246458924 0.3567931456548348 0.014730878186968839 0.04528763769889841
76 0.25977337110481585 0.6811505507955936 0.025495750708215296 0.08200734394124846
32 0.6274787535410765 0.24173806609547124 0.02322946175637394 0.042839657282741736
118 0.05864022662889518 0.43451652386780903 0.028895184135977338 0.044063647490820076
200 0.6062322946175638 0.6676866585067319 0.018130311614730877 0.04528763769889841
200 0.045609065155807364 0.27600979192166464 0.01189801699716714 0.04039167686658507
6 0.29320113314447593 0.200734394124847 0.01529745042492918 0.03671970624235006
32 0.13541076487252124 0.31762545899632805 0.018130311614730877 0.05263157894736842
118 0.3093484419263456 0.2998776009791922 0.024929178470254956 0.03671970624235006
200 0.033711048158640226 0.21848225214198286 0.017563739376770537 0.04528763769889841
32 0.38923512747875355 0.19706242350061198 0.018130311614730877 0.0416156670746634
200 0.5144475920679886 0.6695226438188494 0.01586402266288952 0.04895960832313342
22 0.8745042492917847 0.19828641370869032 0.014164305949008499 0.051407588739290085
99 0.37025495750708215 0.7962056303549572 0.018696883852691217 0.05018359853121175
106 0.2169971671388102 0.40024479804161567 0.02152974504249292 0.046511627906976744
22 0.24079320113314448 0.6787025703794369 0.01586402266288952 0.05263157894736842
13 0.3082152974504249 0.7405140758873929 0.0226628895184136 0.0416156670746634
99 0.8895184135977338 0.14749082007343942 0.013597733711048159 0.05507955936352509
160 0.3648725212464589 0.3653610771113831 0.024929178470254956 0.06242350061199511
7 0.8458923512747876 0.25642594859241125 0.013597733711048159 0.05018359853121175
118 0.6575070821529745 0.46083231334149327 0.01529745042492918 0.04528763769889841
160 0.44107648725212467 0.6230110159118727 0.02209631728045326 0.05385556915544676
119 0.22889518413597734 0.299265605875153 0.014730878186968839 0.037943696450428395
211 0.041926345609065156 0.5856793145654835 0.013597733711048159 0.05263157894736842
106 0.2580736543909348 0.4675642594859241 0.02209631728045326 0.044063647490820076
13 0.4322946175637394 0.36046511627906974 0.020396600566572238 0.04773561811505508
13 0.6138810198300283 0.07037943696450429 0.01189801699716714 0.06242350061199511
119 0.6830028328611898 0.40514075887392903 0.014164305949008499 0.056303549571603426
168 0.31444759206798867 0.7888616891064871 0.019263456090651557 0.07711138310893513
22 0.12606232294617564 0.6352509179926561 0.01643059490084986 0.051407588739290085
44 0.9274787535410765 0.20195838433292534 0.03172804532577904 0.0416156670746634
211 0.27790368271954674 0.20195838433292534 0.01529745042492918 0.0587515299877601
118 0.5339943342776204 0.4559363525091799 0.027762039660056657 0.04039167686658507
22 0.2776203966005666 0.5807833537331701 0.0169971671388102 0.042839657282741736
99 0.12861189801699716 0.37454100367197063 0.014730878186968839 0.06609547123623011
200 0.15609065155807367 0.5826193390452876 0.013031161473087818 0.03916768665850673
22 0.23796033994334279 0.4675642594859241 0.0169971671388102 0.044063647490820076
211 0.44674220963172806 0.299265605875153 0.01189801699716714 0.04528763769889841
200 0.3997167138810198 0.7472460220318238 0.018696883852691217 0.04528763769889841
13 0.2643059490084986 0.20379436964504283 0.01529745042492918 0.04773561811505508
7 0.3240793201133145 0.7435740514075887 0.0226628895184136 0.037943696450428395
32 0.3328611898016997 0.2962056303549572 0.020963172804532578 0.044063647490820076
211 0.3764872521246459 0.5795593635250919 0.0073654390934844195 0.037943696450428395
7 0.07393767705382437 0.22093023255813954 0.01529745042492918 0.04528763769889841
7 0.5677053824362607 0.40820073439412485 0.0169971671388102 0.04773561811505508
110 0.41473087818696885 0.7441860465116279 0.019263456090651557 0.051407588739290085
224 0.43796033994334277 0.200734394124847 0.0169971671388102 0.0416156670746634
200 0.24220963172804533 0.2998776009791922 0.01529745042492918 0.03671970624235006
99 0.3713881019830028 0.6450428396572827 0.014164305949008499 0.051407588739290085
106 0.8526912181303116 0.19400244798041616 0.019263456090651557 0.05018359853121175
160 0.24759206798866856 0.20930232558139536 0.012464589235127478 0.044063647490820076
211 0.3147308781869688 0.5820073439412484 0.013031161473087818 0.042839657282741736
6 0.5753541076487252 0.6217870257037944 0.01529745042492918 0.051407588739290085
44 0.6019830028328612 0.5630354957160343 0.028895184135977338 0.044063647490820076
176 0.0660056657223796 0.16034271725826194 0.017563739376770537 0.046511627906976744
13 0.5501416430594901 0.24663402692778458 0.02379603399433428 0.04773561811505508
119 0.45750708215297453 0.7674418604651163 0.01529745042492918 0.044063647490820076
7 0.23994334277620397 0.3567931456548348 0.019830028328611898 0.05263157894736842
22 0.4337110481586402 0.5152998776009792 0.01529745042492918 0.0416156670746634
160 0.36005665722379604 0.7460220318237454 0.02322946175637394 0.05507955936352509
168 0.7135977337110482 0.412484700122399 0.01643059490084986 0.06609547123623011
211 0.5790368271954675 0.5648714810281518 0.013597733711048159 0.05507955936352509
13 0.30991501416430595 0.35924112607099146 0.0169971671388102 0.04528763769889841
200 0.5864022662889519 0.05997552019583843 0.009065155807365438 0.046511627906976744
99 0.6257790368271955 0.299265605875153 0.014164305949008499 0.06242350061199511
7 0.3838526912181303 0.4130966952264382 0.01529745042492918 0.04528763769889841
224 0.2906515580736544 0.5801713586291309 0.013597733711048159 0.046511627906976744
44 0.6674220963172804 0.6175030599755202 0.019263456090651557 0.05018359853121175
224 0.5980169971671389 0.4614443084455324 0.01529745042492918 0.046511627906976744
185 0.5280453257790368 0.5134638922888617 0.0169971671388102 0.04528763769889841
224 0.3396600566572238 0.6909424724602203 0.017563739376770537 0.04039167686658507
149 0.32011331444759206 0.6915544675642595 0.02152974504249292 0.056303549571603426
224 0.18243626062322946 0.5789473684210527 0.01586402266288952 0.046511627906976744
118 0.07422096317280454 0.6370869033047736 0.02152974504249292 0.037943696450428395
32 0.8541076487252125 0.13280293757649939 0.02322946175637394 0.05752753977968176
118 0.6821529745042493 0.6144430844553244 0.019263456090651557 0.056303549571603426
22 0.7269121813031162 0.4039167686658507 0.013597733711048159 0.04895960832313342
22 0.6271954674220963 0.6187270501835985 0.014730878186968839 0.05752753977968176
7 0.28243626062322946 0.6805385556915544 0.019830028328611898 0.0416156670746634
149 0.11473087818696884 0.31701346389228885 0.02209631728045326 0.051407588739290085
211 0.5422096317280454 0.51468788249694 0.012464589235127478 0.042839657282741736
7 0.3781869688385269 0.6866585067319462 0.01529745042492918 0.044063647490820076
118 0.47280453257790367 0.29436964504283963 0.02322946175637394 0.04528763769889841
44 0.4512747875354108 0.7209302325581395 0.03002832861189802 0.03916768665850673
185 0.36515580736543907 0.2503059975520196 0.018696883852691217 0.05018359853121175
22 0.11784702549575071 0.47796817625459 0.019263456090651557 0.04528763769889841
7 0.5014164305949008 0.7270501835985312 0.020396600566572238 0.051407588739290085
13 0.09008498583569405 0.7417380660954712 0.020396600566572238 0.03427172582619339
224 0.4869688385269122 0.7270501835985312 0.017563739376770537 0.05385556915544676
211 0.8852691218130312 0.19951040391676866 0.01076487252124646 0.0416156670746634
7 0.0773371104815864 0.5844553243574051 0.017563739376770537 0.05507955936352509
119 0.5252124645892351 0.7705018359853121 0.01586402266288952 0.04528763769889841
22 0.45325779036827196 0.25091799265605874 0.014730878186968839 0.0416156670746634
8 0.08895184135977337 0.693390452876377 0.020396600566572238 0.04773561811505508
110 0.5342776203966005 0.6150550795593636 0.019263456090651557 0.04528763769889841
211 0.2643059490084986 0.7821297429620563 0.0084985835694051 0.044063647490820076
224 0.6940509915014165 0.7074663402692778 0.00793201133144476 0.05385556915544676
119 0.10991501416430595 0.6976744186046512 0.020396600566572238 0.046511627906976744
106 0.6079320113314448 0.29865361077111385 0.02379603399433428 0.04895960832313342
99 0.5688385269121813 0.45716034271725825 0.013597733711048159 0.04773561811505508
200 0.18413597733711048 0.5263157894736842 0.018130311614730877 0.046511627906976744
119 0.21274787535410764 0.6266829865361077 0.018696883852691217 0.04895960832313342
118 0.2711048158640227 0.24908200734394126 0.02209631728045326 0.037943696450428395
7 0.5541076487252125 0.5159118727050184 0.014730878186968839 0.04528763769889841
119 0.6388101983002833 0.6187270501835985 0.014164305949008499 0.05018359853121175
106 0.38526912181303113 0.3629130966952264 0.024929178470254956 0.04773561811505508
22 0.4215297450424929 0.200734394124847 0.014730878186968839 0.044063647490820076
99 0.9 0.20807833537331702 0.018696883852691217 0.06854345165238677
99 0.1490084985835694 0.7362301101591188 0.01586402266288952 0.05263157894736842
185 0.3178470254957507 0.6334149326805385 0.019263456090651557 0.04528763769889841
58 0.9371104815864023 0.04467564259485924 0.026062322946175637 0.04773561811505508
118 0.6090651558073654 0.6150550795593636 0.024929178470254956 0.04773561811505508
7 0.3501416430594901 0.299265605875153 0.020396600566572238 0.04528763769889841
22 0.875070821529745 0.13525091799265607 0.018696883852691217 0.042839657282741736
110 0.5152974504249291 0.6193390452876377 0.018696883852691217 0.046511627906976744
118 0.5711048158640226 0.05507955936352509 0.0169971671388102 0.056303549571603426
160 0.0886685552407932 0.2197062423500612 0.017563739376770537 0.04528763769889841
16 0.5322946175637394 0.6670746634026927 0.020963172804532578 0.06119951040391677
211 0.6937677053824363 0.773561811505508 0.019830028328611898 0.056303549571603426
13 0.3671388101983003 0.3053855569155447 0.02152974504249292 0.042839657282741736
176 0.6172804532577904 0.7209302325581395 0.017563739376770537 0.0416156670746634
16 0.10736543909348442 0.43023255813953487 0.02209631728045326 0.05018359853121175
118 0.32209631728045324 0.46572827417380663 0.024362606232294616 0.04528763769889841
22 0.44192634560906513 0.7711138310893513 0.020396600566572238 0.05385556915544676
149 0.12974504249291785 0.6921664626682986 0.0226628895184136 0.042839657282741736
22 0.3932011331444759 0.4645042839657283 0.018130311614730877 0.037943696450428395
160 0.6594900849858357 0.7723378212974297 0.0169971671388102 0.0587515299877601
22 0.5586402266288952 0.04957160342717258 0.014730878186968839 0.05997552019583843
76 0.4915014164305949 0.5177478580171359 0.020963172804532578 0.07099143206854346
224 0.058356940509915016 0.5893512851897185 0.020396600566572238 0.042839657282741736
22 0.6036827195467422 0.7215422276621787 0.017563739376770537 0.042839657282741736
7 0.09235127478753541 0.5342717258261934 0.019263456090651557 0.04039167686658507
110 0.038526912181303115 0.44063647490820074 0.01586402266288952 0.05385556915544676
22 0.230028328611898 0.6248470012239902 0.01586402266288952 0.042839657282741736
44 0.6045325779036828 0.24663402692778458 0.0226628895184136 0.042839657282741736
176 0.3538243626062323 0.7931456548347613 0.017563739376770537 0.046511627906976744
200 0.6252124645892351 0.0740514075887393 0.009631728045325779 0.05263157894736842
13 0.07705382436260623 0.38004895960832313 0.020396600566572238 0.05018359853121175
22 0.0708215297450425 0.6995104039167687 0.02152974504249292 0.042839657282741736
211 0.5311614730878187 0.4112607099143207 0.013031161473087818 0.044063647490820076
32 0.13172804532577903 0.7362301101591188 0.020963172804532578 0.033047735618115054
7 0.4512747875354108 0.46511627906976744 0.01529745042492918 0.044063647490820076
76 0.4555240793201133 0.20379436964504283 0.019263456090651557 0.05018359853121175
110 0.4093484419263456 0.46328029375764995 0.014164305949008499 0.04528763769889841
7 0.20311614730878186 0.7307221542227662 0.020963172804532578 0.044063647490820076
22 0.5402266288951841 0.2998776009791922 0.017563739376770537 0.044063647490820076
176 0.3291784702549575 0.5801713586291309 0.02152974504249292 0.044063647490820076
99 0.07393767705382437 0.5410036719706243 0.01643059490084986 0.05385556915544676
149 0.28073654390934843 0.7821297429620563 0.019830028328611898 0.044063647490820076
224 0.30481586402266286 0.5820073439412484 0.013597733711048159 0.042839657282741736
7 0.9042492917847026 0.09424724602203183 0.013597733711048159 0.0416156670746634
118 0.06288951841359773 0.2741738066095471 0.0226628895184136 0.03916768665850673
32 0.1538243626062323 0.6903304773561811 0.02322946175637394 0.03916768665850673
224 0.5260623229461756 0.03243574051407589 0.009631728045325779 0.04773561811505508
8 0.0773371104815864 0.32802937576499386 0.020963172804532578 0.051407588739290085
6 0.40594900849858356 0.19828641370869032 0.01643059490084986 0.0416156670746634
58 0.15042492917847025 0.2637698898408813 0.020963172804532578 0.04528763769889841
200 0.5818696883852691 0.4589963280293758 0.01586402266288952 0.03916768665850673
118 0.24985835694050992 0.7815177478580171 0.014730878186968839 0.04528763769889841
7 0.37988668555240795 0.3053855569155447 0.017563739376770537 0.05018359853121175
16 0.42974504249291784 0.30354957160342716 0.02322946175637394 0.0416156670746634
211 0.5365439093484419 0.03427172582619339 0.0056657223796034 0.0416156670746634
160 0.6144475920679887 0.46511627906976744 0.019830028328611898 0.051407588739290085
160 0.16402266288951842 0.737454100367197 0.017563739376770537 0.06242350061199511
6 0.5705382436260623 0.5140758873929009 0.013597733711048159 0.04895960832313342
7 0.5572237960339943 0.7252141982864138 0.01529745042492918 0.04528763769889841
200 0.44730878186968837 0.4118727050183599 0.013031161473087818 0.04039167686658507
7 0.41104815864022665 0.6787025703794369 0.020963172804532578 0.05507955936352509
76 0.6169971671388101 0.4118727050183599 0.028328611898016998 0.06976744186046512
185 0.2515580736543909 0.741126070991432 0.01586402266288952 0.04528763769889841
185 0.18158640226628894 0.741126070991432 0.02322946175637394 0.05018359853121175
22 0.1858356940509915 0.28457772337821297 0.014730878186968839 0.04773561811505508
118 0.1263456090651558 0.2692778457772338 0.018130311614730877 0.03427172582619339
185 0.4730878186968839 0.4039167686658507 0.018130311614730877 0.046511627906976744
22 0.3713881019830028 0.19645042839657284 0.019830028328611898 0.04039167686658507
13 0.04107648725212465 0.6468788249694002 0.019830028328611898 0.04039167686658507
185 0.586685552407932 0.25091799265605874 0.01189801699716714 0.044063647490820076
13 0.058923512747875356 0.22031823745410037 0.0169971671388102 0.046511627906976744
160 0.17847025495750707 0.33965728274173806 0.020396600566572238 0.037943696450428395
44 0.6444759206798867 0.5097919216646267 0.026628895184135977 0.04773561811505508
149 0.4229461756373938 0.4620563035495716 0.017563739376770537 0.042839657282741736
118 0.6218130311614731 0.5134638922888617 0.02209631728045326 0.042839657282741736
13 0.22521246458923513 0.35006119951040393 0.020963172804532578 0.051407588739290085
99 0.22606232294617565 0.2503059975520196 0.014730878186968839 0.06976744186046512
22 0.47223796033994336 0.5140758873929009 0.01643059490084986 0.0416156670746634
58 0.5113314447592068 0.40758873929008566 0.031161473087818695 0.044063647490820076
149 0.569971671388102 0.11077111383108935 0.019263456090651557 0.04039167686658507
118 0.14560906515580738 0.6340269277845777 0.024929178470254956 0.046511627906976744
6 0.6504249291784703 0.6132190942472461 0.01586402266288952 0.046511627906976744
185 0.4303116147308782 0.7674418604651163 0.01189801699716714 0.03916768665850673
22 0.14192634560906517 0.21052631578947367 0.014164305949008499 0.03916768665850673
7 0.33626062322946176 0.4143206854345165 0.01643059490084986 0.04528763769889841
22 0.17903682719546743 0.6854345165238678 0.024929178470254956 0.04895960832313342
13 0.3926345609065156 0.6976744186046512 0.018130311614730877 0.046511627906976744
22 0.590084985835694 0.6193390452876377 0.01643059490084986 0.046511627906976744
211 0.04759206798866856 0.2178702570379437 0.009065155807365438 0.044063647490820076
110 0.546742209631728 0.0397796817625459 0.012464589235127478 0.04773561811505508
32 0.21529745042492918 0.6762545899632803 0.0226628895184136 0.04528763769889841
118 0.46940509915014167 0.4602203182374541 0.02209631728045326 0.0416156670746634
118 0.25694050991501416 0.5238678090575275 0.02209631728045326 0.046511627906976744
200 0.3240793201133145 0.24908200734394126 0.013597733711048159 0.033047735618115054
224 0.6756373937677054 0.773561811505508 0.01643059490084986 0.056303549571603426
118 0.521813031161473 0.726438188494492 0.026062322946175637 0.05263157894736842
211 0.24645892351274787 0.6236230110159119 0.01586402266288952 0.04528763769889841
119 0.42322946175637394 0.6193390452876377 0.018130311614730877 0.051407588739290085
13 0.1056657223796034 0.22031823745410037 0.020963172804532578 0.046511627906976744
200 0.2696883852691218 0.7405140758873929 0.018130311614730877 0.03427172582619339
22 0.2762039660056657 0.4694002447980416 0.017563739376770537 0.04773561811505508
76 0.29603399433427763 0.46878824969400246 0.025495750708215296 0.07099143206854346
22 0.5844192634560906 0.5140758873929009 0.01643059490084986 0.046511627906976744
211 0.3226628895184136 0.3580171358629131 0.01076487252124646 0.05018359853121175
118 0.3490084985835694 0.19400244798041616 0.024929178470254956 0.037943696450428395
185 0.26373937677053827 0.6334149326805385 0.01643059490084986 0.04528763769889841
185 0.5243626062322946 0.2998776009791922 0.018696883852691217 0.04895960832313342
149 0.5356940509915015 0.08751529987760098 0.020963172804532578 0.05507955936352509
58 0.931728045325779 0.14320685434516525 0.027762039660056657 0.056303549571603426
32 0.3858356940509915 0.5208078335373317 0.014730878186968839 0.05018359853121175
13 0.5419263456090652 0.726438188494492 0.018696883852691217 0.04773561811505508
7 0.42039660056657224 0.25458996328029376 0.019263456090651557 0.0416156670746634
224 0.34277620396600567 0.7405140758873929 0.018130311614730877 0.03916768665850673
200 0.4594900849858357 0.3580171358629131 0.014730878186968839 0.05018359853121175
58 0.4246458923512748 0.5648714810281518 0.03002832861189802 0.04528763769889841
224 0.5405099150141643 0.5642594859241126 0.0169971671388102 0.051407588739290085
22 0.5572237960339943 0.5618115055079559 0.019830028328611898 0.04895960832313342
185 0.590084985835694 0.6670746634026927 0.020963172804532578 0.046511627906976744
32 0.11104815864022663 0.3769889840881273 0.019263456090651557 0.051407588739290085
200 0.403399433427762 0.3629130966952264 0.0169971671388102 0.04039167686658507
13 0.4368271954674221 0.41554467564259484 0.0169971671388102 0.04773561811505508
106 0.8892351274787536 0.09608323133414932 0.017563739376770537 0.05263157894736842
99 0.5135977337110481 0.2607099143206854 0.017563739376770537 0.0587515299877601
13 0.4368271954674221 0.24969400244798043 0.018130311614730877 0.03671970624235006
7 0.03541076487252125 0.16156670746634028 0.019830028328611898 0.046511627906976744
211 0.11161473087818696 0.7405140758873929 0.018130311614730877 0.03182374541003672
149 0.646742209631728 0.35862913096695226 0.02209631728045326 0.051407588739290085
99 0.456657223796034 0.5226438188494492 0.01586402266288952 0.04895960832313342
118 0.4951841359773371 0.6670746634026927 0.02379603399433428 0.051407588739290085
7 0.6688385269121813 0.401468788249694 0.018696883852691217 0.051407588739290085
13 0.441643059490085 0.51468788249694 0.014164305949008499 0.037943696450428395
200 0.054390934844192634 0.6376988984088128 0.014730878186968839 0.03916768665850673
211 0.46487252124645895 0.671358629130967 0.01189801699716714 0.05263157894736842
32 0.5776203966005665 0.35495716034271724 0.02322946175637394 0.0416156670746634
76 0.1736543909348442 0.6370869033047736 0.027762039660056657 0.07466340269277846
160 0.6954674220963173 0.4069767441860465 0.017563739376770537 0.05752753977968176
176 0.49320113314447594 0.7692778457772338 0.018696883852691217 0.03549571603427173
7 0.6345609065155807 0.7197062423500612 0.01586402266288952 0.03916768665850673
106 0.3801699716713881 0.7478580171358629 0.026062322946175637 0.04895960832313342
99 0.3606232294617564 0.5960832313341493 0.01643059490084986 0.06609547123623011
22 0.6388101983002833 0.40758873929008566 0.01643059490084986 0.051407588739290085
32 0.35807365439093486 0.6921664626682986 0.0169971671388102 0.042839657282741736
149 0.5042492917847026 0.2937576499388005 0.019263456090651557 0.046511627906976744
7 0.40141643059490084 0.5159118727050184 0.017563739376770537 0.04039167686658507
200 0.6407932011331445 0.4589963280293758 0.0113314447592068 0.046511627906976744
211 0.6300283286118981 0.4614443084455324 0.013597733711048159 0.051407588739290085
118 0.47478753541076485 0.3580171358629131 0.020396600566572238 0.04773561811505508
224 0.042492917847025496 0.11260709914320685 0.01586402266288952 0.03916768665850673
99 0.6461756373937677 0.6744186046511628 0.01529745042492918 0.06609547123623011
200 0.6422096317280453 0.7662178702570379 0.01529745042492918 0.046511627906976744
224 0.0575070821529745 0.5336597307221542 0.017563739376770537 0.03916768665850673
224 0.2008498583569405 0.5269277845777234 0.019830028328611898 0.05018359853121175
200 0.458356940509915 0.29804161566707466 0.013597733711048159 0.04528763769889841
44 0.29206798866855527 0.4112607099143207 0.024362606232294616 0.044063647490820076
13 0.2773371104815864 0.2962056303549572 0.020963172804532578 0.03671970624235006
149 0.28016997167138813 0.6297429620563035 0.02322946175637394 0.04039167686658507
22 0.8756373937677053 0.09179926560587515 0.018696883852691217 0.046511627906976744
118 0.6008498583569405 0.06425948592411261 0.02209631728045326 0.05752753977968176
118 0.22152974504249293 0.726438188494492 0.020396600566572238 0.033047735618115054
200 0.29178470254957506 0.29865361077111385 0.010198300283286119 0.03182374541003672
32 0.2577903682719547 0.3525091799265606 0.0226628895184136 0.04895960832313342
119 0.09490084985835694 0.3237454100367197 0.01643059490084986 0.04528763769889841
119 0.5101983002832862 0.3506731946144431 0.017563739376770537 0.04528763769889841
58 0.3677053824362606 0.45960832313341493 0.028328611898016998 0.04528763769889841
7 0.21019830028328612 0.34516523867809057 0.014730878186968839 0.046511627906976744
6 0.36657223796033994 0.4118727050183599 0.019263456090651557 0.04039167686658507
