58 0.6486226777706599 0.8758535071384234 0.04932735426008968 0.0335195530726257
211 0.5522101217168481 0.6989447548106766 0.021780909673286355 0.038485412787088766
22 0.10634208840486867 0.5673494723774053 0.029468289557975657 0.028553693358162633
118 0.4567584881486227 0.8997517070142769 0.04612427930813581 0.03414028553693358
200 0.377642536835362 0.4075108628181254 0.03651505445227418 0.032898820608317815
22 0.3004484304932735 0.271260086902545 0.029468289557975657 0.0335195530726257
22 0.755285073670724 0.6691495965238982 0.037155669442664956 0.03972687771570453
7 0.4714926329276105 0.8106765983860956 0.03971812940422806 0.03972687771570453
44 0.21973094170403587 0.3609559279950341 0.06149903907751442 0.03165735567970205
200 0.5352338244714926 0.5782122905027933 0.035233824471492634 0.03165735567970205
13 0.2014734144778988 0.6108007448789572 0.04163997437540039 0.03476101800124146
185 0.395900064061499 0.45251396648044695 0.04228058936579116 0.045934202358783364
211 0.6524663677130045 0.3224705152079454 0.01729660474055093 0.03910614525139665
32 0.49327354260089684 0.5347610180012414 0.04484304932735426 0.032898820608317815
224 0.33055733504164 0.2746741154562384 0.03587443946188341 0.032898820608317815
7 0.722293401665599 0.4472377405338299 0.04035874439461883 0.03786468032278088
200 0.49935938500960925 0.8625077591558038 0.04035874439461883 0.03910614525139665
211 0.3686739269698911 0.5260707635009311 0.02114029468289558 0.04158907510862818
200 0.1518257527226137 0.31750465549348234 0.03587443946188341 0.027932960893854747
22 0.5518898142216528 0.36561142147734327 0.035233824471492634 0.03227808814400993
99 0.5320307495195388 0.41185599006828055 0.028827674567584883 0.04283054003724395
58 0.6944266495836002 0.2855369335816263 0.04356181934657271 0.037243947858473
200 0.8536194746957079 0.4543761638733706 0.03779628443305574 0.037243947858473
200 0.7347853939782191 0.28739913097454994 0.03971812940422806 0.03476101800124146
7 0.3225496476617553 0.48479205462445685 0.03139013452914798 0.03227808814400993
99 0.5480461242793081 0.4903786468032278 0.02626521460602178 0.03972687771570453
185 0.6415759128763613 0.48820608317815023 0.03651505445227418 0.03786468032278088
7 0.6582319026265214 0.7458100558659218 0.03651505445227418 0.040347610180012414
7 0.816463805253043 0.4919304779639975 0.02754644458680333 0.03662321539416512
7 0.5954516335682255 0.8296089385474861 0.04163997437540039 0.03662321539416512
22 0.8036515054452275 0.4106145251396648 0.03139013452914798 0.03414028553693358
118 0.8507367072389493 0.4931719428926133 0.03971812940422806 0.04158907510862818
13 0.36258808456117875 0.2718808193668529 0.04228058936579116 0.03227808814400993
211 0.6034593209481102 0.9078212290502793 0.028187059577194105 0.03662321539416512
7 0.8187059577194107 0.9186840471756673 0.03843689942344651 0.038485412787088766
22 0.6229980781550288 0.32433271260086904 0.03779628443305574 0.03414028553693358
224 0.8257527226137091 0.7957790192427064 0.03074951953875721 0.037243947858473
32 0.1681614349775785 0.6083178150217257 0.035233824471492634 0.03600248292985723
7 0.2863549007046765 0.5698324022346368 0.03074951953875721 0.03227808814400993
200 0.8657911595131326 0.4130974549968963 0.04163997437540039 0.03662321539416512
211 0.3584240871236387 0.45344506517690875 0.044202434336963484 0.04779639975170701
119 0.34144778987828317 0.4075108628181254 0.03843689942344651 0.03662321539416512
211 0.8513773222293401 0.7085661080074488 0.021780909673286355 0.03786468032278088
58 0.5195387572069187 0.6213531967721911 0.04740550928891736 0.038485412787088766
224 0.7037155669442665 0.9174425822470516 0.033952594490711085 0.04220980757293606
200 0.5829596412556054 0.9615145872129113 0.03843689942344651 0.03600248292985723
7 0.901665598975016 0.7101179391682185 0.04035874439461883 0.037243947858473
7 0.6844971172325433 0.8755431409062694 0.035233824471492634 0.03786468032278088
7 0.8962203715566944 0.7985723153320918 0.04228058936579116 0.035381750465549346
6 0.14061499039077516 0.5642458100558659 0.035233824471492634 0.03227808814400993
106 0.6005765534913518 0.41092489137181876 0.048046124279308135 0.037243947858473
211 0.48878923766816146 0.6219739292364991 0.016655989750160152 0.037243947858473
6 0.21364509929532352 0.47796399751707014 0.04035874439461883 0.028553693358162633
22 0.13292761050608584 0.4410304158907511 0.033952594490711085 0.03414028553693358
211 0.10698270339525945 0.6089385474860335 0.021780909673286355 0.03476101800124146
224 0.5185778347213325 0.36623215394165115 0.03651505445227418 0.037243947858473
211 0.6620755925688662 0.5806952203600249 0.014734144778987828 0.032898820608317815
118 0.8555413196668802 0.9189944134078212 0.04548366431774504 0.040347610180012414
7 0.7466367713004485 0.8355058969584109 0.03139013452914798 0.031036623215394164
211 0.6156310057655349 0.4860335195530726 0.028187059577194105 0.03972687771570453
149 0.9269698910954516 0.3761638733705773 0.04228058936579116 0.03972687771570453
13 0.5368353619474696 0.7430167597765364 0.04099935938500961 0.038485412787088766
13 0.9490711082639334 0.45561762880198636 0.04676489429852659 0.03972687771570453
118 0.5659833440102499 0.6216635630043451 0.05060858424087124 0.03910614525139665
32 0.5387572069186419 0.787088764742396 0.04612427930813581 0.03600248292985723
58 0.4554772581678411 0.8603351955307262 0.04484304932735426 0.0446927374301676
32 0.3779628443305573 0.8494723774053383 0.03843689942344651 0.03786468032278088
149 0.742152466367713 0.9189944134078212 0.05060858424087124 0.040347610180012414
185 0.5762331838565022 0.2824332712600869 0.033952594490711085 0.03227808814400993
211 0.7136450992953235 0.7079453755431409 0.015374759769378604 0.03662321539416512
185 0.6303651505445227 0.9140285536933581 0.037155669442664956 0.03910614525139665
211 0.5032030749519538 0.45189323401613907 0.018577834721332478 0.03476101800124146
22 0.5323510570147342 0.659217877094972 0.033311979500320305 0.03600248292985723
149 0.5019218449711723 0.9006828057107387 0.04548366431774504 0.038485412787088766
119 0.6473414477898782 0.792675356921167 0.035233824471492634 0.038485412787088766
7 0.7053171044202434 0.7957790192427064 0.03971812940422806 0.0446927374301676
119 0.6130685458039719 0.7920546244568591 0.033311979500320305 0.03600248292985723
160 0.5262652146060218 0.5353817504655494 0.03779628443305574 0.035381750465549346
118 0.7085201793721974 0.8342644320297952 0.04356181934657271 0.031036623215394164
185 0.647982062780269 0.5341402855369336 0.04163997437540039 0.03662321539416512
200 0.6796925048046124 0.5325884543761639 0.03587443946188341 0.03600248292985723
58 0.6335682254964766 0.4506517690875233 0.05253042921204356 0.03600248292985723
7 0.6079436258808456 0.2815021725636251 0.03459320948110186 0.035381750465549346
8 0.09993593850096093 0.47703289882060834 0.026905829596412557 0.032898820608317815
22 0.7671364509929532 0.877715704531347 0.04676489429852659 0.0446927374301676
185 0.5909673286354901 0.3702669149596524 0.039077514413837285 0.03165735567970205
200 0.6105060858424087 0.5325884543761639 0.03843689942344651 0.03600248292985723
118 0.7802690582959642 0.7091868404717566 0.04228058936579116 0.035381750465549346
32 0.09192825112107623 0.5242085661080075 0.028827674567584883 0.04531346989447548
118 0.6358103779628443 0.6635630043451273 0.044202434336963484 0.037243947858473
8 0.4974375400384369 0.5788330229671012 0.03267136450992953 0.03662321539416512
149 0.27770659833440103 0.6101800124146493 0.042921204356181936 0.043451272501551834
13 0.9509929532351057 0.4134078212290503 0.04163997437540039 0.03972687771570453
99 0.8225496476617553 0.45282433271260086 0.029468289557975657 0.04283054003724395
22 0.6271620755925689 0.36902545003103665 0.03971812940422806 0.03165735567970205
211 0.7171684817424727 0.6288019863438857 0.02370275464445868 0.03600248292985723
149 0.5823190262652146 0.4897579143389199 0.04484304932735426 0.038485412787088766
7 0.3071748878923767 0.40720049658597146 0.035233824471492634 0.031036623215394164
22 0.6662395900064062 0.9158907510862818 0.04099935938500961 0.03910614525139665
7 0.35938500960922487 0.6204220980757293 0.04612427930813581 0.04158907510862818
58 0.7136450992953235 0.6675977653631285 0.04868673926969891 0.03910614525139665
160 0.596732863549007 0.6585971446306642 0.03139013452914798 0.037243947858473
58 0.8840486867392697 0.3746120422098076 0.04740550928891736 0.032898820608317815
7 0.5884048686739269 0.4500310366232154 0.04035874439461883 0.037243947858473
22 0.6918641896220371 0.6269397889509621 0.03074951953875721 0.03600248292985723
32 0.5595771941063421 0.8274363749224084 0.03267136450992953 0.03476101800124146
119 0.6518257527226137 0.7051520794537555 0.03651505445227418 0.03476101800124146
7 0.7267777065983344 0.7523277467411545 0.039077514413837285 0.040968342644320296
224 0.20659833440102499 0.26784605834885167 0.03010890454836643 0.03910614525139665
149 0.12267777065983344 0.5232774674115456 0.04163997437540039 0.03227808814400993
22 0.909993593850096 0.6679081315952824 0.04163997437540039 0.038485412787088766
22 0.7879564381806534 0.4537554314090627 0.04484304932735426 0.040968342644320296
160 0.48334401024983986 0.3646803227808814 0.03779628443305574 0.03165735567970205
13 0.4875080076873799 0.8227808814400993 0.04356181934657271 0.03041589075108628
106 0.6707238949391415 0.36933581626319056 0.04228058936579116 0.03227808814400993
22 0.34112748238308777 0.5254500310366232 0.03651505445227418 0.03165735567970205
7 0.6185137732222934 0.7026691495965239 0.039077514413837285 0.037243947858473
211 0.6428571428571429 0.8336436995654872 0.018577834721332478 0.03227808814400993
7 0.32062780269058294 0.4472377405338299 0.03010890454836643 0.04407200496585972
13 0.7613709160794363 0.7486033519553073 0.04035874439461883 0.03476101800124146
149 0.2114029468289558 0.563935443823712 0.037155669442664956 0.03662321539416512
118 0.909993593850096 0.4137181874612042 0.048046124279308135 0.03910614525139665
22 0.820627802690583 0.5369335816263191 0.037155669442664956 0.03600248292985723
119 0.35329916720051247 0.4851024208566108 0.03267136450992953 0.035381750465549346
22 0.7985265855221012 0.75512104283054 0.039077514413837285 0.03910614525139665
22 0.1287636130685458 0.4757914338919926 0.03587443946188341 0.03165735567970205
58 0.5698270339525945 0.5338299193047796 0.048046124279308135 0.0335195530726257
149 0.5118513773222293 0.489447548106766 0.049967969250480464 0.03786468032278088
7 0.604099935938501 0.8721291123525761 0.03587443946188341 0.0335195530726257
224 0.7171684817424727 0.49130974549968964 0.03651505445227418 0.03662321539416512
200 0.23830877642536835 0.26505276225946617 0.03459320948110186 0.037243947858473
224 0.8593850096092248 0.7963997517070143 0.04035874439461883 0.038485412787088766
224 0.7898782831518257 0.4928615766604593 0.033311979500320305 0.037243947858473
7 0.2319026265214606 0.3159528243327126 0.03843689942344651 0.03600248292985723
7 0.7927610506085843 0.7963997517070143 0.03779628443305574 0.038485412787088766
118 0.3350416399743754 0.36188702669149597 0.04612427930813581 0.038485412787088766
13 0.6729660474055092 0.40813159528243326 0.04163997437540039 0.03165735567970205
99 0.6649583600256246 0.6253879577901924 0.024343369634849454 0.04283054003724395
22 0.8225496476617553 0.7054624456859093 0.04099935938500961 0.035381750465549346
149 0.5823190262652146 0.7461204220980757 0.04484304932735426 0.038485412787088766
211 0.6732863549007047 0.792675356921167 0.020499679692504803 0.03600248292985723
32 0.5842408712363869 0.6989447548106766 0.04356181934657271 0.038485412787088766
119 0.3203074951953876 0.5713842333954066 0.03843689942344651 0.03662321539416512
118 0.5419602818705958 0.45189323401613907 0.053811659192825115 0.0335195530726257
119 0.3344010249839846 0.8845437616387337 0.03971812940422806 0.043451272501551834
149 0.571108263933376 0.9087523277467412 0.04548366431774504 0.037243947858473
58 0.11434977578475336 0.319366852886406 0.035233824471492634 0.03041589075108628
99 0.42953235105701476 0.813780260707635 0.02754644458680333 0.040968342644320296
119 0.6377322229340167 0.2815021725636251 0.03267136450992953 0.032898820608317815
106 0.34945547725816783 0.31688392302917445 0.042921204356181936 0.035381750465549346
7 0.8436899423446509 0.8364369956548727 0.033311979500320305 0.03165735567970205
7 0.2962844330557335 0.8805090006207325 0.03779628443305574 0.040347610180012414
149 0.7536835361947469 0.4928615766604593 0.039077514413837285 0.03476101800124146
44 0.5816784112748238 0.5772811918063314 0.05253042921204356 0.0335195530726257
22 0.14702114029468288 0.4000620732464308 0.035233824471492634 0.03414028553693358
76 0.6822549647661755 0.4478584729981378 0.04356181934657271 0.054003724394785846
7 0.8459320948110186 0.3755431409062694 0.033952594490711085 0.0335195530726257
7 0.13228699551569506 0.611731843575419 0.03267136450992953 0.032898820608317815
22 0.6790518898142216 0.49068901303538176 0.04484304932735426 0.032898820608317815
211 0.24343369634849454 0.4031657355679702 0.017937219730941704 0.032898820608317815
7 0.39654067905188983 0.5276225946617008 0.037155669442664956 0.04220980757293606
6 0.2395900064061499 0.521415270018622 0.03459320948110186 0.03476101800124146
118 0.19506726457399104 0.31626319056486657 0.04932735426008968 0.032898820608317815
22 0.3971812940422806 0.27591558038485414 0.03459320948110186 0.03662321539416512
211 0.6639974375400385 0.2824332712600869 0.018577834721332478 0.03476101800124146
22 0.47757847533632286 0.276536312849162 0.03779628443305574 0.03414028553693358
149 0.8308776425368354 0.6688392302917443 0.04228058936579116 0.035381750465549346
7 0.41415759128763613 0.8525760397268777 0.03779628443305574 0.03414028553693358
149 0.5496476617552851 0.32122905027932963 0.04099935938500961 0.04158907510862818
211 0.8251121076233184 0.7532588454376163 0.019218449711723255 0.035381750465549346
106 0.10442024343369635 0.43575418994413406 0.026905829596412557 0.040968342644320296
211 0.39077514413837283 0.6213531967721911 0.024343369634849454 0.04220980757293606
118 0.16880204996796924 0.47641216635630046 0.04676489429852659 0.029174425822470516
7 0.7389493914157591 0.7091868404717566 0.039077514413837285 0.035381750465549346
32 0.7130044843049327 0.5332091868404718 0.03459320948110186 0.037243947858473
7 0.3923766816143498 0.32060831781502175 0.03651505445227418 0.03041589075108628
6 0.2517616912235746 0.5657976412166357 0.03587443946188341 0.03786468032278088
200 0.3737988468930173 0.8898199875853507 0.042921204356181936 0.03662321539416512
13 0.5675848814862268 0.8715083798882681 0.037155669442664956 0.0335195530726257
7 0.49935938500960925 0.40782122905027934 0.04035874439461883 0.038485412787088766
224 0.7805893657911596 0.8342644320297952 0.035233824471492634 0.0335195530726257
7 0.6755285073670724 0.6669770328988206 0.033952594490711085 0.03414028553693358
106 0.6326073030108904 0.5785226567349472 0.04163997437540039 0.0335195530726257
224 0.5377962844330557 0.8665425201738051 0.035233824471492634 0.0297951582867784
7 0.8203074951953876 0.8795779019242707 0.03267136450992953 0.03476101800124146
58 0.46508648302370276 0.4472377405338299 0.04740550928891736 0.04407200496585972
118 0.7501601537475977 0.797951582867784 0.053811659192825115 0.03786468032278088
58 0.5019218449711723 0.3249534450651769 0.04548366431774504 0.035381750465549346
211 0.1572709801409353 0.4407200496585971 0.02114029468289558 0.03227808814400993
7 0.5791159513132608 0.7892613283674736 0.033311979500320305 0.03662321539416512
13 0.18449711723254325 0.4397889509621353 0.03843689942344651 0.035381750465549346
7 0.377642536835362 0.3637492240844196 0.035233824471492634 0.04220980757293606
22 0.36995515695067266 0.8112973308504035 0.042921204356181936 0.045934202358783364
224 0.4147982062780269 0.8954065797641216 0.033952594490711085 0.035381750465549346
224 0.6931454196028187 0.5785226567349472 0.037155669442664956 0.03972687771570453
119 0.3074951953875721 0.5273122284295468 0.03587443946188341 0.03786468032278088
185 0.5659833440102499 0.660148975791434 0.039077514413837285 0.032898820608317815
7 0.5246636771300448 0.6992551210428305 0.032030749519538756 0.035381750465549346
119 0.6915438821268418 0.7492240844196152 0.03651505445227418 0.03476101800124146
200 0.38565022421524664 0.4866542520173805 0.032030749519538756 0.03227808814400993
99 0.8750800768737989 0.7122905027932961 0.024343369634849454 0.04655493482309125
32 0.3222293401665599 0.6139044072004965 0.03459320948110186 0.03972687771570453
224 0.41800128122998076 0.4103041589075109 0.03779628443305574 0.037243947858473
13 0.16591928251121077 0.5195530726256983 0.04612427930813581 0.028553693358162633
118 0.4663677130044843 0.4866542520173805 0.03587443946188341 0.038485412787088766
7 0.2370275464445868 0.6132836747361887 0.03074951953875721 0.03600248292985723
224 0.18225496476617553 0.40068280571073867 0.03267136450992953 0.032898820608317815
7 0.6444586803331198 0.4106145251396648 0.03971812940422806 0.035381750465549346
211 0.7309417040358744 0.32898820608317814 0.016655989750160152 0.037243947858473
119 0.6886611146700833 0.7048417132216015 0.03459320948110186 0.03910614525139665
211 0.4051889814221653 0.8075729360645562 0.02242152466367713 0.03600248292985723
32 0.4891095451633568 0.6939788950962136 0.04163997437540039 0.031036623215394164
22 0.5294682895579756 0.8261949099937926 0.033952594490711085 0.03227808814400993
58 0.16143497757847533 0.36033519553072624 0.04868673926969891 0.032898820608317815
7 0.8542600896860987 0.7513966480446927 0.03267136450992953 0.03786468032278088
7 0.2238949391415759 0.441651148355059 0.039077514413837285 0.03165735567970205
6 0.7251761691223575 0.8761638733705773 0.03971812940422806 0.03662321539416512
160 0.5461242793081358 0.27963997517070144 0.04035874439461883 0.03786468032278088
22 0.6758488148622678 0.3265052762259466 0.032030749519538756 0.0335195530726257
149 0.3792440743113389 0.5713842333954066 0.03843689942344651 0.03786468032278088
224 0.21524663677130046 0.4016139044072005 0.033311979500320305 0.0335195530726257
6 0.108263933376041 0.40037243947858475 0.03459320948110186 0.03227808814400993
211 0.6233183856502242 0.8320918684047176 0.020499679692504803 0.03414028553693358
211 0.7962844330557335 0.88268156424581 0.023062139654067906 0.03600248292985723
118 0.7895579756566303 0.6725636250775916 0.035233824471492634 0.03786468032278088
118 0.9003843689942345 0.4553072625698324 0.051889814221652786 0.03414028553693358
32 0.5131326073030109 0.276536312849162 0.037155669442664956 0.03414028553693358
211 0.3510570147341448 0.5716945996275605 0.024343369634849454 0.038485412787088766
200 0.17680973734785393 0.5667287399130975 0.03843689942344651 0.028553693358162633
13 0.8721973094170403 0.6679081315952824 0.03267136450992953 0.03600248292985723
224 0.7805893657911596 0.9171322160148976 0.03779628443305574 0.03662321539416512
224 0.5874439461883408 0.3258845437616387 0.033311979500320305 0.0335195530726257
224 0.813260730301089 0.834885164494103 0.033952594490711085 0.03476101800124146
99 0.7065983344010249 0.409373060211049 0.032030749519538756 0.04283054003724395
44 0.6201153106982703 0.6244568590937306 0.05637411915438821 0.037243947858473
200 0.709160794362588 0.3708876474239603 0.033311979500320305 0.029174425822470516
99 0.8311979500320308 0.4121663563004345 0.03139013452914798 0.03600248292985723
200 0.17328635490070468 0.2697082557417753 0.04163997437540039 0.03910614525139665
7 0.6678411274823831 0.834885164494103 0.03779628443305574 0.03476101800124146
224 0.7072389493914157 0.32898820608317814 0.026905829596412557 0.037243947858473
22 0.20531710442024342 0.5201738050900062 0.035233824471492634 0.03227808814400993
99 0.5390775144138373 0.9065797641216635 0.033952594490711085 0.04531346989447548
110 0.6262011531069827 0.7476722532588455 0.039077514413837285 0.027932960893854747
