200 0.5406015037593985 0.4105709188224799 0.03308270676691729 0.0191793041926851
76 0.47368421052631576 0.6164139161462979 0.031578947368421054 0.027653880463871544
7 0.26278195488721806 0.6993755575379126 0.03684210526315789 0.02230151650312221
8 0.4631578947368421 0.41012488849241746 0.02706766917293233 0.0191793041926851
8 0.13045112781954887 0.6469669937555754 0.027819548872180452 0.022747546833184657
58 0.2503759398496241 0.7473238180196253 0.042105263157894736 0.02007136485280999
119 0.17406015037593986 0.3599464763603925 0.03684210526315789 0.01873327386262266
211 0.15 0.3606155218554862 0.012781954887218045 0.02096342551293488
200 0.4951127819548872 0.3374219446922391 0.027819548872180452 0.01650312221231044
76 0.37969924812030076 0.3204727921498662 0.03458646616541353 0.0352363960749331
160 0.19736842105263158 0.227921498661909 0.029323308270676692 0.021409455842997322
99 0.4236842105263158 0.6708296164139161 0.02330827067669173 0.024977698483496878
22 0.3255639097744361 0.12355040142729706 0.031578947368421054 0.020517395182872437
176 0.387593984962406 0.1239964317573595 0.035338345864661655 0.02230151650312221
160 0.4101503759398496 0.5760481712756468 0.03383458646616541 0.022747546833184657
200 0.15639097744360902 0.6213202497769849 0.03458646616541353 0.01784121320249777
119 0.418796992481203 0.45718108831400533 0.02556390977443609 0.01873327386262266
160 0.3530075187969925 0.12444246208742195 0.038345864661654135 0.02230151650312221
22 0.25 0.22636039250669046 0.02631578947368421 0.017395182872435324
211 0.3969924812030075 0.5274308652988403 0.015037593984962405 0.017395182872435324
7 0.17142857142857143 0.19915254237288135 0.031578947368421054 0.02096342551293488
7 0.5233082706766917 0.7622658340767172 0.03308270676691729 0.021409455842997322
176 0.37593984962406013 0.5289919714540589 0.031578947368421054 0.01694915254237288
211 0.24022556390977443 0.46119536128456734 0.015789473684210527 0.016057091882247992
99 0.5278195488721804 0.7437555753791257 0.02556390977443609 0.022747546833184657
118 0.20864661654135339 0.5285459411239964 0.041353383458646614 0.019625334522747548
160 0.4616541353383459 0.4805976806422837 0.02857142857142857 0.02096342551293488
118 0.35526315789473684 0.25066904549509367 0.038345864661654135 0.01873327386262266
224 0.2879699248120301 0.7702943800178412 0.031578947368421054 0.021409455842997322
7 0.3240601503759398 0.45851917930419267 0.03308270676691729 0.020517395182872437
7 0.4368421052631579 0.5941123996431757 0.02706766917293233 0.019625334522747548
7 0.1763157894736842 0.7716324710080286 0.03684210526315789 0.020517395182872437
99 0.3169172932330827 0.2754237288135593 0.02481203007518797 0.02096342551293488
58 0.47293233082706765 0.31712756467439784 0.04962406015037594 0.01873327386262266
58 0.7477443609022556 0.7428635147190009 0.04285714285714286 0.02096342551293488
200 0.5586466165413534 0.3838090990187333 0.02406015037593985 0.0191793041926851
200 0.2879699248120301 0.29683318465655667 0.031578947368421054 0.02007136485280999
99 0.2131578947368421 0.7504460303300624 0.027819548872180452 0.017395182872435324
110 0.1582706766917293 0.38447814451382695 0.029323308270676692 0.01784121320249777
211 0.17593984962406015 0.5528545941123997 0.016541353383458645 0.02007136485280999
160 0.6048872180451128 0.768064228367529 0.03984962406015038 0.0231935771632471
200 0.26278195488721806 0.4837198929527208 0.02631578947368421 0.017395182872435324
44 0.512781954887218 0.6935771632471008 0.05263157894736842 0.01873327386262266
7 0.2654135338345865 0.4605263157894737 0.03308270676691729 0.01650312221231044
118 0.1631578947368421 0.6730597680642284 0.039097744360902256 0.02230151650312221
211 0.2511278195488722 0.7254683318465656 0.016541353383458645 0.0191793041926851
58 0.47518796992481205 0.5022301516503123 0.045112781954887216 0.01873327386262266
22 0.4131578947368421 0.12421944692239072 0.029323308270676692 0.022747546833184657
200 0.45225563909774436 0.7903657448706513 0.027819548872180452 0.01873327386262266
224 0.16691729323308271 0.7265834076717217 0.02857142857142857 0.02230151650312221
32 0.3545112781954887 0.48148974130240857 0.029323308270676692 0.017395182872435324
44 0.17819548872180452 0.5773862622658341 0.06315789473684211 0.02096342551293488
99 0.3007518796992481 0.20316681534344336 0.021052631578947368 0.021855486173059768
106 0.16541353383458646 0.5035682426404996 0.042105263157894736 0.019625334522747548
106 0.15789473684210525 0.33831400535236394 0.045112781954887216 0.0191793041926851
76 0.28458646616541355 0.792149866190901 0.03984962406015038 0.03568242640499554
224 0.2026315789473684 0.5512934879571811 0.029323308270676692 0.019625334522747548
13 0.42330827067669174 0.7905887600356825 0.03007518796992481 0.0191793041926851
13 0.343609022556391 0.550178412132025 0.031578947368421054 0.02096342551293488
224 0.4845864661654135 0.7644959857270295 0.02631578947368421 0.021409455842997322
22 0.4680451127819549 0.7183318465655665 0.032330827067669175 0.02096342551293488
185 0.3868421052631579 0.3412132024977699 0.03684210526315789 0.01784121320249777
7 0.26052631578947366 0.7696253345227475 0.032330827067669175 0.02007136485280999
160 0.3511278195488722 0.20606601248884923 0.03458646616541353 0.026761819803746655
160 0.34887218045112783 0.38849241748438895 0.03609022556390978 0.020517395182872437
99 0.543233082706767 0.5258697591436218 0.030827067669172932 0.02230151650312221
185 0.15789473684210525 0.11909009812667261 0.0481203007518797 0.020517395182872437
200 0.43646616541353384 0.5026761819803747 0.030827067669172932 0.019625334522747548
22 0.24135338345864663 0.12355040142729706 0.02857142857142857 0.020517395182872437
211 0.462406015037594 0.7669491525423728 0.02556390977443609 0.02007136485280999
6 0.7026315789473684 0.7205619982158786 0.03684210526315789 0.022747546833184657
119 0.46541353383458645 0.593443354148082 0.03308270676691729 0.01650312221231044
106 0.6364661654135338 0.7210080285459411 0.041353383458646614 0.0191793041926851
211 0.4368421052631579 0.31868867082961644 0.01804511278195489 0.02007136485280999
224 0.6274436090225564 0.6940231935771632 0.03383458646616541 0.028545941123996433
149 0.17969924812030075 0.48349687778768957 0.042105263157894736 0.020517395182872437
22 0.812406015037594 0.7977252453166815 0.030827067669172932 0.021855486173059768
185 0.30488721804511276 0.17662801070472792 0.03684210526315789 0.019625334522747548
6 0.4650375939849624 0.1239964317573595 0.02631578947368421 0.01784121320249777
224 0.21729323308270676 0.6213202497769849 0.02857142857142857 0.01784121320249777
22 0.5507518796992481 0.572256913470116 0.03383458646616541 0.01873327386262266
22 0.5571428571428572 0.7417484388938448 0.03609022556390978 0.02230151650312221
149 0.21654135338345865 0.1726137377341659 0.03308270676691729 0.020517395182872437
32 0.3827067669172932 0.4810437109723461 0.03007518796992481 0.0191793041926851
6 0.2793233082706767 0.7261373773416593 0.03383458646616541 0.019625334522747548
119 0.43609022556390975 0.7671721677074042 0.03308270676691729 0.020517395182872437
6 0.4131578947368421 0.31801962533452277 0.027819548872180452 0.019625334522747548
200 0.7075187969924812 0.7455396966993756 0.031578947368421054 0.02096342551293488
200 0.4642857142857143 0.15053523639607494 0.03383458646616541 0.018287243532560213
224 0.30526315789473685 0.5053523639607493 0.02406015037593985 0.01784121320249777
200 0.3951127819548872 0.6688224799286352 0.032330827067669175 0.018287243532560213
119 0.19736842105263158 0.2943800178412132 0.038345864661654135 0.01873327386262266
106 0.3281954887218045 0.3184656556645852 0.041353383458646614 0.01784121320249777
118 0.5150375939849624 0.4326494201605709 0.03458646616541353 0.019625334522747548
149 0.48233082706766917 0.5238626226583407 0.035338345864661655 0.02096342551293488
13 0.22481203007518796 0.5495093666369313 0.03458646616541353 0.01784121320249777
22 0.2586466165413534 0.43800178412132024 0.03458646616541353 0.019625334522747548
118 0.3454887218045113 0.7682872435325602 0.038345864661654135 0.02007136485280999
160 0.19398496240601504 0.12132024977698483 0.03308270676691729 0.021409455842997322
160 0.24360902255639097 0.4172613737734166 0.03609022556390978 0.021855486173059768
106 0.20676691729323307 0.5053523639607493 0.045112781954887216 0.01873327386262266
118 0.2 0.5972346119536128 0.04360902255639098 0.01784121320249777
160 0.18157894736842106 0.7506690454950936 0.03984962406015038 0.019625334522747548
7 0.31992481203007517 0.36351471900089205 0.035338345864661655 0.01873327386262266
224 0.262406015037594 0.3893844781445138 0.03609022556390978 0.01784121320249777
211 0.3518796992481203 0.5742640499553969 0.01804511278195489 0.02007136485280999
32 0.40789473684210525 0.8171275646743978 0.035338345864661655 0.0231935771632471
7 0.3255639097744361 0.5747100802854594 0.03308270676691729 0.02007136485280999
44 0.5090225563909775 0.7185548617305977 0.06015037593984962 0.01873327386262266
22 0.6578947368421053 0.8157894736842105 0.03308270676691729 0.021409455842997322
8 0.4176691729323308 0.5954504906333631 0.027819548872180452 0.020517395182872437
99 0.1556390977443609 0.41168599464763606 0.02706766917293233 0.02408563782337199
118 0.30488721804511276 0.43331846565566456 0.03984962406015038 0.02096342551293488
149 0.3966165413533835 0.6955842997323818 0.03684210526315789 0.022747546833184657
211 0.24022556390977443 0.48327386262265837 0.015789473684210527 0.0191793041926851
119 0.2932330827067669 0.25312221231043713 0.03759398496240601 0.0191793041926851
7 0.4195488721804511 0.7450936663693131 0.0406015037593985 0.018287243532560213
44 0.5259398496240602 0.3177966101694915 0.05639097744360902 0.018287243532560213
7 0.49624060150375937 0.8135593220338984 0.03609022556390978 0.021409455842997322
106 0.5860902255639098 0.7415254237288136 0.035338345864661655 0.02096342551293488
160 0.19172932330827067 0.623550401427297 0.039097744360902256 0.021409455842997322
149 0.41466165413533834 0.6416146297948261 0.03984962406015038 0.022747546833184657
7 0.2785714285714286 0.20316681534344336 0.030827067669172932 0.0191793041926851
13 0.29060150375939847 0.15209634255129348 0.032330827067669175 0.01873327386262266
118 0.46015037593984964 0.3389830508474576 0.039097744360902256 0.01873327386262266
200 0.5484962406015037 0.4335414808206958 0.027819548872180452 0.020517395182872437
44 0.568796992481203 0.6146297948260482 0.038345864661654135 0.02230151650312221
200 0.1586466165413534 0.6982604817127565 0.03007518796992481 0.0191793041926851
211 0.5394736842105263 0.38425512934879574 0.015789473684210527 0.018287243532560213
200 0.13082706766917293 0.7245762711864406 0.045112781954887216 0.022747546833184657
185 0.4703007518796993 0.743978590544157 0.035338345864661655 0.020517395182872437
99 0.7857142857142857 0.7970561998215878 0.02556390977443609 0.02230151650312221
7 0.4774436090225564 0.8621766280107047 0.03609022556390978 0.02230151650312221
149 0.3620300751879699 0.6694915254237288 0.03684210526315789 0.02230151650312221
118 0.3105263157894737 0.5972346119536128 0.039097744360902256 0.019625334522747548
211 0.21090225563909776 0.2537912578055308 0.014285714285714285 0.01873327386262266
22 0.7109022556390977 0.7673951828724354 0.035338345864661655 0.021855486173059768
58 0.1394736842105263 0.7488849241748439 0.0443609022556391 0.02408563782337199
7 0.3744360902255639 0.22658340767172166 0.03759398496240601 0.021409455842997322
200 0.40864661654135337 0.4810437109723461 0.030827067669172932 0.018287243532560213
200 0.3774436090225564 0.7928189116859946 0.02406015037593985 0.021855486173059768
7 0.16466165413533834 0.29371097234611954 0.031578947368421054 0.02096342551293488
149 0.1793233082706767 0.45718108831400533 0.041353383458646614 0.02230151650312221
76 0.7575187969924813 0.7905887600356825 0.03383458646616541 0.03256021409455843
200 0.32030075187969925 0.15098126672613738 0.03458646616541353 0.0191793041926851
22 0.337593984962406 0.6433987511150758 0.03007518796992481 0.018287243532560213
119 0.3699248120300752 0.43287243532560216 0.03007518796992481 0.018287243532560213
22 0.6142857142857143 0.7883586083853702 0.02406015037593985 0.015611061552185548
76 0.23421052631578948 0.1523193577163247 0.027819548872180452 0.03256021409455843
200 0.24436090225563908 0.5073595004460303 0.03609022556390978 0.02096342551293488
211 0.47593984962406016 0.7879125780553078 0.016541353383458645 0.0191793041926851
13 0.4864661654135338 0.3862622658340767 0.03007518796992481 0.020517395182872437
224 0.20977443609022556 0.1483050847457627 0.03007518796992481 0.017395182872435324
106 0.13157894736842105 0.43398751115075823 0.04360902255639098 0.020517395182872437
7 0.3548872180451128 0.296164139161463 0.03458646616541353 0.019625334522747548
22 0.46616541353383456 0.24843889384478143 0.02406015037593985 0.01873327386262266
22 0.424812030075188 0.1764049955396967 0.02706766917293233 0.018287243532560213
22 0.1830827067669173 0.8171275646743978 0.03684210526315789 0.0231935771632471
7 0.3804511278195489 0.7678412132024978 0.0406015037593985 0.0191793041926851
106 0.14849624060150377 0.2502230151650312 0.04285714285714286 0.020517395182872437
22 0.5484962406015037 0.296164139161463 0.03383458646616541 0.021409455842997322
13 0.41578947368421054 0.4090098126672614 0.03007518796992481 0.019625334522747548
118 0.8672932330827068 0.7738626226583407 0.030827067669172932 0.021409455842997322
211 0.556390977443609 0.665700267618198 0.019548872180451128 0.02096342551293488
176 0.1349624060150376 0.29281891168599467 0.032330827067669175 0.02096342551293488
200 0.337218045112782 0.8189116859946476 0.029323308270676692 0.020517395182872437
13 0.29849624060150376 0.12310437109723461 0.03308270676691729 0.019625334522747548
211 0.4041353383458647 0.36150758251561105 0.015789473684210527 0.018287243532560213
22 0.2631578947368421 0.5758251561106156 0.03458646616541353 0.016057091882247992
200 0.3090225563909774 0.22814451382694023 0.031578947368421054 0.017395182872435324
118 0.5631578947368421 0.6935771632471008 0.04661654135338346 0.020517395182872437
211 0.8657894736842106 0.7990633363068689 0.02030075187969925 0.022747546833184657
119 0.21766917293233082 0.48327386262265837 0.029323308270676692 0.02007136485280999
22 0.462406015037594 0.38648528099910795 0.03308270676691729 0.02007136485280999
7 0.4996240601503759 0.7435325602140945 0.03684210526315789 0.020517395182872437
160 0.38421052631578945 0.5062444246208743 0.03308270676691729 0.0231935771632471
211 0.12894736842105264 0.5064674397859055 0.02180451127819549 0.021855486173059768
58 0.35714285714285715 0.45851917930419267 0.042105263157894736 0.02230151650312221
58 0.2781954887218045 0.4125780553077609 0.03609022556390978 0.01873327386262266
22 0.13383458646616542 0.38447814451382695 0.03308270676691729 0.01784121320249777
32 0.23045112781954888 0.6447368421052632 0.035338345864661655 0.021855486173059768
200 0.318796992481203 0.387600356824264 0.02556390977443609 0.01784121320249777
99 0.8537593984962406 0.8200267618198037 0.02030075187969925 0.027207850133809098
119 0.21390977443609022 0.45985727029438 0.030827067669172932 0.01873327386262266
58 0.17857142857142858 0.27007136485280997 0.041353383458646614 0.0191793041926851
22 0.5330827067669173 0.5477252453166815 0.03308270676691729 0.01873327386262266
13 0.29285714285714287 0.5508474576271186 0.03383458646616541 0.020517395182872437
211 0.40225563909774437 0.7914808206958073 0.021052631578947368 0.02096342551293488
32 0.15263157894736842 0.17194469223907224 0.031578947368421054 0.0191793041926851
200 0.22556390977443608 0.3893844781445138 0.039097744360902256 0.01784121320249777
160 0.27781954887218047 0.5051293487957181 0.030827067669172932 0.02096342551293488
118 0.5454887218045112 0.592328278322926 0.035338345864661655 0.015165031222123104
200 0.3357142857142857 0.6982604817127565 0.029323308270676692 0.0191793041926851
58 0.3913533834586466 0.17707404103479035 0.04887218045112782 0.01873327386262266
22 0.32669172932330826 0.4826048171275647 0.030827067669172932 0.0231935771632471
149 0.5240601503759399 0.47948260481712757 0.03007518796992481 0.021409455842997322
118 0.5 0.4576271186440678 0.03308270676691729 0.020517395182872437
32 0.318796992481203 0.618421052631579 0.03007518796992481 0.02096342551293488
7 0.3800751879699248 0.5742640499553969 0.03383458646616541 0.0191793041926851
185 0.5338345864661654 0.5011150758251561 0.03308270676691729 0.02096342551293488
200 0.6195488721804512 0.7448706512042819 0.03308270676691729 0.020517395182872437
160 0.2954887218045113 0.48148974130240857 0.03308270676691729 0.0191793041926851
211 0.2819548872180451 0.7477698483496877 0.019548872180451128 0.02096342551293488
119 0.4342105263157895 0.3853702051739518 0.029323308270676692 0.01873327386262266
44 0.3522556390977444 0.274085637823372 0.0518796992481203 0.0191793041926851
8 0.12706766917293233 0.4103479036574487 0.03308270676691729 0.02408563782337199
185 0.23007518796992482 0.5776092774308653 0.039097744360902256 0.01784121320249777
22 0.4018796992481203 0.20071364852809992 0.02481203007518797 0.020517395182872437
110 0.3244360902255639 0.20272078501338092 0.02631578947368421 0.02007136485280999
7 0.38646616541353385 0.15053523639607494 0.03308270676691729 0.0191793041926851
99 0.4691729323308271 0.8144513826940232 0.02406015037593985 0.019625334522747548
200 0.2721804511278195 0.5961195361284567 0.0406015037593985 0.0191793041926851
160 0.7338345864661654 0.768064228367529 0.03007518796992481 0.020517395182872437
149 0.48195488721804514 0.6674843889384479 0.039097744360902256 0.02096342551293488
176 0.6785714285714286 0.7448706512042819 0.027819548872180452 0.01873327386262266
32 0.37894736842105264 0.3601694915254237 0.02857142857142857 0.0191793041926851
200 0.16578947368421051 0.6478590544157002 0.03684210526315789 0.018287243532560213
224 0.5812030075187969 0.7689562890276539 0.01804511278195489 0.021409455842997322
7 0.26052631578947366 0.8184656556645852 0.029323308270676692 0.021409455842997322
22 0.4323308270676692 0.6949152542372882 0.02706766917293233 0.02230151650312221
22 0.4116541353383459 0.3873773416592328 0.029323308270676692 0.0191793041926851
119 0.22669172932330828 0.4384478144513827 0.03383458646616541 0.020517395182872437
119 0.19360902255639098 0.43487957181088316 0.030827067669172932 0.019625334522747548
118 0.7781954887218046 0.697814451382694 0.042105263157894736 0.02096342551293488
58 0.45864661654135336 0.4324264049955397 0.042105263157894736 0.02096342551293488
22 0.1736842105263158 0.22613737734165923 0.03007518796992481 0.019625334522747548
119 0.45225563909774436 0.5258697591436218 0.029323308270676692 0.01873327386262266
44 0.4763157894736842 0.22814451382694023 0.05037593984962406 0.017395182872435324
22 0.3451127819548872 0.6188670829616414 0.03007518796992481 0.02007136485280999
44 0.15789473684210525 0.7968331846565566 0.0481203007518797 0.01650312221231044
224 0.2469924812030075 0.20115967885816236 0.029323308270676692 0.019625334522747548
176 0.18721804511278195 0.38670829616413915 0.03458646616541353 0.01784121320249777
224 0.19962406015037593 0.6469669937555754 0.029323308270676692 0.018287243532560213
7 0.5169172932330827 0.5249776984834968 0.029323308270676692 0.02230151650312221
13 0.36353383458646615 0.6969223907225691 0.029323308270676692 0.02096342551293488
13 0.41090225563909777 0.15075825156110614 0.035338345864661655 0.020517395182872437
13 0.6800751879699248 0.766057091882248 0.02330827067669173 0.02007136485280999
7 0.4917293233082707 0.4105709188224799 0.03007518796992481 0.0191793041926851
200 0.7902255639097744 0.8227029438001784 0.03007518796992481 0.01650312221231044
118 0.20601503759398496 0.7723015165031222 0.031578947368421054 0.02007136485280999
22 0.6703007518796993 0.7221231043710973 0.02631578947368421 0.021409455842997322
58 0.24962406015037594 0.52921498661909 0.045112781954887216 0.017395182872435324
58 0.2026315789473684 0.7970561998215878 0.04285714285714286 0.016057091882247992
119 0.42142857142857143 0.5265388046387154 0.032330827067669175 0.02096342551293488
13 0.45300751879699247 0.6944692239072257 0.029323308270676692 0.0231935771632471
149 0.34924812030075186 0.7225691347011597 0.03984962406015038 0.020517395182872437
224 0.47330827067669173 0.1995985727029438 0.029323308270676692 0.018287243532560213
185 0.3293233082706767 0.5042372881355932 0.03609022556390978 0.018287243532560213
106 0.13984962406015036 0.7736396074933095 0.031578947368421054 0.0191793041926851
58 0.4345864661654135 0.36106155218554864 0.0406015037593985 0.0191793041926851
6 0.2093984962406015 0.4154772524531668 0.03383458646616541 0.023639607493309546
224 0.39210526315789473 0.4114629794826048 0.027819548872180452 0.017395182872435324
185 0.31240601503759396 0.7468777876895629 0.035338345864661655 0.02007136485280999
7 0.22631578947368422 0.7261373773416593 0.03458646616541353 0.019625334522747548
22 0.4473684210526316 0.6170829616413916 0.03308270676691729 0.02096342551293488
200 0.48270676691729325 0.5477252453166815 0.031578947368421054 0.01784121320249777
58 0.543233082706767 0.6411685994647636 0.04285714285714286 0.0191793041926851
22 0.4853383458646617 0.6420606601248885 0.032330827067669175 0.02007136485280999
7 0.14097744360902256 0.2691793041926851 0.03684210526315789 0.02096342551293488
211 0.43834586466165415 0.45628902765388046 0.015037593984962405 0.01784121320249777
13 0.4417293233082707 0.5720338983050848 0.032330827067669175 0.018287243532560213
76 0.3078947368421053 0.8186886708296164 0.027819548872180452 0.02096342551293488
22 0.7868421052631579 0.7484388938447815 0.027819548872180452 0.020517395182872437
22 0.23233082706766917 0.6714986619090099 0.031578947368421054 0.02007136485280999
13 0.23533834586466165 0.7705173951828724 0.03458646616541353 0.018287243532560213
224 0.8406015037593985 0.7977252453166815 0.02857142857142857 0.02096342551293488
7 0.3169172932330827 0.5515165031222123 0.03383458646616541 0.021855486173059768
22 0.4845864661654135 0.2943800178412132 0.03383458646616541 0.020517395182872437
99 0.43609022556390975 0.4808206958073149 0.02556390977443609 0.019625334522747548
185 0.4263157894736842 0.5497323818019625 0.031578947368421054 0.02007136485280999
211 0.5097744360902255 0.6429527207850134 0.021052631578947368 0.02096342551293488
224 0.21879699248120302 0.12243532560214095 0.02556390977443609 0.0191793041926851
224 0.818796992481203 0.772078501338091 0.02556390977443609 0.01784121320249777
106 0.3003759398496241 0.6987065120428189 0.0443609022556391 0.02096342551293488
185 0.2943609022556391 0.4576271186440678 0.03383458646616541 0.019625334522747548
99 0.33157894736842103 0.6726137377341659 0.03007518796992481 0.0231935771632471
224 0.4575187969924812 0.8385370205173952 0.030827067669172932 0.020517395182872437
200 0.16766917293233083 0.5305530776092774 0.0406015037593985 0.0191793041926851
22 0.8770676691729323 0.8220338983050848 0.02330827067669173 0.0231935771632471
32 0.14548872180451128 0.1975914362176628 0.03383458646616541 0.0231935771632471
200 0.5323308270676692 0.814228367528992 0.039097744360902256 0.02007136485280999
211 0.4507518796992481 0.8637377341659233 0.02030075187969925 0.023639607493309546
149 0.46541353383458645 0.4574041034790366 0.03458646616541353 0.02007136485280999
224 0.4496240601503759 0.7446476360392507 0.02706766917293233 0.021855486173059768
118 0.5266917293233083 0.3396520963425513 0.032330827067669175 0.0191793041926851
22 0.4424812030075188 0.8162355040142729 0.029323308270676692 0.01873327386262266
211 0.4402255639097744 0.40767172167707405 0.015789473684210527 0.01873327386262266
211 0.5075187969924813 0.5477252453166815 0.01804511278195489 0.020517395182872437
200 0.8578947368421053 0.7515611061552185 0.03458646616541353 0.02408563782337199
58 0.3003759398496241 0.6454058876003568 0.04285714285714286 0.020517395182872437
160 0.40338345864661657 0.22948260481712757 0.03684210526315789 0.024531668153434435
119 0.35075187969924815 0.36351471900089205 0.035338345864661655 0.01873327386262266
106 0.7548872180451128 0.7214540588760036 0.0406015037593985 0.023639607493309546
7 0.18609022556390978 0.3164585191793042 0.03383458646616541 0.02096342551293488
118 0.3755639097744361 0.6170829616413916 0.038345864661654135 0.02096342551293488
7 0.3018796992481203 0.6726137377341659 0.03383458646616541 0.0231935771632471
13 0.4093984962406015 0.5026761819803747 0.029323308270676692 0.01784121320249777
99 0.5165413533834586 0.41168599464763606 0.02706766917293233 0.02408563782337199
211 0.487593984962406 0.5916592328278323 0.015789473684210527 0.018287243532560213
99 0.7109022556390977 0.7932649420160571 0.02631578947368421 0.023639607493309546
7 0.368796992481203 0.5954504906333631 0.03383458646616541 0.020517395182872437
119 0.23646616541353382 0.8186886708296164 0.02330827067669173 0.0191793041926851
106 0.1281954887218045 0.46030330062444247 0.041353383458646614 0.01873327386262266
7 0.1661654135338346 0.4346565566458519 0.03007518796992481 0.02007136485280999
99 0.3018796992481203 0.34232827832292595 0.02631578947368421 0.02096342551293488
118 0.35075187969924815 0.34210526315789475 0.032330827067669175 0.020517395182872437
176 0.7590225563909775 0.7673951828724354 0.05037593984962406 0.027207850133809098
99 0.45864661654135336 0.29683318465655667 0.02556390977443609 0.022747546833184657
118 0.45526315789473687 0.17707404103479035 0.03383458646616541 0.021409455842997322
211 0.5018796992481203 0.7644959857270295 0.02030075187969925 0.021409455842997322
44 0.16578947368421051 0.1462979482604817 0.059398496240601506 0.019625334522747548
200 0.32218045112781957 0.2522301516503122 0.030827067669172932 0.017395182872435324
99 0.5402255639097744 0.6159678858162355 0.027819548872180452 0.024977698483496878
7 0.4691729323308271 0.360392506690455 0.039097744360902256 0.02230151650312221
110 0.35075187969924815 0.7939339875111507 0.02481203007518797 0.01784121320249777
106 0.14285714285714285 0.552185548617306 0.042105263157894736 0.019625334522747548
185 0.5030075187969925 0.3626226583407672 0.03458646616541353 0.020517395182872437
7 0.21804511278195488 0.19870651204281892 0.02706766917293233 0.02007136485280999
7 0.424812030075188 0.43331846565566456 0.02857142857142857 0.02096342551293488
200 0.8462406015037593 0.7252453166815344 0.041353383458646614 0.02230151650312221
13 0.4424812030075188 0.24866190900981266 0.035338345864661655 0.0191793041926851
200 0.43609022556390975 0.2729705619982159 0.02706766917293233 0.01784121320249777
211 0.4481203007518797 0.20115967885816236 0.01804511278195489 0.019625334522747548
160 0.5612781954887218 0.3621766280107047 0.029323308270676692 0.0231935771632471
118 0.3225563909774436 0.296164139161463 0.03759398496240601 0.016057091882247992
160 0.8221804511278196 0.8247100802854594 0.03684210526315789 0.025869759143621766
106 0.3545112781954887 0.1503122212310437 0.041353383458646614 0.01873327386262266
106 0.1988721804511278 0.34032114183764495 0.041353383458646614 0.019625334522747548
22 0.2951127819548872 0.6206512042818911 0.029323308270676692 0.0191793041926851
211 0.4462406015037594 0.6685994647636039 0.014285714285714285 0.01873327386262266
99 0.37894736842105264 0.20093666369313112 0.02406015037593985 0.018287243532560213
118 0.5609022556390978 0.7176628010704728 0.045112781954887216 0.01873327386262266
200 0.24661654135338346 0.7975022301516503 0.042105263157894736 0.015165031222123104
7 0.33383458646616543 0.17595896520963425 0.031578947368421054 0.021855486173059768
22 0.45413533834586467 0.5490633363068689 0.03458646616541353 0.01694915254237288
32 0.29661654135338344 0.5756021409455843 0.038345864661654135 0.02096342551293488
211 0.8398496240601504 0.7707404103479036 0.019548872180451128 0.01873327386262266
118 0.31278195488721805 0.7250223015165032 0.03308270676691729 0.0191793041926851
7 0.31954887218045114 0.7968331846565566 0.03759398496240601 0.02007136485280999
118 0.18082706766917292 0.17305976806422838 0.03684210526315789 0.019625334522747548
211 0.4567669172932331 0.272078501338091 0.014285714285714285 0.01784121320249777
7 0.29586466165413533 0.2731935771632471 0.02631578947368421 0.017395182872435324
13 0.1349624060150376 0.5289919714540589 0.038345864661654135 0.02230151650312221
185 0.5556390977443609 0.33809099018733274 0.022556390977443608 0.01784121320249777
7 0.1650375939849624 0.5987957181088314 0.035338345864661655 0.017395182872435324
99 0.23421052631578948 0.7000446030330062 0.029323308270676692 0.023639607493309546
110 0.34285714285714286 0.4114629794826048 0.02706766917293233 0.02007136485280999
58 0.39924812030075185 0.2731935771632471 0.045112781954887216 0.017395182872435324
211 0.49022556390977445 0.2714094558429973 0.013533834586466165 0.0191793041926851
211 0.4755639097744361 0.694692239072257 0.014285714285714285 0.022747546833184657
118 0.5030075187969925 0.8392060660124888 0.03308270676691729 0.021855486173059768
200 0.18571428571428572 0.25156110615521854 0.03007518796992481 0.01784121320249777
22 0.5413533834586466 0.25089206066012487 0.02706766917293233 0.0191793041926851
211 0.43082706766917295 0.3414362176628011 0.013533834586466165 0.017395182872435324
200 0.46729323308270676 0.5720338983050848 0.035338345864661655 0.0191793041926851
106 0.5139097744360902 0.294157002676182 0.03984962406015038 0.02007136485280999
6 0.23721804511278197 0.5981266726137378 0.032330827067669175 0.01873327386262266
224 0.5334586466165413 0.6659232827832292 0.02330827067669173 0.019625334522747548
200 0.26729323308270675 0.12488849241748438 0.032330827067669175 0.019625334522747548
119 0.19548872180451127 0.1995985727029438 0.02706766917293233 0.0191793041926851
224 0.40225563909774437 0.5497323818019625 0.03308270676691729 0.017395182872435324
118 0.37142857142857144 0.818242640499554 0.03609022556390978 0.022747546833184657
32 0.1368421052631579 0.3117752007136485 0.03007518796992481 0.020517395182872437
22 0.2954887218045113 0.3173505798394291 0.03007518796992481 0.02007136485280999
22 0.39172932330827065 0.4574041034790366 0.03308270676691729 0.0191793041926851
200 0.5334586466165413 0.36150758251561105 0.02631578947368421 0.018287243532560213
7 0.36353383458646615 0.4123550401427297 0.035338345864661655 0.01650312221231044
7 0.43082706766917295 0.2952720785013381 0.031578947368421054 0.020517395182872437
200 0.26015037593984963 0.6471900089206066 0.03458646616541353 0.01784121320249777
16 0.13796992481203008 0.5999107939339875 0.03383458646616541 0.01784121320249777
211 0.39398496240601505 0.5950044603033007 0.016541353383458645 0.020517395182872437
22 0.1293233082706767 0.35905441570026764 0.02857142857142857 0.020517395182872437
160 0.5075187969924813 0.6161909009812667 0.039097744360902256 0.024531668153434435
119 0.3966165413533835 0.43487957181088316 0.030827067669172932 0.02230151650312221
13 0.12781954887218044 0.6962533452274755 0.039097744360902256 0.0231935771632471
118 0.8206766917293233 0.7486619090098127 0.041353383458646614 0.02096342551293488
118 0.6443609022556391 0.7678412132024978 0.042105263157894736 0.018287243532560213
200 0.5116541353383459 0.5918822479928635 0.032330827067669175 0.01784121320249777
7 0.3605263157894737 0.5037912578055308 0.04285714285714286 0.02007136485280999
106 0.6454887218045112 0.7883586083853702 0.03383458646616541 0.022747546833184657
200 0.5135338345864662 0.2502230151650312 0.02706766917293233 0.01784121320249777
32 0.412406015037594 0.7669491525423728 0.03383458646616541 0.02096342551293488
13 0.22406015037593985 0.22413024085637823 0.031578947368421054 0.02007136485280999
211 0.5214285714285715 0.7883586083853702 0.012781954887218045 0.02007136485280999
13 0.26654135338345863 0.6226583407671722 0.03383458646616541 0.019625334522747548
160 0.381203007518797 0.2995093666369313 0.031578947368421054 0.022747546833184657
211 0.650375939849624 0.7450936663693131 0.021052631578947368 0.02007136485280999
32 0.3469924812030075 0.5950044603033007 0.03383458646616541 0.01784121320249777
32 0.19398496240601504 0.725914362176628 0.03308270676691729 0.021855486173059768
7 0.34135338345864663 0.4344335414808207 0.03759398496240601 0.01873327386262266
22 0.5060150375939849 0.5015611061552185 0.03007518796992481 0.02096342551293488
6 0.4338345864661654 0.22702943800178413 0.031578947368421054 0.019625334522747548
200 0.4266917293233083 0.2004906333630687 0.027819548872180452 0.017395182872435324
13 0.13345864661654136 0.5773862622658341 0.03684210526315789 0.021855486173059768
13 0.12894736842105264 0.6213202497769849 0.038345864661654135 0.020517395182872437
99 0.48909774436090225 0.25066904549509367 0.02481203007518797 0.020517395182872437
118 0.34172932330827066 0.22747546833184656 0.032330827067669175 0.021409455842997322
224 0.41842105263157897 0.25089206066012487 0.027819548872180452 0.018287243532560213
106 0.8033834586466165 0.7236842105263158 0.0443609022556391 0.02096342551293488
22 0.6796992481203008 0.7899197145405887 0.03458646616541353 0.0231935771632471
7 0.43007518796992483 0.8398751115075825 0.02406015037593985 0.020517395182872437
22 0.41090225563909777 0.34009812667261374 0.027819548872180452 0.02007136485280999
224 0.5511278195488721 0.7631578947368421 0.031578947368421054 0.02230151650312221
13 0.5357142857142857 0.45896520963425513 0.035338345864661655 0.021409455842997322
224 0.43796992481203006 0.7203389830508474 0.030827067669172932 0.02230151650312221
118 0.19774436090225564 0.7000446030330062 0.0406015037593985 0.02096342551293488
200 0.2571428571428571 0.5515165031222123 0.03458646616541353 0.02096342551293488
185 0.2037593984962406 0.6726137377341659 0.04360902255639098 0.01873327386262266
22 0.793233082706767 0.7714094558429974 0.03007518796992481 0.0191793041926851
110 0.6954887218045113 0.8160124888492417 0.03458646616541353 0.024531668153434435
8 0.5575187969924812 0.27185548617305977 0.029323308270676692 0.022747546833184657
211 0.12593984962406016 0.3356378233719893 0.02180451127819549 0.02007136485280999
119 0.4537593984962406 0.6420606601248885 0.03984962406015038 0.017395182872435324
211 0.48909774436090225 0.4324264049955397 0.015789473684210527 0.02007136485280999
211 0.3244360902255639 0.3416592328278323 0.017293233082706767 0.020517395182872437
7 0.3154135338345865 0.77007136485281 0.03684210526315789 0.02007136485280999
22 0.3176691729323308 0.4105709188224799 0.029323308270676692 0.022747546833184657
224 0.35676691729323307 0.17662801070472792 0.027819548872180452 0.019625334522747548
143 0.4150375939849624 0.618421052631579 0.03609022556390978 0.02007136485280999
118 0.5507518796992481 0.7879125780553078 0.03984962406015038 0.02096342551293488
185 0.5417293233082707 0.838314005352364 0.038345864661654135 0.02007136485280999
106 0.8225563909774436 0.6987065120428189 0.03759398496240601 0.023639607493309546
13 0.4052631578947368 0.29504906333630687 0.03007518796992481 0.018287243532560213
211 0.35601503759398495 0.3195807314897413 0.015789473684210527 0.017395182872435324
13 0.587218045112782 0.7879125780553078 0.02406015037593985 0.018287243532560213
118 0.3830827067669173 0.7473238180196253 0.038345864661654135 0.021855486173059768
106 0.26804511278195486 0.6714986619090099 0.0443609022556391 0.018287243532560213
7 0.3898496240601504 0.25089206066012487 0.038345864661654135 0.0191793041926851
185 0.14887218045112782 0.2247992863514719 0.03458646616541353 0.021409455842997322
118 0.5654135338345865 0.8146743978590544 0.039097744360902256 0.023639607493309546
22 0.6590225563909774 0.694692239072257 0.03383458646616541 0.027207850133809098
13 0.3804511278195489 0.7201159678858162 0.03007518796992481 0.021855486173059768
76 0.4924812030075188 0.48037466547725244 0.03458646616541353 0.031222123104371096
224 0.47293233082706765 0.27051739518287243 0.022556390977443608 0.017395182872435324
200 0.8639097744360902 0.6993755575379126 0.03759398496240601 0.025869759143621766
22 0.23834586466165414 0.6217662801070473 0.031578947368421054 0.01784121320249777
99 0.1593984962406015 0.31712756467439784 0.02556390977443609 0.019625334522747548
13 0.3150375939849624 0.5269848349687779 0.03759398496240601 0.017395182872435324
13 0.1545112781954887 0.8186886708296164 0.027819548872180452 0.02007136485280999
200 0.5154135338345864 0.3871543264942016 0.032330827067669175 0.019625334522747548
118 0.37142857142857144 0.6433987511150758 0.0406015037593985 0.022747546833184657
211 0.17857142857142858 0.41079393398751113 0.018796992481203006 0.01784121320249777
22 0.12706766917293233 0.6717216770740411 0.03458646616541353 0.020517395182872437
200 0.34398496240601506 0.747992863514719 0.035338345864661655 0.01784121320249777
224 0.51203007518797 0.8648528099910794 0.03759398496240601 0.02230151650312221
176 0.3823308270676692 0.3878233719892953 0.03684210526315789 0.02007136485280999
58 0.5109022556390977 0.5715878679750223 0.04887218045112782 0.01650312221231044
224 0.4996240601503759 0.7883586083853702 0.02631578947368421 0.021855486173059768
99 0.4368421052631579 0.15298840321141838 0.02556390977443609 0.0231935771632471
200 0.4052631578947368 0.72078501338091 0.031578947368421054 0.019625334522747548
58 0.6176691729323308 0.8131132917038358 0.04285714285714286 0.026761819803746655
7 0.4394736842105263 0.12555753791257807 0.032330827067669175 0.02096342551293488
200 0.3706766917293233 0.5495093666369313 0.03609022556390978 0.01784121320249777
7 0.3469924812030075 0.5272078501338091 0.03383458646616541 0.01784121320249777
118 0.5218045112781955 0.2709634255129349 0.03609022556390978 0.017395182872435324
