58 0.7204188481675393 0.9309672386895476 0.06910994764397906 0.04758190327613104
160 0.6539267015706807 0.9329173166926678 0.06596858638743455 0.0483619344773791
58 0.6795811518324607 0.6758970358814352 0.07958115183246073 0.041341653666146644
76 0.587958115183246 0.11544461778471139 0.07853403141361257 0.0686427457098284
22 0.5539267015706806 0.7301092043681747 0.050261780104712044 0.0436817472698908
168 0.5827225130890052 0.36154446177847116 0.06387434554973823 0.044461778471138844
160 0.4979057591623037 0.4711388455538221 0.06387434554973823 0.0358814352574103
211 0.48795811518324606 0.421606864274571 0.027225130890052355 0.041341653666146644
106 0.42408376963350786 0.5741029641185648 0.07329842931937172 0.0374414976599064
106 0.599476439790576 0.5729329173166927 0.06596858638743455 0.038221528861154444
118 0.6680628272251309 0.4641185647425897 0.07958115183246073 0.0390015600624025
7 0.38219895287958117 0.9414976599063962 0.05863874345549738 0.0358814352574103
22 0.7801047120418848 0.9309672386895476 0.050261780104712044 0.041341653666146644
58 0.5460732984293194 0.26365054602184085 0.07225130890052356 0.0436817472698908
99 0.5476439790575917 0.218798751950078 0.039790575916230364 0.046021840873634944
106 0.6455497382198953 0.5210608424336973 0.06387434554973823 0.0405616224648986
224 0.7193717277486911 0.5705928237129485 0.0774869109947644 0.042901716068642744
118 0.6104712041884817 0.8303432137285491 0.0712041884816754 0.044461778471138844
22 0.5916230366492147 0.7312792511700468 0.02931937172774869 0.038221528861154444
6 0.6099476439790575 0.7847113884555382 0.06596858638743455 0.0452418096723869
118 0.4722513089005236 0.8330733229329174 0.0712041884816754 0.0374414976599064
118 0.5230366492146596 0.8849453978159126 0.06806282722513089 0.042901716068642744
211 0.5989528795811518 0.5175507020280812 0.020942408376963352 0.039781591263650544
149 0.6701570680628273 0.6220748829953198 0.06910994764397906 0.039781591263650544
200 0.7544502617801047 0.6751170046801872 0.061780104712041886 0.038221528861154444
22 0.7994764397905759 0.8319032761310452 0.04712041884816754 0.035101404056162244
7 0.6303664921465969 0.8837753510140406 0.050261780104712044 0.046801872074883
7 0.5397905759162304 0.9372074882995319 0.05759162303664921 0.044461778471138844
149 0.3973821989528796 0.8338533541341654 0.06596858638743455 0.0421216848673947
58 0.47591623036649217 0.312402496099844 0.0806282722513089 0.039781591263650544
110 0.7691099476439791 0.6232449297971919 0.04502617801047121 0.0421216848673947
13 0.7167539267015707 0.7749609984399376 0.05549738219895288 0.038221528861154444
118 0.8633507853403142 0.9270670826833073 0.05130890052356021 0.035101404056162244
13 0.6115183246073298 0.3170826833073323 0.048167539267015703 0.04758190327613104
22 0.4397905759162304 0.47269890795631825 0.050261780104712044 0.0374414976599064
149 0.4743455497382199 0.5206708268330733 0.06910994764397906 0.046021840873634944
160 0.7691099476439791 0.7289391575663027 0.05549738219895288 0.046021840873634944
22 0.4481675392670157 0.4200468018720749 0.05235602094240838 0.044461778471138844
99 0.5078534031413613 0.3662246489859594 0.050261780104712044 0.042901716068642744
149 0.5539267015706806 0.31630265210608427 0.06910994764397906 0.046021840873634944
58 0.6801047120418848 0.41848673946957876 0.0743455497382199 0.042901716068642744
149 0.487434554973822 0.21372854914196568 0.05759162303664921 0.0327613104524181
119 0.43455497382198954 0.9422776911076443 0.05445026178010471 0.0405616224648986
13 0.41413612565445024 0.5202808112324493 0.05130890052356021 0.0421216848673947
185 0.5005235602094241 0.7371294851794071 0.050261780104712044 0.0421216848673947
44 0.6015706806282722 0.6778471138845554 0.08272251308900523 0.0530421216848674
7 0.38952879581151834 0.7862714508580343 0.041884816753926704 0.0390015600624025
58 0.7387434554973822 0.8295631825273011 0.05759162303664921 0.04914196567862714
22 0.41256544502617803 0.625585023400936 0.05235602094240838 0.0405616224648986
200 0.7178010471204188 0.7281591263650546 0.049214659685863874 0.044461778471138844
6 0.6832460732984293 0.8802652106084243 0.05968586387434555 0.042901716068642744
7 0.5916230366492147 0.21840873634945399 0.048167539267015703 0.0530421216848674
7 0.45916230366492145 0.8892355694227769 0.05130890052356021 0.0390015600624025
149 0.4769633507853403 0.25702028081123246 0.05968586387434555 0.042901716068642744
118 0.6476439790575916 0.7324492979719188 0.0743455497382199 0.0421216848673947
58 0.5324607329842932 0.4208268330733229 0.049214659685863874 0.044461778471138844
149 0.6795811518324607 0.8303432137285491 0.06492146596858639 0.044461778471138844
119 0.48324607329842934 0.9434477379095164 0.05759162303664921 0.042901716068642744
118 0.47591623036649217 0.6287051482059283 0.06596858638743455 0.0405616224648986
106 0.5984293193717277 0.6236349453978159 0.0743455497382199 0.036661466458658344
149 0.6104712041884817 0.41770670826833073 0.06492146596858639 0.042901716068642744
7 0.6544502617801047 0.5729329173166927 0.048167539267015703 0.035101404056162244
211 0.7643979057591623 0.7780811232449298 0.0356020942408377 0.042901716068642744
99 0.5445026178010471 0.6844773790951638 0.03769633507853403 0.05226209048361934
32 0.4513089005235602 0.359594383775351 0.05445026178010471 0.0436817472698908
160 0.5408376963350785 0.8385335413416537 0.06387434554973823 0.0436817472698908
13 0.5827225130890052 0.8845553822152886 0.05968586387434555 0.0390015600624025
13 0.4837696335078534 0.15678627145085802 0.06282722513089005 0.0436817472698908
22 0.6670157068062827 0.7780811232449298 0.05863874345549738 0.041341653666146644
106 0.39528795811518325 0.8845553822152886 0.0743455497382199 0.0483619344773791
13 0.7910994764397906 0.8775351014040562 0.05759162303664921 0.0374414976599064
200 0.493717277486911 0.5741029641185648 0.061780104712041886 0.0390015600624025
119 0.4397905759162304 0.7851014040561622 0.05654450261780105 0.041341653666146644
224 0.569109947643979 0.5183307332293292 0.03664921465968586 0.038221528861154444
149 0.5570680628272251 0.16536661466458658 0.08167539267015707 0.046801872074883
149 0.40471204188481674 0.732839313572543 0.05968586387434555 0.042901716068642744
224 0.5973821989528796 0.9356474258970359 0.061780104712041886 0.046021840873634944
149 0.5146596858638743 0.10569422776911076 0.0743455497382199 0.05070202808112324
211 0.45287958115183247 0.7312792511700468 0.032460732984293195 0.038221528861154444
160 0.5916230366492147 0.46801872074882994 0.06910994764397906 0.046801872074883
211 0.725130890052356 0.6205148205928237 0.032460732984293195 0.046021840873634944
7 0.6963350785340314 0.5222308892355694 0.05235602094240838 0.041341653666146644
119 0.49476439790575916 0.7843213728549142 0.05759162303664921 0.044461778471138844
99 0.5455497382198953 0.578003120124805 0.039790575916230364 0.046801872074883
211 0.8403141361256544 0.8849453978159126 0.03664921465968586 0.038221528861154444
7 0.5523560209424084 0.7831513260530422 0.05340314136125655 0.0436817472698908
22 0.7486910994764397 0.8837753510140406 0.05445026178010471 0.0374414976599064
76 0.4816753926701571 0.6801872074882995 0.07329842931937172 0.07332293291731669
224 0.5366492146596858 0.6228549141965679 0.05759162303664921 0.033541341653666144
