106 0.3104166666666667 0.29577922077922075 0.0875 0.05389610389610389
149 0.20375 0.37272727272727274 0.060833333333333336 0.053246753246753244
211 0.2816666666666667 0.5886363636363636 0.045 0.0512987012987013
160 0.25916666666666666 0.22142857142857142 0.065 0.05844155844155844
58 0.1275 0.37597402597402596 0.08333333333333333 0.06493506493506493
7 0.31625 0.5097402597402597 0.06416666666666666 0.053246753246753244
7 0.23791666666666667 0.7425324675324675 0.0575 0.05389610389610389
118 0.3129166666666667 0.7386363636363636 0.0875 0.0512987012987013
211 0.79625 0.3974025974025974 0.0375 0.05454545454545454
200 0.7883333333333333 0.6224025974025974 0.058333333333333334 0.05649350649350649
7 0.7275 0.7737012987012987 0.06833333333333333 0.07077922077922078
149 0.21291666666666667 0.30097402597402595 0.07083333333333333 0.06168831168831169
149 0.585 0.560064935064935 0.07 0.05649350649350649
7 0.6558333333333334 0.8574675324675325 0.07666666666666666 0.0512987012987013
106 0.4270833333333333 0.3574675324675325 0.0725 0.044805194805194806
211 0.23 0.4422077922077922 0.03833333333333333 0.048051948051948054
176 0.6375 0.6331168831168831 0.08333333333333333 0.06233766233766234
6 0.6608333333333334 0.6987012987012987 0.056666666666666664 0.06623376623376623
7 0.25375 0.6623376623376623 0.06583333333333333 0.05584415584415584
185 0.5841666666666666 0.8597402597402597 0.065 0.05584415584415584
22 0.5025 0.6435064935064935 0.058333333333333334 0.06103896103896104
7 0.4504166666666667 0.574025974025974 0.07916666666666666 0.053246753246753244
118 0.58375 0.7126623376623377 0.08083333333333333 0.05649350649350649
211 0.64375 0.4814935064935065 0.04083333333333333 0.05779220779220779
13 0.5454166666666667 0.34675324675324676 0.0725 0.053246753246753244
32 0.3433333333333333 0.5782467532467532 0.07 0.05519480519480519
22 0.7116666666666667 0.624025974025974 0.06 0.05844155844155844
6 0.45958333333333334 0.7964285714285714 0.06916666666666667 0.07077922077922078
106 0.5179166666666667 0.4961038961038961 0.09083333333333334 0.053246753246753244
7 0.38125 0.8146103896103896 0.07583333333333334 0.06948051948051948
13 0.7108333333333333 0.4818181818181818 0.085 0.05454545454545454
7 0.7475 0.549025974025974 0.065 0.05519480519480519
149 0.57625 0.41363636363636364 0.08916666666666667 0.05454545454545454
211 0.31666666666666665 0.6577922077922078 0.04666666666666667 0.06103896103896104
22 0.7316666666666667 0.6928571428571428 0.056666666666666664 0.06363636363636363
22 0.43125 0.42597402597402595 0.059166666666666666 0.05454545454545454
149 0.555 0.7938311688311688 0.08166666666666667 0.05389610389610389
7 0.20083333333333334 0.22694805194805195 0.06 0.05519480519480519
224 0.8666666666666667 0.5496753246753247 0.06833333333333333 0.05
200 0.3591666666666667 0.36493506493506495 0.03833333333333333 0.04285714285714286
7 0.7445833333333334 0.4 0.07083333333333333 0.05454545454545454
76 0.1775 0.6762987012987013 0.07833333333333334 0.08506493506493507
185 0.28041666666666665 0.3665584415584416 0.07583333333333334 0.05
13 0.43625 0.6496753246753246 0.07916666666666666 0.048701298701298704
224 0.375 0.6529220779220779 0.04833333333333333 0.052597402597402594
7 0.17125 0.4422077922077922 0.0775 0.048051948051948054
22 0.5970833333333333 0.4902597402597403 0.0525 0.06103896103896104
13 0.45 0.2850649350649351 0.07333333333333333 0.05064935064935065
99 0.51 0.5801948051948052 0.051666666666666666 0.08246753246753247
13 0.25083333333333335 0.5068181818181818 0.08 0.06428571428571428
58 0.35791666666666666 0.4340909090909091 0.09416666666666666 0.0512987012987013
118 0.49375 0.4211038961038961 0.0825 0.05519480519480519
99 0.7204166666666667 0.8600649350649351 0.059166666666666666 0.07207792207792207
211 0.8058333333333333 0.5512987012987013 0.05333333333333334 0.05194805194805195
211 0.79625 0.7730519480519481 0.04583333333333333 0.06818181818181818
200 0.7933333333333333 0.6941558441558442 0.055 0.05714285714285714
99 0.37375 0.5152597402597403 0.04583333333333333 0.07077922077922078
7 0.6083333333333333 0.3435064935064935 0.08166666666666667 0.04415584415584416
200 0.27958333333333335 0.44253246753246755 0.0625 0.044805194805194806
76 0.30875 0.8035714285714286 0.0725 0.06428571428571428
224 0.565 0.6366883116883116 0.05333333333333334 0.06038961038961039
200 0.49083333333333334 0.3555194805194805 0.04 0.03961038961038961
13 0.7575 0.33084415584415583 0.07333333333333333 0.05389610389610389
7 0.89625 0.48214285714285715 0.059166666666666666 0.05649350649350649
13 0.8645833333333334 0.6237012987012988 0.09083333333333334 0.05909090909090909
200 0.77125 0.4824675324675325 0.049166666666666664 0.05194805194805195
13 0.4608333333333333 0.727922077922078 0.075 0.05454545454545454
32 0.6633333333333333 0.4042207792207792 0.06666666666666667 0.05519480519480519
200 0.5170833333333333 0.7227272727272728 0.0575 0.05194805194805195
110 0.83625 0.4805194805194805 0.0725 0.05064935064935065
76 0.66875 0.5652597402597402 0.07916666666666666 0.07987012987012987
76 0.64875 0.785064935064935 0.08083333333333333 0.1012987012987013
44 0.8625 0.3974025974025974 0.08333333333333333 0.05844155844155844
22 0.22791666666666666 0.8025974025974026 0.0525 0.05194805194805195
7 0.39666666666666667 0.7321428571428571 0.065 0.052597402597402594
22 0.42916666666666664 0.5042207792207792 0.056666666666666664 0.05649350649350649
