13 0.515 0.6792808219178083 0.08666666666666667 0.04006849315068493
106 0.3720833333333333 0.7696917808219178 0.0925 0.031164383561643836
211 0.4504166666666667 0.6796232876712329 0.0425 0.032534246575342464
13 0.28375 0.2768835616438356 0.10083333333333333 0.04349315068493151
13 0.2970833333333333 0.22551369863013698 0.09083333333333334 0.0386986301369863
22 0.45458333333333334 0.3660958904109589 0.059166666666666666 0.031506849315068496
6 0.4658333333333333 0.4537671232876712 0.06333333333333334 0.03356164383561644
22 0.73875 0.27294520547945206 0.0675 0.036986301369863014
200 0.6904166666666667 0.45308219178082193 0.0725 0.03767123287671233
58 0.3283333333333333 0.5883561643835616 0.11666666666666667 0.038356164383561646
99 0.47625 0.8202054794520548 0.10416666666666667 0.0410958904109589
7 0.6333333333333333 0.36506849315068496 0.08166666666666667 0.03493150684931507
224 0.49916666666666665 0.5833904109589041 0.055 0.03458904109589041
160 0.43125 0.6332191780821917 0.10416666666666667 0.050684931506849315
224 0.3908333333333333 0.3648972602739726 0.06333333333333334 0.031164383561643836
211 0.5266666666666666 0.8198630136986301 0.05333333333333334 0.0410958904109589
7 0.4320833333333333 0.5832191780821918 0.08916666666666667 0.03493150684931507
99 0.6783333333333333 0.4126712328767123 0.07 0.04589041095890411
58 0.6008333333333333 0.4511986301369863 0.10666666666666667 0.03664383561643836
22 0.5933333333333334 0.4974315068493151 0.06333333333333334 0.03595890410958904
224 0.4041666666666667 0.3208904109589041 0.06 0.036301369863013695
160 0.6341666666666667 0.6791095890410959 0.075 0.04657534246575343
7 0.605 0.3214041095890411 0.08333333333333333 0.033904109589041095
13 0.5329166666666667 0.41215753424657536 0.0925 0.03595890410958904
44 0.3125 0.36455479452054795 0.09333333333333334 0.02773972602739726
22 0.46208333333333335 0.32003424657534246 0.0675 0.03184931506849315
76 0.5404166666666667 0.3664383561643836 0.11083333333333334 0.05958904109589041
16 0.6816666666666666 0.586472602739726 0.07833333333333334 0.041438356164383565
118 0.53 0.7236301369863014 0.11666666666666667 0.03767123287671233
13 0.7129166666666666 0.3708904109589041 0.10083333333333333 0.03972602739726028
13 0.28 0.6352739726027398 0.10833333333333334 0.030136986301369864
13 0.5454166666666667 0.5428082191780822 0.0825 0.03424657534246575
32 0.4325 0.8703767123287671 0.09 0.0386986301369863
160 0.45125 0.2339041095890411 0.09083333333333334 0.06095890410958904
7 0.3879166666666667 0.6806506849315068 0.08583333333333333 0.03184931506849315
22 0.40875 0.5407534246575343 0.0725 0.04041095890410959
200 0.4354166666666667 0.7212328767123287 0.0625 0.030821917808219176
13 0.29125 0.5 0.1075 0.03561643835616438
44 0.635 0.22979452054794522 0.09833333333333333 0.03493150684931507
118 0.64625 0.27551369863013697 0.11083333333333334 0.03732876712328767
200 0.6091666666666666 0.4070205479452055 0.06833333333333333 0.03595890410958904
106 0.46041666666666664 0.7700342465753425 0.1025 0.03595890410958904
58 0.7304166666666667 0.22962328767123288 0.09083333333333334 0.04006849315068493
13 0.5366666666666666 0.3214041095890411 0.105 0.03527397260273973
7 0.8 0.41404109589041094 0.09333333333333334 0.03972602739726028
22 0.725 0.31695205479452054 0.06166666666666667 0.03664383561643836
211 0.37625 0.7210616438356164 0.0675 0.03664383561643836
224 0.4708333333333333 0.4058219178082192 0.058333333333333334 0.03561643835616438
118 0.31708333333333333 0.40616438356164386 0.13083333333333333 0.04041095890410959
149 0.36083333333333334 0.813013698630137 0.11333333333333333 0.038356164383561646
32 0.2916666666666667 0.6839041095890411 0.09 0.036301369863013695
200 0.3591666666666667 0.6349315068493151 0.06833333333333333 0.02671232876712329
211 0.30916666666666665 0.7684931506849315 0.04 0.03561643835616438
44 0.43833333333333335 0.27465753424657535 0.09833333333333333 0.026027397260273973
211 0.6566666666666666 0.49897260273972605 0.06333333333333334 0.04246575342465753
118 0.31958333333333333 0.5407534246575343 0.11083333333333334 0.04246575342465753
22 0.29625 0.3238013698630137 0.0575 0.03527397260273973
44 0.6354166666666666 0.5424657534246575 0.10416666666666667 0.02671232876712329
224 0.515 0.2761986301369863 0.05333333333333334 0.03321917808219178
211 0.5241666666666667 0.4511986301369863 0.055 0.04006849315068493
22 0.41 0.40993150684931506 0.06666666666666667 0.03904109589041096
185 0.52625 0.6325342465753425 0.1125 0.031506849315068496
211 0.61375 0.6371575342465754 0.05416666666666667 0.039383561643835614
224 0.47791666666666666 0.5416095890410959 0.060833333333333336 0.028424657534246577
76 0.37083333333333335 0.4575342465753425 0.11666666666666667 0.06164383561643835
44 0.54 0.7736301369863013 0.07166666666666667 0.031506849315068496
211 0.2758333333333333 0.4465753424657534 0.07666666666666666 0.03904109589041096
200 0.5770833333333333 0.676541095890411 0.0475 0.02636986301369863
211 0.67 0.31917808219178084 0.05333333333333334 0.04315068493150685
200 0.3725 0.22414383561643836 0.06 0.03527397260273973
160 0.30916666666666665 0.7265410958904109 0.075 0.046232876712328765
99 0.35833333333333334 0.28236301369863015 0.06 0.04280821917808219
13 0.5366666666666666 0.23065068493150684 0.085 0.04486301369863014
22 0.7441666666666666 0.41335616438356165 0.07166666666666667 0.03767123287671233
185 0.4825 0.499486301369863 0.11166666666666666 0.03801369863013699
44 0.3904166666666667 0.5006849315068493 0.0975 0.03356164383561644
211 0.3475 0.3226027397260274 0.05 0.036301369863013695
211 0.5625 0.27842465753424656 0.043333333333333335 0.03424657534246575
6 0.6725 0.6368150684931507 0.07 0.032534246575342464
211 0.6291666666666667 0.5866438356164384 0.035 0.03972602739726028
13 0.5695833333333333 0.5859589041095891 0.0975 0.038356164383561646
211 0.7716666666666666 0.3166095890410959 0.03666666666666667 0.03595890410958904
