7 0.3722397476340694 0.4683578832515003 0.03533123028391167 0.03000545553737043
211 0.7769716088328076 0.6415711947626841 0.01829652996845426 0.03273322422258593
211 0.5138801261829653 0.2572285870158211 0.015772870662460567 0.033278777959629025
118 0.210410094637224 0.5818330605564648 0.04100946372239748 0.02673213311511184
118 0.8596214511041009 0.7536824877250409 0.04605678233438486 0.04091653027823241
99 0.3476340694006309 0.29132569558101473 0.0277602523659306 0.031642116748499725
6 0.7025236593059937 0.2509547190398254 0.030914826498422712 0.03927986906710311
22 0.7583596214511041 0.2127659574468085 0.03533123028391167 0.031642116748499725
224 0.461198738170347 0.25559192580469176 0.031545741324921134 0.028914348063284235
58 0.5810725552050473 0.03409710856519367 0.039116719242902206 0.03218767048554282
149 0.6444794952681387 0.42825968357883254 0.038485804416403785 0.028368794326241134
211 0.4662460567823344 0.6451172940534643 0.02145110410094637 0.033278777959629025
13 0.3728706624605678 0.3567921440261866 0.04037854889589906 0.02618657937806874
119 0.47981072555205045 0.4326241134751773 0.038485804416403785 0.03055100927441353
224 0.6302839116719243 0.7956901254773595 0.03659305993690852 0.0430987452264048
149 0.30378548895899055 0.5420076377523186 0.04227129337539432 0.033278777959629025
185 0.8558359621451104 0.4492635024549918 0.03722397476340694 0.03546099290780142
22 0.817981072555205 0.31151118385160936 0.03596214511041009 0.027277686852154936
106 0.5719242902208201 0.7995090016366612 0.04858044164037855 0.03873431533006001
119 0.44227129337539434 0.6478450627386798 0.031545741324921134 0.03436988543371522
7 0.5034700315457413 0.42907801418439717 0.03406940063091483 0.031096563011456628
44 0.6419558359621451 0.4593562465902891 0.05488958990536277 0.03055100927441353
32 0.4886435331230284 0.7962356792144026 0.0473186119873817 0.03436988543371522
211 0.8198738170347003 0.17484997272231315 0.022082018927444796 0.033278777959629025
22 0.7264984227129337 0.39088925259138024 0.032176656151419555 0.02564102564102564
176 0.1719242902208202 0.6192034915439171 0.0473186119873817 0.03382433169667212
118 0.7772870662460568 0.7894162575013639 0.04290220820189274 0.0436442989634479
211 0.42365930599369084 0.09792689579923622 0.02334384858044164 0.036552100381887616
7 0.8220820189274448 0.21358428805237317 0.03406940063091483 0.02673213311511184
32 0.5391167192429022 0.28696126568466995 0.03596214511041009 0.025095471903982543
44 0.4249211356466877 0.29214402618657936 0.05488958990536277 0.02673213311511184
211 0.5738170347003154 0.2558647026732133 0.022082018927444796 0.03382433169667212
7 0.3785488958990536 0.6494817239498091 0.032807570977917984 0.03218767048554282
119 0.4192429022082019 0.32351336606655756 0.03470031545741325 0.03382433169667212
211 0.35993690851735016 0.26104746317512273 0.02965299684542587 0.027823240589198037
99 0.6864353312302839 0.4634478996181124 0.031545741324921134 0.03873431533006001
22 0.5151419558359621 0.5046372067648663 0.033438485804416405 0.024004364429896344
7 0.20725552050473187 0.615657392253137 0.033438485804416405 0.03436988543371522
22 0.3088328075709779 0.5804691762138571 0.03596214511041009 0.029459901800327332
200 0.5470031545741325 0.7599563557010366 0.039116719242902206 0.03273322422258593
76 0.7637223974763407 0.386797599563557 0.044794952681388014 0.0447354064375341
200 0.737223974763407 0.7193126022913257 0.038485804416403785 0.03764320785597381
211 0.5728706624605678 0.31969448990725585 0.022712933753943218 0.03055100927441353
118 0.1946372239747634 0.7255864702673214 0.04858044164037855 0.040370976541189305
44 0.5965299684542587 0.1432078559738134 0.05236593059936909 0.027823240589198037
224 0.5167192429022082 0.06601200218221495 0.03406940063091483 0.03055100927441353
7 0.4214511041009464 0.6121112929623568 0.03785488958990536 0.027277686852154936
7 0.7520504731861198 0.13938897981451173 0.0277602523659306 0.031096563011456628
224 0.23249211356466876 0.682214948172395 0.03470031545741325 0.028914348063284235
76 0.5763406940063092 0.10638297872340426 0.043533123028391164 0.050190943807965085
200 0.7104100946372239 0.532733224222586 0.04290220820189274 0.031096563011456628
118 0.6413249211356467 0.14157119476268412 0.043533123028391164 0.03764320785597381
22 0.49779179810725555 0.3578832515002728 0.03659305993690852 0.03055100927441353
7 0.5022082018927445 0.7212220403709766 0.0416403785488959 0.03382433169667212
200 0.33785488958990534 0.3597926895799236 0.03974763406940063 0.02564102564102564
7 0.6466876971608833 0.17921440261865793 0.03028391167192429 0.027823240589198037
22 0.44605678233438484 0.06464811783960721 0.031545741324921134 0.02673213311511184
224 0.4807570977917981 0.3194217130387343 0.03533123028391167 0.027823240589198037
185 0.5902208201892745 0.5733769776322968 0.03596214511041009 0.031642116748499725
7 0.4470031545741325 0.32160392798690673 0.033438485804416405 0.033278777959629025
7 0.2277602523659306 0.6475722858701582 0.03659305993690852 0.03600654664484452
176 0.5637223974763407 0.6483906164757228 0.032176656151419555 0.03764320785597381
106 0.27728706624605676 0.7212220403709766 0.049842271293375394 0.03927986906710311
58 0.5050473186119874 0.7615930169121659 0.05236593059936909 0.038188761593016915
6 0.5943217665615141 0.5379159847244953 0.04037854889589906 0.03273322422258593
149 0.19242902208201892 0.762684124386252 0.0416403785488959 0.03273322422258593
13 0.4416403785488959 0.2193126022913257 0.03659305993690852 0.03055100927441353
32 0.7861198738170347 0.2828696126568467 0.03028391167192429 0.03000545553737043
224 0.7305993690851735 0.284506273867976 0.029022082018927444 0.02673213311511184
185 0.305993690851735 0.430987452264048 0.04416403785488959 0.031642116748499725
118 0.5466876971608833 0.14238952536824878 0.04227129337539432 0.03491543917075832
44 0.8082018927444795 0.754228041462084 0.056782334384858045 0.036552100381887616
32 0.2962145110410095 0.3769776322967812 0.028391167192429023 0.019639934533551555
211 0.7615141955835962 0.24822695035460993 0.026498422712933754 0.029459901800327332
211 0.4167192429022082 0.5070921985815603 0.02334384858044164 0.028914348063284235
22 0.750788643533123 0.4547190398254228 0.031545741324921134 0.027823240589198037
200 0.44889589905362776 0.1039279869067103 0.03470031545741325 0.028914348063284235
22 0.867192429022082 0.5218221494817239 0.033438485804416405 0.036552100381887616
118 0.46876971608832807 0.3955264593562466 0.04416403785488959 0.03273322422258593
13 0.41545741324921137 0.5777414075286416 0.04100946372239748 0.03382433169667212
110 0.465615141955836 0.6794871794871795 0.03406940063091483 0.03436988543371522
211 0.36529968454258677 0.7228587015821059 0.0138801261829653 0.027277686852154936
185 0.679179810725552 0.17757774140752863 0.03974763406940063 0.031096563011456628
106 0.3804416403785489 0.43126022913256956 0.04416403785488959 0.028914348063284235
160 0.8176656151419558 0.450354609929078 0.03533123028391167 0.033278777959629025
58 0.9425867507886435 0.4462629569012548 0.03533123028391167 0.03055100927441353
119 0.40914826498422713 0.6451172940534643 0.03596214511041009 0.03000545553737043
149 0.6337539432176656 0.2872340425531915 0.030914826498422712 0.031096563011456628
7 0.6574132492113565 0.7951445717403164 0.03533123028391167 0.03982542280414621
22 0.20504731861198738 0.7951445717403164 0.03406940063091483 0.036552100381887616
211 0.3403785488958991 0.5455537370430987 0.024605678233438486 0.028368794326241134
200 0.5968454258675079 0.3524277141298418 0.0277602523659306 0.025095471903982543
32 0.2722397476340694 0.6145662847790507 0.04100946372239748 0.03218767048554282
7 0.8236593059936909 0.3502454991816694 0.03596214511041009 0.03055100927441353
176 0.461198738170347 0.35924713584288054 0.03785488958990536 0.02673213311511184
13 0.5993690851735016 0.28614293507910527 0.032807570977917984 0.023458810692853247
7 0.9246056782334385 0.2785051827605019 0.038485804416403785 0.03218767048554282
160 0.6138801261829653 0.22067648663393344 0.03028391167192429 0.0430987452264048
160 0.4630914826498423 0.7618657937806874 0.04794952681388013 0.03982542280414621
185 0.7933753943217665 0.21358428805237317 0.030914826498422712 0.033278777959629025
224 0.2 0.6505728314238952 0.03406940063091483 0.028914348063284235
22 0.6618296529968454 0.39088925259138024 0.032807570977917984 0.031096563011456628
22 0.6517350157728706 0.682760501909438 0.03659305993690852 0.031096563011456628
168 0.6555205047318612 0.22340425531914893 0.04037854889589906 0.05946535733769776
211 0.849211356466877 0.3469721767594108 0.017665615141955835 0.03055100927441353
110 0.12334384858044165 0.7302236770321877 0.043533123028391164 0.042007637752318604
22 0.6324921135646687 0.3194217130387343 0.025867507886435333 0.02127659574468085
99 0.7425867507886436 0.532733224222586 0.022712933753943218 0.03764320785597381
211 0.538801261829653 0.6478450627386798 0.017665615141955835 0.033278777959629025
13 0.8952681388012619 0.27605019094380795 0.03533123028391167 0.031642116748499725
200 0.5630914826498423 0.22067648663393344 0.038485804416403785 0.03436988543371522
118 0.2858044164037855 0.28505182760501907 0.0277602523659306 0.03000545553737043
58 0.12902208201892745 0.6492089470812875 0.033438485804416405 0.027277686852154936
185 0.5539432176656152 0.615657392253137 0.03785488958990536 0.03218767048554282
7 0.5457413249211357 0.03464266230223677 0.03406940063091483 0.03436988543371522
6 0.24321766561514196 0.7956901254773595 0.03974763406940063 0.03546099290780142
185 0.5949526813880126 0.25559192580469176 0.029022082018927444 0.03546099290780142
200 0.42649842271293376 0.682214948172395 0.03659305993690852 0.028914348063284235
118 0.350788643533123 0.5793780687397708 0.0416403785488959 0.03382433169667212
76 0.6277602523659306 0.031096563011456628 0.045425867507886436 0.041462084015275506
32 0.5413249211356467 0.5780141843971631 0.03028391167192429 0.033278777959629025
32 0.4618296529968454 0.14457174031642117 0.03533123028391167 0.031642116748499725
106 0.5681388012618297 0.39252591380250956 0.04227129337539432 0.027823240589198037
7 0.7078864353312303 0.14020731042007636 0.029022082018927444 0.029459901800327332
7 0.546372239747634 0.6841243862520459 0.03028391167192429 0.03273322422258593
118 0.12176656151419558 0.6857610474631751 0.03785488958990536 0.03382433169667212
22 0.6996845425867508 0.35106382978723405 0.032807570977917984 0.028914348063284235
211 0.3145110410094637 0.375886524822695 0.017034700315457414 0.018548827059465357
99 0.5217665615141955 0.6478450627386798 0.02145110410094637 0.03436988543371522
200 0.1640378548895899 0.6492089470812875 0.039116719242902206 0.02618657937806874
110 0.4391167192429022 0.03273322422258593 0.031545741324921134 0.029459901800327332
119 0.45078864353312303 0.4331696672122204 0.03470031545741325 0.03273322422258593
7 0.6801261829652997 0.6835788325150027 0.031545741324921134 0.03709765411893071
32 0.7113564668769716 0.06082924168030551 0.033438485804416405 0.03000545553737043
211 0.9148264984227129 0.444899072558647 0.02018927444794953 0.036552100381887616
200 0.897160883280757 0.7536824877250409 0.03533123028391167 0.03873431533006001
224 0.5684542586750788 0.35624659028914346 0.03406940063091483 0.027277686852154936
200 0.622397476340694 0.6115657392253137 0.03596214511041009 0.03491543917075832
22 0.34069400630914826 0.43071467539552644 0.03406940063091483 0.03218767048554282
58 0.6684542586750789 0.5349154391707583 0.04858044164037855 0.03218767048554282
106 0.626813880126183 0.756683033278778 0.049842271293375394 0.03927986906710311
16 0.7176656151419558 0.49972722313147844 0.043533123028391164 0.028368794326241134
6 0.42712933753943216 0.759683578832515 0.04416403785488959 0.03436988543371522
106 0.3 0.3597926895799236 0.038485804416403785 0.02564102564102564
160 0.6369085173501577 0.353518821603928 0.038485804416403785 0.028368794326241134
7 0.4974763406940063 0.10420076377523187 0.032176656151419555 0.03491543917075832
160 0.7523659305993691 0.6803055100927441 0.03722397476340694 0.03382433169667212
7 0.15362776025236594 0.8006001091107474 0.030914826498422712 0.02564102564102564
106 0.5050473186119874 0.03218767048554282 0.05110410094637224 0.03273322422258593
211 0.7296529968454258 0.13938897981451173 0.019558359621451103 0.03546099290780142
224 0.7186119873817035 0.4582651391162029 0.03785488958990536 0.031642116748499725
224 0.7255520504731862 0.21140207310420076 0.031545741324921134 0.031096563011456628
22 0.31198738170347 0.7605019094380796 0.03974763406940063 0.031642116748499725
200 0.8870662460567823 0.44571740316421166 0.03785488958990536 0.03382433169667212
224 0.3249211356466877 0.32242225859247137 0.03533123028391167 0.025095471903982543
224 0.5526813880126183 0.5027277686852155 0.03406940063091483 0.03000545553737043
110 0.27350157728706626 0.5791052918712494 0.03470031545741325 0.03218767048554282
58 0.7883280757097791 0.6797599563557011 0.04100946372239748 0.03382433169667212
200 0.977602523659306 0.44189852700491 0.030914826498422712 0.03055100927441353
99 0.8845425867507887 0.7157665030005456 0.03028391167192429 0.038188761593016915
7 0.6230283911671924 0.5720130932896891 0.03974763406940063 0.033278777959629025
106 0.5129337539432177 0.5422804146208402 0.045425867507886436 0.027277686852154936
13 0.31041009463722397 0.5057283142389526 0.03533123028391167 0.029459901800327332
211 0.5709779179810726 0.06792144026186579 0.016403785488958992 0.031096563011456628
22 0.4113564668769716 0.18194217130387344 0.032807570977917984 0.03546099290780142
211 0.5151419558359621 0.1442989634478996 0.019558359621451103 0.03436988543371522
58 0.2694006309148265 0.7607746863066012 0.04794952681388013 0.03436988543371522
119 0.16151419558359623 0.7665030005455538 0.029022082018927444 0.025095471903982543
211 0.647634069400631 0.6429350791052919 0.019558359621451103 0.02673213311511184
200 0.30662460567823346 0.6833060556464812 0.039116719242902206 0.028914348063284235
211 0.49022082018927443 0.2198581560283688 0.01892744479495268 0.03491543917075832
185 0.39211356466876973 0.7244953627932351 0.038485804416403785 0.03491543917075832
22 0.3192429022082019 0.7223131478450627 0.03659305993690852 0.03927986906710311
7 0.7646687697160883 0.3516093835242771 0.026498422712933754 0.031096563011456628
149 0.40347003154574135 0.2225859247135843 0.03470031545741325 0.028368794326241134
6 0.6082018927444794 0.42525913802509546 0.03785488958990536 0.031096563011456628
13 0.38296529968454257 0.5068194217130387 0.04290220820189274 0.03055100927441353
7 0.46876971608832807 0.03136933987997818 0.0277602523659306 0.031096563011456628
110 0.6157728706624606 0.6803055100927441 0.03659305993690852 0.031642116748499725
7 0.7321766561514196 0.25177304964539005 0.030914826498422712 0.03218767048554282
99 0.49242902208201894 0.14620840152755046 0.027129337539432176 0.03600654664484452
7 0.5921135646687697 0.18466993998908893 0.032176656151419555 0.031096563011456628
7 0.4709779179810726 0.6134751773049646 0.03470031545741325 0.028914348063284235
211 0.5902208201892745 0.2176759410801964 0.01829652996845426 0.027277686852154936
22 0.6365930599369085 0.0657392253136934 0.032807570977917984 0.028914348063284235
224 0.7353312302839117 0.3496999454446263 0.03470031545741325 0.03382433169667212
7 0.4170347003154574 0.4315330060010911 0.03659305993690852 0.03055100927441353
118 0.7914826498422713 0.09629023458810693 0.04605678233438486 0.033278777959629025
7 0.5712933753943218 0.4277141298417894 0.03596214511041009 0.03055100927441353
13 0.5129337539432177 0.4683578832515003 0.04668769716088328 0.027823240589198037
13 0.8435331230283911 0.38379705400981995 0.03659305993690852 0.03764320785597381
224 0.5394321766561514 0.42825968357883254 0.039116719242902206 0.031642116748499725
200 0.6911671924290221 0.215493726132024 0.030914826498422712 0.027277686852154936
22 0.4302839116719243 0.25831969448990727 0.03406940063091483 0.03436988543371522
44 0.3798107255520505 0.5430987452264048 0.05425867507886435 0.02564102564102564
32 0.5413249211356467 0.7225859247135843 0.045425867507886436 0.03436988543371522
99 0.5233438485804417 0.6830332787779596 0.028391167192429023 0.028368794326241134
13 0.6189274447949527 0.18003273322422259 0.039116719242902206 0.029459901800327332
118 0.9542586750788643 0.5212765957446809 0.04605678233438486 0.036552100381887616
118 0.3488958990536278 0.6805782869612657 0.04416403785488959 0.03000545553737043
7 0.5460567823343848 0.3210583742498636 0.033438485804416405 0.031096563011456628
119 0.5022082018927445 0.29023458810692854 0.03659305993690852 0.024004364429896344
211 0.3463722397476341 0.7244953627932351 0.02018927444794953 0.040370976541189305
44 0.8302839116719243 0.6781232951445717 0.04921135646687697 0.03055100927441353
224 0.4914826498422713 0.2575013638843426 0.03406940063091483 0.031642116748499725
44 0.5195583596214511 0.3933442444080742 0.05236593059936909 0.028368794326241134
118 0.5425867507886435 0.2553191489361702 0.04416403785488959 0.03709765411893071
58 0.8817034700315457 0.38570649208947083 0.044794952681388014 0.038188761593016915
58 0.6422712933753943 0.10474631751227496 0.04794952681388013 0.031642116748499725
224 0.35646687697160884 0.3221494817239498 0.032807570977917984 0.031096563011456628
160 0.905993690851735 0.34615384615384615 0.03406940063091483 0.031096563011456628
13 0.4135646687697161 0.06192034915439171 0.032176656151419555 0.02673213311511184
211 0.1804416403785489 0.7975995635570103 0.015141955835962145 0.03927986906710311
13 0.25425867507886435 0.6478450627386798 0.0416403785488959 0.02564102564102564
99 0.6649842271293376 0.06655755591925805 0.022712933753943218 0.031642116748499725
7 0.4649842271293375 0.2883251500272777 0.03406940063091483 0.023458810692853247
160 0.6315457413249211 0.536279323513366 0.03533123028391167 0.031642116748499725
211 0.7539432176656151 0.2855973813420622 0.02018927444794953 0.03436988543371522
200 0.5533123028391167 0.46617566830332785 0.0416403785488959 0.02673213311511184
13 0.31892744479495266 0.2564102564102564 0.025867507886435333 0.028368794326241134
119 0.580441640378549 0.6838516093835243 0.03785488958990536 0.031096563011456628
149 0.4287066246056782 0.3941625750136388 0.04100946372239748 0.03218767048554282
22 0.4807570977917981 0.46999454446262956 0.032807570977917984 0.027823240589198037
32 0.7848580441640378 0.44980905619203493 0.0416403785488959 0.033278777959629025
160 0.4425867507886435 0.7937806873977087 0.04605678233438486 0.041462084015275506
13 0.6921135646687697 0.38979814511729405 0.03785488958990536 0.023458810692853247
7 0.5905362776025237 0.6153846153846154 0.03785488958990536 0.029459901800327332
149 0.7299684542586751 0.4214402618657938 0.04290220820189274 0.028914348063284235
7 0.5473186119873817 0.0673758865248227 0.024605678233438486 0.028914348063284235
200 0.7495268138801262 0.6418439716312057 0.039116719242902206 0.03218767048554282
22 0.2810725552050473 0.7962356792144026 0.03974763406940063 0.03436988543371522
211 0.4741324921135647 0.1033824331696672 0.01829652996845426 0.028914348063284235
22 0.6249211356466877 0.2558647026732133 0.028391167192429023 0.022913256955810146
200 0.4220820189274448 0.723404255319149 0.03406940063091483 0.03273322422258593
106 0.6772870662460568 0.6437534097108565 0.043533123028391164 0.03382433169667212
22 0.39022082018927445 0.32296781232951444 0.03722397476340694 0.027277686852154936
200 0.87602523659306 0.3458810692853246 0.038485804416403785 0.031642116748499725
106 0.6545741324921136 0.5013638843426077 0.04227129337539432 0.031642116748499725
176 0.7927444794952682 0.35215493726132024 0.03722397476340694 0.03218767048554282
119 0.3807570977917981 0.7965084560829242 0.030914826498422712 0.03709765411893071
118 0.7511041009463723 0.1773049645390071 0.043533123028391164 0.03382433169667212
58 0.5334384858044164 0.1066557555919258 0.04227129337539432 0.03000545553737043
58 0.5220820189274448 0.22013093289689034 0.044794952681388014 0.03218767048554282
7 0.3892744479495268 0.762684124386252 0.03533123028391167 0.03273322422258593
44 0.907570977917981 0.5218221494817239 0.05236593059936909 0.03764320785597381
7 0.28391167192429023 0.6472995090016367 0.029022082018927444 0.027823240589198037
200 0.47854889589905364 0.0657392253136934 0.03974763406940063 0.028914348063284235
211 0.5293375394321767 0.6110201854882706 0.02145110410094637 0.03600654664484452
118 0.42965299684542585 0.5425531914893617 0.050473186119873815 0.024549918166939442
106 0.8220820189274448 0.7144026186579379 0.04416403785488959 0.03546099290780142
149 0.28738170347003156 0.32160392798690673 0.038485804416403785 0.02673213311511184
110 0.3473186119873817 0.7932351336606656 0.033438485804416405 0.03600654664484452
200 0.5545741324921135 0.5368248772504092 0.039116719242902206 0.03055100927441353
211 0.565615141955836 0.5755591925804692 0.02334384858044164 0.03055100927441353
200 0.7523659305993691 0.10120021822149482 0.04100946372239748 0.033278777959629025
32 0.5615141955835962 0.18194217130387344 0.03533123028391167 0.03000545553737043
224 0.4056782334384858 0.4686306601200218 0.032807570977917984 0.027277686852154936
110 0.3523659305993691 0.7605019094380796 0.0473186119873817 0.031642116748499725
7 0.6823343848580442 0.10474631751227496 0.03722397476340694 0.031642116748499725
176 0.716403785488959 0.10529187124931806 0.03722397476340694 0.03382433169667212
224 0.9394321766561514 0.3436988543371522 0.031545741324921134 0.028368794326241134
7 0.4933753943217666 0.6863066012002182 0.03406940063091483 0.03055100927441353
211 0.602839116719243 0.7951445717403164 0.022082018927444796 0.036552100381887616
211 0.8615141955835962 0.6751227495908347 0.02082018927444795 0.036552100381887616
13 0.3889589905362776 0.6824877250409165 0.0473186119873817 0.03055100927441353
118 0.33817034700315457 0.3761593016912166 0.03028391167192429 0.01691216584833606
119 0.6195583596214511 0.502454991816694 0.03406940063091483 0.03273322422258593
119 0.4413249211356467 0.18303327877795963 0.028391167192429023 0.036552100381887616
22 0.38422712933753944 0.5785597381342062 0.032807570977917984 0.033278777959629025
7 0.4069400630914827 0.7943262411347518 0.03533123028391167 0.03600654664484452
6 0.6886435331230284 0.7918712493180579 0.043533123028391164 0.04091653027823241
118 0.4637223974763407 0.7193126022913257 0.04668769716088328 0.03764320785597381
211 0.4643533123028391 0.18166939443535188 0.016403785488958992 0.03382433169667212
22 0.34858044164037855 0.5068194217130387 0.038485804416403785 0.029459901800327332
211 0.44889589905362776 0.6151118385160939 0.019558359621451103 0.03436988543371522
211 0.43438485804416405 0.3576104746317512 0.017034700315457414 0.027823240589198037
22 0.807570977917981 0.38543371522094927 0.04037854889589906 0.033278777959629025
6 0.5996845425867507 0.0657392253136934 0.03596214511041009 0.03000545553737043
7 0.5845425867507886 0.5035460992907801 0.03722397476340694 0.028368794326241134
22 0.5936908517350158 0.6445717403164212 0.03028391167192429 0.03000545553737043
7 0.3195583596214511 0.2894162575013639 0.032176656151419555 0.03218767048554282
211 0.771608832807571 0.7555919258046918 0.0277602523659306 0.03709765411893071
200 0.2757097791798107 0.505455537370431 0.03028391167192429 0.031096563011456628
149 0.9261829652996846 0.38352427714129844 0.04921135646687697 0.03382433169667212
13 0.6968454258675079 0.7187670485542826 0.04858044164037855 0.03436988543371522
211 0.6892744479495269 0.0641025641025641 0.019558359621451103 0.031096563011456628
22 0.7425867507886436 0.7545008183306056 0.04416403785488959 0.03927986906710311
13 0.8419558359621451 0.5231860338243317 0.032176656151419555 0.03600654664484452
99 0.3113564668769716 0.6494817239498091 0.028391167192429023 0.033278777959629025
44 0.4037854889589905 0.14402618657937807 0.050473186119873815 0.03055100927441353
13 0.6801261829652997 0.13993453355155483 0.03785488958990536 0.03000545553737043
149 0.810410094637224 0.1407528641571195 0.04100946372239748 0.03600654664484452
44 0.817981072555205 0.27932351336606653 0.044794952681388014 0.027277686852154936
7 0.7621451104100946 0.527823240589198 0.029022082018927444 0.033278777959629025
224 0.2684542586750789 0.6816693944353519 0.04227129337539432 0.031096563011456628
22 0.15772870662460567 0.7269503546099291 0.03659305993690852 0.04091653027823241
22 0.29652996845425866 0.46808510638297873 0.03028391167192429 0.028368794326241134
224 0.8126182965299684 0.5242771412984178 0.03659305993690852 0.03273322422258593
185 0.6678233438485804 0.3537915984724495 0.032176656151419555 0.03546099290780142
22 0.31041009463722397 0.6129296235679215 0.03785488958990536 0.03218767048554282
22 0.40977917981072554 0.36033824331696673 0.030914826498422712 0.02673213311511184
118 0.7760252365930599 0.7163120567375887 0.045425867507886436 0.03709765411893071
118 0.33533123028391165 0.46699399890889254 0.04605678233438486 0.03273322422258593
224 0.22744479495268138 0.7602291325695582 0.04100946372239748 0.02564102564102564
224 0.9309148264984227 0.7523186033824332 0.04100946372239748 0.03600654664484452
211 0.6094637223974764 0.10529187124931806 0.02018927444794953 0.031642116748499725
176 0.47728706624605677 0.5046372067648663 0.03596214511041009 0.02618657937806874
224 0.6246056782334385 0.6442989634478996 0.032807570977917984 0.03055100927441353
106 0.714826498422713 0.6418439716312057 0.03785488958990536 0.03218767048554282
6 0.5990536277602524 0.320240043644299 0.03596214511041009 0.029459901800327332
13 0.49305993690851735 0.6472995090016367 0.033438485804416405 0.02236770321876705
118 0.3839116719242902 0.613202400436443 0.04100946372239748 0.029459901800327332
106 0.443217665615142 0.466721222040371 0.043533123028391164 0.031096563011456628
160 0.8545741324921136 0.7144026186579379 0.032176656151419555 0.03546099290780142
118 0.5927444794952681 0.46290234588106927 0.044794952681388014 0.027823240589198037
200 0.6593059936908517 0.5717403164211675 0.0416403785488959 0.031642116748499725
149 0.6709779179810725 0.7580469176213857 0.05236593059936909 0.042007637752318604
149 0.2394321766561514 0.5818330605564648 0.03974763406940063 0.027823240589198037
149 0.817981072555205 0.7880523731587561 0.04100946372239748 0.0430987452264048
200 0.34668769716088327 0.613202400436443 0.03974763406940063 0.03709765411893071
58 0.6233438485804417 0.7193126022913257 0.051735015772870666 0.03546099290780142
200 0.19936908517350158 0.6841243862520459 0.03406940063091483 0.029459901800327332
13 0.7905362776025237 0.17648663393344244 0.03785488958990536 0.031096563011456628
118 0.8599369085173502 0.2763229678123295 0.04290220820189274 0.02673213311511184
119 0.23501577287066247 0.6167484997272231 0.03596214511041009 0.031096563011456628
118 0.39589905362776023 0.25886524822695034 0.028391167192429023 0.023458810692853247
7 0.44542586750788643 0.508456082924168 0.039116719242902206 0.028368794326241134
32 0.34605678233438486 0.6470267321331151 0.043533123028391164 0.03273322422258593
7 0.6690851735015773 0.033278777959629025 0.03974763406940063 0.03491543917075832
211 0.6 0.3933442444080742 0.02145110410094637 0.03382433169667212
118 0.6845425867507886 0.4249863611565739 0.04794952681388013 0.027277686852154936
149 0.7324921135646688 0.7935079105291871 0.05299684542586751 0.042007637752318604
211 0.6870662460567823 0.5027277686852155 0.022712933753943218 0.028914348063284235
99 0.7794952681388012 0.14048008728859793 0.027129337539432176 0.036552100381887616
44 0.49968454258675077 0.18276050190943807 0.050473186119873815 0.031642116748499725
160 0.582018927444795 0.7618657937806874 0.04858044164037855 0.042007637752318604
7 0.6615141955835963 0.7187670485542826 0.033438485804416405 0.03436988543371522
200 0.5347003154574133 0.35706492089470815 0.03596214511041009 0.02673213311511184
22 0.23564668769716088 0.723949809056192 0.03722397476340694 0.041462084015275506
6 0.7167192429022082 0.6794871794871795 0.0416403785488959 0.03436988543371522
160 0.47192429022082016 0.5425531914893617 0.04037854889589906 0.027823240589198037
160 0.7100946372239748 0.17757774140752863 0.03974763406940063 0.03546099290780142
22 0.37886435331230284 0.29214402618657936 0.03722397476340694 0.03436988543371522
211 0.7876971608832808 0.5256410256410257 0.013249211356466877 0.027823240589198037
7 0.31703470031545744 0.7970540098199672 0.03470031545741325 0.03600654664484452
119 0.705993690851735 0.7569558101472995 0.03785488958990536 0.036552100381887616
143 0.6280757097791798 0.392253136933988 0.03470031545741325 0.031642116748499725
7 0.13154574132492114 0.7675941080196399 0.03722397476340694 0.03055100927441353
99 0.47003154574132494 0.22176759410801963 0.023974763406940065 0.03546099290780142
44 0.5287066246056782 0.8000545553737043 0.05299684542586751 0.042007637752318604
7 0.5810725552050473 0.7217675941080196 0.03533123028391167 0.03273322422258593
