200 0.40516005733397037 0.30964846671652957 0.02197802197802198 0.028421839940164548
99 0.30482560917343526 0.49850411368735975 0.023889154323936932 0.0456245325355273
7 0.5277114190157668 0.4080029917726253 0.031055900621118012 0.04263275991024682
160 0.7539417104634496 0.8171278982797308 0.026755852842809364 0.04263275991024682
44 0.5482560917343526 0.4465220643231114 0.019589106545628284 0.041884816753926704
13 0.5107501194457716 0.4543754674644727 0.03153368370759675 0.048616305160807775
22 0.35332059245102726 0.5489902767389678 0.027233635929288104 0.03889304412864622
200 0.729574773053034 0.5037397157816006 0.020066889632107024 0.048616305160807775
13 0.5568561872909699 0.40388930441286464 0.027233635929288104 0.04038893044128646
22 0.6096512183468705 0.2049364248317128 0.0210224558050645 0.03889304412864622
200 0.40062111801242234 0.262528047868362 0.018633540372670808 0.028421839940164548
200 0.34830387004300045 0.21391174270755423 0.018155757286192068 0.029917726252804786
7 0.7470138557095078 0.6013462976813763 0.025322503583373148 0.04038893044128646
99 0.8397037744863832 0.7793567688855647 0.02150023889154324 0.050860134629768135
160 0.47634973721930246 0.3612565445026178 0.025800286669851888 0.05385190725504862
22 0.36454849498327757 0.6424831712789828 0.0210224558050645 0.03889304412864622
99 0.729574773053034 0.7756170531039641 0.019111323459149548 0.05235602094240838
119 0.7233635929288104 0.17801047120418848 0.023889154323936932 0.03590127150336574
7 0.34018155757286195 0.09050112191473449 0.023889154323936932 0.037397157816005985
118 0.4756330625895843 0.17277486910994763 0.026278069756330624 0.03889304412864622
22 0.342809364548495 0.8668661181750187 0.023411371237458192 0.04487658937920718
224 0.6008122312470139 0.4446522064323111 0.018633540372670808 0.04113687359760658
22 0.9271380793119923 0.2819745699326851 0.025322503583373148 0.037397157816005985
118 0.43478260869565216 0.3029169783096485 0.033444816053511704 0.03590127150336574
76 0.8091256569517439 0.45923709798055345 0.029144768275203056 0.07778608825729244
224 0.39990444338270426 0.5497382198952879 0.023889154323936932 0.04487658937920718
7 0.3010033444816054 0.30927449513836947 0.034400382226469184 0.0381451009723261
22 0.8440038222646918 0.5067314884068811 0.020544672718585764 0.05160807778608826
224 0.6387959866220736 0.6821241585639491 0.023889154323936932 0.04487658937920718
211 0.4187768752986144 0.356394913986537 0.015766841853798376 0.0605833956619297
110 0.7341137123745819 0.26925953627524307 0.024366937410415672 0.0344053851907255
118 0.6091734352603918 0.3492894540014959 0.030578117534639272 0.03590127150336574
211 0.7453416149068323 0.09274495138369485 0.016244624940277116 0.03590127150336574
224 0.6199235547061634 0.4454001495886313 0.022455805064500716 0.033657442034405384
118 0.5367892976588629 0.25579655946148094 0.055900621118012424 0.05385190725504862
185 0.6798853320592451 0.49850411368735975 0.034400382226469184 0.044128646222887064
22 0.26994744386048736 0.49663425579655945 0.02197802197802198 0.04786836200448766
200 0.7771141901576685 0.40463724756918473 0.019589106545628284 0.02692595362752431
58 0.4271380793119924 0.40650710545998503 0.035355948399426664 0.04113687359760658
119 0.6662685140946011 0.8616305160807779 0.026278069756330624 0.0344053851907255
7 0.580267558528428 0.3975317875841436 0.027233635929288104 0.033657442034405384
200 0.6392737697085523 0.8223635003739715 0.023889154323936932 0.04113687359760658
106 0.42474916387959866 0.26402393418100223 0.03248924988055423 0.03590127150336574
22 0.6421404682274248 0.40201944652206434 0.025800286669851888 0.04263275991024682
224 0.8502150023889155 0.6383694839192221 0.024366937410415672 0.05011219147344802
13 0.2701863354037267 0.7797307404637247 0.03201146679407549 0.039640987284966345
22 0.3463927376970855 0.7759910246821241 0.019111323459149548 0.044128646222887064
7 0.9462494027711419 0.3739715781600598 0.02818920210224558 0.04786836200448766
185 0.30912565695174393 0.6828721017202692 0.03248924988055423 0.041884816753926704
7 0.7150023889154324 0.2217651458489155 0.02818920210224558 0.035153328347045626
32 0.6951743908265647 0.17614061331338818 0.03248924988055423 0.039640987284966345
99 0.3021978021978022 0.4158563949139865 0.023411371237458192 0.056843679880329095
22 0.6089345437171524 0.25355272999252054 0.023411371237458192 0.041884816753926704
185 0.28547539417104634 0.13350785340314136 0.026278069756330624 0.030665669409124907
6 0.8373148590539895 0.18511593118922962 0.018633540372670808 0.04263275991024682
118 0.6330625895843287 0.29842931937172773 0.036311514572384136 0.04338070306656694
76 0.2704252269469661 0.5452505609573672 0.03248924988055423 0.09424083769633508
200 0.9013377926421404 0.4663425579655946 0.015766841853798376 0.0381451009723261
224 0.7811753463927377 0.18100224382946897 0.0210224558050645 0.037397157816005985
224 0.6684185379837554 0.4023934181002244 0.024844720496894408 0.04487658937920718
118 0.3683707596751075 0.35153328347045626 0.036311514572384136 0.04637247569184742
13 0.7857142857142857 0.3679880329094989 0.031055900621118012 0.0493642483171279
22 0.582178690874343 0.34741959611069556 0.020544672718585764 0.04263275991024682
106 0.6698518872431916 0.6424831712789828 0.033444816053511704 0.04786836200448766
200 0.8516483516483516 0.26925953627524307 0.024366937410415672 0.037397157816005985
211 0.7190635451505016 0.30777860882572927 0.017200191113234592 0.039640987284966345
106 0.9283325370281892 0.5579655946148093 0.034400382226469184 0.041884816753926704
200 0.3031533683707597 0.35153328347045626 0.020544672718585764 0.031413612565445025
13 0.26373626373626374 0.8788332086761406 0.024844720496894408 0.04487658937920718
211 0.46536072623029145 0.5 0.013377926421404682 0.04712041884816754
22 0.3277591973244147 0.4943904263275991 0.022933588150979456 0.041884816753926704
22 0.4171046344959388 0.13089005235602094 0.02197802197802198 0.03889304412864622
99 0.7064022933588151 0.4637247569184742 0.02150023889154324 0.05983545250560957
22 0.9335881509794554 0.3223635003739716 0.02197802197802198 0.04038893044128646
185 0.8155757286192069 0.5575916230366492 0.03248924988055423 0.04113687359760658
99 0.9221213569039656 0.6009723261032162 0.017200191113234592 0.048616305160807775
110 0.31581462016244627 0.17352281226626776 0.016244624940277116 0.03590127150336574
118 0.6868131868131868 0.6768885564697082 0.03678929765886288 0.04487658937920718
149 0.2998088867654085 0.7322363500373972 0.027233635929288104 0.0344053851907255
185 0.4252269469660774 0.08676140613313388 0.02771141901576684 0.037397157816005985
22 0.743191591017678 0.18100224382946897 0.023411371237458192 0.037397157816005985
211 0.28858098423315814 0.4962602842183994 0.020066889632107024 0.044128646222887064
7 0.4930721452460583 0.3107703814510097 0.029622551361681796 0.0456245325355273
224 0.3021978021978022 0.25953627524308154 0.02150023889154324 0.04338070306656694
185 0.40635451505016723 0.6836200448765893 0.03201146679407549 0.037397157816005985
22 0.8031533683707597 0.3081525804038893 0.019111323459149548 0.04038893044128646
99 0.36622073578595316 0.2670157068062827 0.018633540372670808 0.050860134629768135
99 0.3870043000477783 0.31264023934181 0.022933588150979456 0.050860134629768135
118 0.4682274247491639 0.4053851907255049 0.02866698518872432 0.041884816753926704
200 0.8361204013377926 0.22737471952131638 0.018155757286192068 0.0344053851907255
7 0.9326325848064978 0.23261032161555723 0.03248924988055423 0.041884816753926704
160 0.6199235547061634 0.4932685115931189 0.03296703296703297 0.05011219147344802
32 0.4096989966555184 0.2169035153328347 0.031055900621118012 0.037397157816005985
200 0.33755375059722886 0.681002243829469 0.022455805064500716 0.035153328347045626
211 0.28858098423315814 0.6828721017202692 0.016244624940277116 0.050860134629768135
211 0.3597706641184902 0.8676140613313388 0.01433349259436216 0.0493642483171279
13 0.9015766841853798 0.28421839940164545 0.02771141901576684 0.04786836200448766
200 0.8604873387482083 0.7759910246821241 0.022933588150979456 0.044128646222887064
224 0.9056378404204491 0.819371727748691 0.025322503583373148 0.04113687359760658
99 0.4985666507405638 0.3668661181750187 0.024366937410415672 0.054599850411368736
22 0.5769230769230769 0.443530291697831 0.030100334448160536 0.03590127150336574
160 0.36813186813186816 0.7382198952879581 0.02818920210224558 0.04786836200448766
22 0.2780697563306259 0.08264771877337322 0.018155757286192068 0.035153328347045626
224 0.8284758719541329 0.3649962602842184 0.018155757286192068 0.04038893044128646
211 0.44911610129001434 0.4068810770381451 0.012422360248447204 0.03889304412864622
149 0.6691352126134735 0.3029169783096485 0.03392259913999045 0.04637247569184742
224 0.3884376493072145 0.7322363500373972 0.019111323459149548 0.037397157816005985
7 0.8743430482560918 0.0931189229618549 0.030578117534639272 0.035153328347045626
224 0.869326325848065 0.5067314884068811 0.024366937410415672 0.0456245325355273
149 0.9214046822742475 0.774869109947644 0.02818920210224558 0.03590127150336574
13 0.8557095078834209 0.36761406133133884 0.034400382226469184 0.0456245325355273
224 0.7384137601528906 0.5519820493642483 0.023411371237458192 0.050860134629768135
119 0.8248924988055423 0.7262528047868362 0.025322503583373148 0.0344053851907255
13 0.38294314381270905 0.09012715033657442 0.02818920210224558 0.033657442034405384
118 0.7123745819397993 0.13649962602842183 0.026755852842809364 0.0381451009723261
211 0.8239369326325848 0.6039640987284967 0.014811275680840898 0.0456245325355273
211 0.7933588150979455 0.22737471952131638 0.018633540372670808 0.04487658937920718
119 0.7780697563306259 0.31114435302916976 0.03296703296703297 0.041884816753926704
99 0.40635451505016723 0.7400897531787585 0.018633540372670808 0.05609573672400898
211 0.7835642618251314 0.2677636499626028 0.019111323459149548 0.04637247569184742
22 0.448877209746775 0.08788332086761406 0.018633540372670808 0.0456245325355273
7 0.8786430960344004 0.22849663425579655 0.024844720496894408 0.033657442034405384
22 0.4541328236980411 0.4525056095736724 0.022455805064500716 0.04338070306656694
22 0.3838987099856665 0.21839940164547494 0.020544672718585764 0.03889304412864622
200 0.880315336837076 0.8223635003739715 0.025322503583373148 0.04113687359760658
200 0.4271380793119924 0.5957367240089754 0.020066889632107024 0.0381451009723261
22 0.34615384615384615 0.7314884068810771 0.027233635929288104 0.03889304412864622
32 0.49761108456760633 0.4068810770381451 0.03201146679407549 0.04038893044128646
160 0.3760152890587673 0.5557217651458489 0.023889154323936932 0.06282722513089005
13 0.5031055900621118 0.5003739715781601 0.024844720496894408 0.04338070306656694
211 0.8838987099856666 0.4674644727000748 0.017200191113234592 0.055347793567688854
32 0.33922599139990445 0.13201196709050111 0.023889154323936932 0.033657442034405384
119 0.8275203057811753 0.31114435302916976 0.029622551361681796 0.04338070306656694
22 0.3686096512183469 0.4487658937920718 0.023411371237458192 0.03889304412864622
118 0.8373148590539895 0.45848915482423336 0.03201146679407549 0.037397157816005985
211 0.3635929288103201 0.7819745699326851 0.015289058767319636 0.04113687359760658
200 0.39464882943143814 0.8216155572176514 0.020066889632107024 0.044128646222887064
119 0.8643096034400383 0.18810770381451009 0.02866698518872432 0.04113687359760658
7 0.7620640229335881 0.3548990276738968 0.030578117534639272 0.04263275991024682
76 0.4230769230769231 0.5082273747195213 0.023411371237458192 0.07105459985041136
118 0.3076923076923077 0.45175766641735227 0.033444816053511704 0.029917726252804786
6 0.8963210702341137 0.09386686611817502 0.012422360248447204 0.039640987284966345
106 0.44839942666029625 0.35714285714285715 0.03296703296703297 0.04113687359760658
118 0.298853320592451 0.0931189229618549 0.02818920210224558 0.0381451009723261
99 0.47778308647873863 0.22475691847419596 0.018155757286192068 0.05160807778608826
149 0.862876254180602 0.6888556469708302 0.034400382226469184 0.04338070306656694
200 0.5652173913043478 0.4895287958115183 0.019111323459149548 0.0381451009723261
58 0.9292881032011466 0.14884068810770382 0.024844720496894408 0.04038893044128646
149 0.4070711896798853 0.8709798055347794 0.029622551361681796 0.054599850411368736
22 0.41399904443382707 0.7808526551982049 0.031055900621118012 0.04338070306656694
22 0.5007166746297181 0.2677636499626028 0.018155757286192068 0.04038893044128646
211 0.6918299092212136 0.22400897531787584 0.017200191113234592 0.04263275991024682
176 0.6798853320592451 0.5467464472700074 0.029622551361681796 0.04637247569184742
119 0.6889632107023411 0.2610321615557218 0.026755852842809364 0.0344053851907255
58 0.3356426182513139 0.6406133133881825 0.03487816531294792 0.033657442034405384
224 0.9524605828953655 0.41847419596110697 0.017677974199713332 0.044128646222887064
106 0.7658862876254181 0.22700074794315633 0.037267080745341616 0.039640987284966345
7 0.2778308647873865 0.16903515332834704 0.026278069756330624 0.037397157816005985
110 0.28690874343048256 0.8287210172026926 0.025322503583373148 0.04786836200448766
22 0.8987099856665074 0.5579655946148093 0.02771141901576684 0.04338070306656694
106 0.668179646440516 0.35714285714285715 0.030100334448160536 0.04263275991024682
7 0.7040133779264214 0.7744951383694839 0.03201146679407549 0.05011219147344802
6 0.32130912565695174 0.08825729244577413 0.018633540372670808 0.04487658937920718
185 0.7644529383659818 0.7281226626776365 0.035355948399426664 0.039640987284966345
22 0.3817486860965122 0.6832460732984293 0.0210224558050645 0.04263275991024682
185 0.6610129001433349 0.44988780852655197 0.027233635929288104 0.03664921465968586
118 0.6655518394648829 0.8175018698578908 0.03248924988055423 0.03889304412864622
185 0.3807931199235547 0.8649962602842184 0.02866698518872432 0.04113687359760658
106 0.7498805542283803 0.6832460732984293 0.040611562350692784 0.04113687359760658
99 0.5322503583373148 0.4532535527299925 0.009555661729574774 0.041884816753926704
200 0.3246536072623029 0.5905011219147345 0.022455805064500716 0.030665669409124907
200 0.8303870043000477 0.6402393418100224 0.015289058767319636 0.03889304412864622
211 0.7486860965121834 0.5041136873597607 0.018155757286192068 0.05385190725504862
200 0.6784519827998089 0.7284966342557966 0.019111323459149548 0.041884816753926704
44 0.5824175824175825 0.2531787584143605 0.02771141901576684 0.04113687359760658
76 0.5585284280936454 0.3010471204188482 0.026755852842809364 0.06357516828721017
22 0.8041089345437171 0.18362004487658937 0.023889154323936932 0.03664921465968586
224 0.9273769708552317 0.7266267763649963 0.0210224558050645 0.048616305160807775
44 0.3019589106545628 0.637247569184742 0.030578117534639272 0.031413612565445025
7 0.4182990922121357 0.6413612565445026 0.026278069756330624 0.048616305160807775
7 0.6684185379837554 0.22026925953627524 0.024844720496894408 0.035153328347045626
32 0.7623029144768275 0.2655198204936425 0.031055900621118012 0.03889304412864622
200 0.7637362637362637 0.1787584143605086 0.017677974199713332 0.031413612565445025
58 0.9548494983277592 0.2830964846671653 0.03392259913999045 0.044128646222887064
211 0.364787386526517 0.2206432311144353 0.016722408026755852 0.04487658937920718
200 0.364787386526517 0.17389678384442783 0.01385570950788342 0.027673896783844427
185 0.3838987099856665 0.7801047120418848 0.029144768275203056 0.037397157816005985
106 0.6337792642140468 0.7299925205684368 0.030100334448160536 0.04487658937920718
7 0.7802197802197802 0.45923709798055345 0.02771141901576684 0.056843679880329095
224 0.9386048733874821 0.5175766641735228 0.025322503583373148 0.05385190725504862
7 0.6865742952699474 0.4525056095736724 0.030578117534639272 0.041884816753926704
22 0.5891065456282848 0.5362752430815259 0.023889154323936932 0.04786836200448766
7 0.6593406593406593 0.6821241585639491 0.0210224558050645 0.04038893044128646
7 0.5845676063067368 0.29955123410620793 0.02818920210224558 0.03664921465968586
7 0.36502627806975635 0.5968586387434555 0.033444816053511704 0.04786836200448766
118 0.7427138079311992 0.4042632759910247 0.03487816531294792 0.030665669409124907
7 0.7828475871954133 0.681376215407629 0.027233635929288104 0.04487658937920718
200 0.6975633062589585 0.8227374719521316 0.029622551361681796 0.04038893044128646
185 0.3189202102245581 0.8706058339566193 0.026278069756330624 0.03590127150336574
200 0.46273291925465837 0.21428571428571427 0.017677974199713332 0.039640987284966345
22 0.8205924510272337 0.5018698578908003 0.026278069756330624 0.055347793567688854
149 0.9065934065934066 0.5108451757666418 0.03678929765886288 0.04786836200448766
13 0.2709030100334448 0.6458489154824233 0.034400382226469184 0.04113687359760658
211 0.8459149546106068 0.7307404637247569 0.015766841853798376 0.050860134629768135
211 0.7384137601528906 0.7382198952879581 0.014811275680840898 0.061331338818249814
149 0.30387004300047776 0.5478683620044876 0.033444816053511704 0.044128646222887064
211 0.4254658385093168 0.5557217651458489 0.018633540372670808 0.050860134629768135
7 0.6359292881032012 0.8616305160807779 0.0210224558050645 0.029917726252804786
224 0.756808408982322 0.4551234106207928 0.022933588150979456 0.044128646222887064
176 0.8743430482560918 0.7329842931937173 0.04013377926421405 0.04487658937920718
119 0.8573817486860965 0.137621540762902 0.029144768275203056 0.041884816753926704
110 0.3241758241758242 0.7314884068810771 0.02150023889154324 0.041884816753926704
22 0.263258480649785 0.8275991024682124 0.02197802197802198 0.044128646222887064
110 0.3325370281892021 0.5452505609573672 0.02197802197802198 0.03889304412864622
22 0.7618251313903488 0.5572176514584891 0.024366937410415672 0.04786836200448766
22 0.451505016722408 0.17427075542258788 0.019111323459149548 0.0344053851907255
7 0.6629240324892499 0.2569184741959611 0.023411371237458192 0.039640987284966345
22 0.39775441949354995 0.4023934181002244 0.023411371237458192 0.03889304412864622
200 0.6954132823698042 0.35602094240837695 0.02150023889154324 0.041884816753926704
118 0.9369326325848065 0.6417352281226627 0.03248924988055423 0.03590127150336574
119 0.8929765886287625 0.6858638743455497 0.029622551361681796 0.041884816753926704
7 0.48279980888676544 0.5523560209424084 0.02150023889154324 0.05759162303664921
118 0.7754419493549929 0.599850411368736 0.034400382226469184 0.04038893044128646
224 0.8564261825131391 0.22774869109947643 0.022455805064500716 0.033657442034405384
160 0.3456760630673674 0.4992520568436799 0.024366937410415672 0.05759162303664921
22 0.6939799331103679 0.5957367240089754 0.018633540372670808 0.0456245325355273
211 0.6070234113712375 0.3029169783096485 0.017677974199713332 0.0493642483171279
211 0.41471571906354515 0.45362752430815256 0.015289058767319636 0.0456245325355273
200 0.7976588628762542 0.7314884068810771 0.029144768275203056 0.03590127150336574
22 0.7379359770664119 0.1368735976065819 0.02150023889154324 0.037397157816005985
13 0.7933588150979455 0.7759910246821241 0.027233635929288104 0.0456245325355273
58 0.9032489249880554 0.3212415856394914 0.03965599617773531 0.04113687359760658
224 0.36980410893454374 0.5 0.0210224558050645 0.04263275991024682
22 0.5604395604395604 0.34592370979805537 0.024844720496894408 0.044128646222887064
185 0.593167701863354 0.49401645474943906 0.02818920210224558 0.044128646222887064
160 0.8676540850453894 0.32161555721765145 0.026755852842809364 0.05235602094240838
22 0.8177257525083612 0.7685115931189229 0.026278069756330624 0.04712041884816754
99 0.2983755375059723 0.17651458489154825 0.017677974199713332 0.04338070306656694
6 0.7525083612040134 0.6469708302169035 0.019111323459149548 0.050860134629768135
106 0.39751552795031053 0.5968586387434555 0.035355948399426664 0.041884816753926704
58 0.38987099856665075 0.13350785340314136 0.03248924988055423 0.03664921465968586
200 0.8413760152890588 0.599476439790576 0.0210224558050645 0.04113687359760658
185 0.787147634973722 0.13612565445026178 0.024366937410415672 0.037397157816005985
185 0.3705207835642618 0.4053851907255049 0.03487816531294792 0.037397157816005985
118 0.8241758241758241 0.2643979057591623 0.024844720496894408 0.0381451009723261
200 0.7150023889154324 0.4050112191473448 0.02150023889154324 0.03216155572176515
224 0.43119923554706163 0.45587135377711296 0.019589106545628284 0.05160807778608826
58 0.94696607740086 0.599850411368736 0.02866698518872432 0.037397157816005985
7 0.7967032967032966 0.09835452505609574 0.022455805064500716 0.033657442034405384
118 0.4414715719063545 0.13649962602842183 0.030578117534639272 0.0381451009723261
200 0.34018155757286195 0.3545250560957367 0.016244624940277116 0.028421839940164548
118 0.4806497849976111 0.4521316379955123 0.030578117534639272 0.04113687359760658
106 0.36239847109412326 0.30740463724756917 0.030100334448160536 0.032909498878085267
13 0.2709030100334448 0.5938668661181751 0.03248924988055423 0.05385190725504862
200 0.9044433827042523 0.7299925205684368 0.016244624940277116 0.050860134629768135
211 0.32274247491638797 0.35976065818997754 0.020544672718585764 0.05235602094240838
211 0.3786430960344004 0.175018698578908 0.012900143334925944 0.04487658937920718
119 0.807931199235547 0.6881077038145101 0.029622551361681796 0.041884816753926704
149 0.9192546583850931 0.10022438294689603 0.02866698518872432 0.04786836200448766
58 0.6118012422360248 0.4005235602094241 0.03774486383182035 0.044128646222887064
224 0.3731485905398949 0.8238593866866118 0.0210224558050645 0.0381451009723261
13 0.8017200191113235 0.8227374719521316 0.02866698518872432 0.04338070306656694
32 0.43956043956043955 0.21765145848915482 0.02771141901576684 0.04038893044128646
44 0.6514572384137601 0.49214659685863876 0.030100334448160536 0.04786836200448766
224 0.9010989010989011 0.14098728496634255 0.018155757286192068 0.033657442034405384
200 0.802675585284281 0.2677636499626028 0.019111323459149548 0.03590127150336574
13 0.3270425226946966 0.26215407629020193 0.027233635929288104 0.04263275991024682
7 0.654562828475872 0.5430067314884068 0.029622551361681796 0.0493642483171279
185 0.524605828953655 0.3593866866118175 0.03248924988055423 0.044128646222887064
160 0.4010989010989011 0.09498878085265519 0.02150023889154324 0.041884816753926704
7 0.9813664596273292 0.2898279730740464 0.023889154323936932 0.048616305160807775
224 0.7744863831820353 0.8201196709050113 0.02197802197802198 0.04263275991024682
32 0.6409460105112279 0.20792819745699326 0.029144768275203056 0.04338070306656694
211 0.6361681796464406 0.4525056095736724 0.019589106545628284 0.055347793567688854
22 0.3456760630673674 0.39977561705310394 0.023411371237458192 0.03664921465968586
119 0.8901098901098901 0.4098728496634256 0.035355948399426664 0.037397157816005985
118 0.8057811753463927 0.643979057591623 0.03296703296703297 0.041884816753926704
13 0.8017200191113235 0.605833956619297 0.025800286669851888 0.05385190725504862
22 0.3029144768275203 0.21652954375467465 0.026755852842809364 0.03664921465968586
118 0.7443860487338748 0.30553477935676887 0.035355948399426664 0.035153328347045626
119 0.2766364070711897 0.29955123410620793 0.03248924988055423 0.033657442034405384
118 0.7245580506450071 0.8649962602842184 0.03201146679407549 0.04712041884816754
13 0.582178690874343 0.20194465220643232 0.03296703296703297 0.04038893044128646
149 0.3963210702341137 0.4988780852655198 0.03201146679407549 0.04338070306656694
160 0.2950310559006211 0.8728496634255797 0.029144768275203056 0.04338070306656694
200 0.8220258002866698 0.8664921465968587 0.018633540372670808 0.044128646222887064
44 0.31509794553272813 0.13014210919970082 0.026278069756330624 0.02692595362752431
211 0.825370281892021 0.4091249065071055 0.012900143334925944 0.04786836200448766
32 0.7625418060200669 0.13089005235602094 0.03153368370759675 0.0344053851907255
224 0.7379359770664119 0.22662677636499626 0.023411371237458192 0.041884816753926704
185 0.725752508361204 0.8163799551234107 0.034400382226469184 0.03664921465968586
149 0.7085523172479694 0.550486163051608 0.034400382226469184 0.04786836200448766
224 0.48088867654085043 0.5007479431563201 0.016722408026755852 0.04712041884816754
32 0.7183468705207836 0.34854151084517576 0.030100334448160536 0.04338070306656694
211 0.9354992833253702 0.42221391174270756 0.015289058767319636 0.048616305160807775
110 0.43119923554706163 0.17464472700074796 0.02150023889154324 0.03664921465968586
44 0.278786430960344 0.4068810770381451 0.030100334448160536 0.0344053851907255
13 0.27902532250358336 0.35415108451757665 0.037267080745341616 0.0456245325355273
185 0.3215480172001911 0.7797307404637247 0.034400382226469184 0.039640987284966345
211 0.4128045867176302 0.17726252804786835 0.013377926421404682 0.04487658937920718
32 0.9194935499283325 0.36387434554973824 0.03774486383182035 0.0381451009723261
13 0.36096512183468704 0.6881077038145101 0.024366937410415672 0.04637247569184742
185 0.3411371237458194 0.4521316379955123 0.03153368370759675 0.03664921465968586
200 0.8435260391782131 0.556469708302169 0.023411371237458192 0.041884816753926704
118 0.6359292881032012 0.2505609573672401 0.025800286669851888 0.041884816753926704
99 0.8487816531294792 0.8320867614061331 0.029144768275203056 0.06207928197456993
22 0.915910176779742 0.4181002243829469 0.023889154323936932 0.05235602094240838
99 0.6600573339703775 0.7356020942408377 0.019589106545628284 0.053103964098728494
211 0.7004300047778309 0.7318623784592371 0.020066889632107024 0.05609573672400898
211 0.7489249880554228 0.7726252804786836 0.019589106545628284 0.04487658937920718
200 0.6951743908265647 0.8649962602842184 0.022933588150979456 0.039640987284966345
185 0.81438127090301 0.22587883320867613 0.025322503583373148 0.037397157816005985
76 0.9307214524605829 0.862752430815258 0.03248924988055423 0.08900523560209424
99 0.7384137601528906 0.36574420344053854 0.018633540372670808 0.055347793567688854
32 0.8996655518394648 0.8638743455497382 0.03153368370759675 0.055347793567688854
211 0.3411371237458194 0.5979805534779357 0.013377926421404682 0.05160807778608826
118 0.9589106545628284 0.3261032161555722 0.030578117534639272 0.041884816753926704
211 0.7990922121356904 0.505983545250561 0.02150023889154324 0.053103964098728494
160 0.7857142857142857 0.5605833956619297 0.029144768275203056 0.053103964098728494
224 0.9202102245580507 0.4644727000747943 0.022933588150979456 0.04038893044128646
22 0.8265647396082179 0.8156320119670905 0.024844720496894408 0.0456245325355273
22 0.7071189679885332 0.5022438294689604 0.02771141901576684 0.054599850411368736
22 0.36144290492116576 0.13201196709050111 0.016722408026755852 0.035153328347045626
22 0.3315814620162446 0.17539267015706805 0.01433349259436216 0.033657442034405384
118 0.8879598662207357 0.7707554225878833 0.03201146679407549 0.04113687359760658
22 0.6708074534161491 0.5957367240089754 0.02771141901576684 0.048616305160807775
7 0.9402771141901577 0.4704562453253553 0.025800286669851888 0.04637247569184742
22 0.8745819397993311 0.8653702318623785 0.022455805064500716 0.041884816753926704
200 0.8475871954132824 0.31264023934181 0.019111323459149548 0.03889304412864622
106 0.4679885332059245 0.3040388930441286 0.030100334448160536 0.03664921465968586
200 0.8879598662207357 0.18511593118922962 0.019589106545628284 0.03216155572176515
200 0.3963210702341137 0.356394913986537 0.027233635929288104 0.039640987284966345
160 0.7725752508361204 0.5130890052356021 0.030578117534639272 0.05833956619296934
185 0.27472527472527475 0.21727748691099477 0.026755852842809364 0.035153328347045626
22 0.8889154323936933 0.36537023186237844 0.025322503583373148 0.03664921465968586
118 0.7214524605828954 0.5957367240089754 0.03153368370759675 0.039640987284966345
118 0.6696129956999523 0.7759910246821241 0.03678929765886288 0.0381451009723261
22 0.32752030578117536 0.2161555721765146 0.022455805064500716 0.03889304412864622
224 0.7706641184902054 0.7737471952131638 0.024844720496894408 0.0456245325355273
7 0.44481605351170567 0.5007479431563201 0.025800286669851888 0.048616305160807775
224 0.8750597228858098 0.27225130890052357 0.02150023889154324 0.04338070306656694
13 0.8029144768275203 0.41473448017950637 0.03201146679407549 0.0456245325355273
160 0.4182990922121357 0.8231114435302918 0.029144768275203056 0.044128646222887064
160 0.3607262302914477 0.08900523560209424 0.018155757286192068 0.03590127150336574
224 0.3246536072623029 0.4053851907255049 0.019589106545628284 0.03889304412864622
160 0.29431438127090304 0.781226626776365 0.02771141901576684 0.048616305160807775
22 0.336359292881032 0.8223635003739715 0.022933588150979456 0.04113687359760658
44 0.4586717630195891 0.26215407629020193 0.03153368370759675 0.030665669409124907
224 0.4340659340659341 0.8728496634255797 0.026278069756330624 0.04487658937920718
200 0.35499283325370284 0.825355272999252 0.020066889632107024 0.039640987284966345
211 0.7140468227424749 0.2666417352281227 0.015766841853798376 0.044128646222887064
224 0.3953655040611562 0.17464472700074796 0.020544672718585764 0.035153328347045626
22 0.3497372193024367 0.2569184741959611 0.0210224558050645 0.0381451009723261
22 0.7264691829909221 0.0912490650710546 0.019589106545628284 0.032909498878085267
7 0.6387959866220736 0.3530291697830965 0.03153368370759675 0.04786836200448766
200 0.8748208313425705 0.13836948391922213 0.01433349259436216 0.032909498878085267
200 0.26755852842809363 0.681376215407629 0.02197802197802198 0.04786836200448766
160 0.49880554228380314 0.22288706058339566 0.023889154323936932 0.05235602094240838
149 0.7331581462016244 0.45474943904263276 0.024366937410415672 0.04338070306656694
106 0.7725752508361204 0.09386686611817502 0.030578117534639272 0.030665669409124907
7 0.27591973244147155 0.2569184741959611 0.03201146679407549 0.04712041884816754
58 0.5207835642618251 0.30777860882572927 0.02866698518872432 0.0381451009723261
8 0.7527472527472527 0.8620044876589379 0.02818920210224558 0.05609573672400898
224 0.6925465838509317 0.4050112191473448 0.027233635929288104 0.0381451009723261
58 0.6220735785953178 0.5463724756918474 0.02866698518872432 0.0456245325355273
185 0.707596751075012 0.08825729244577413 0.024844720496894408 0.0493642483171279
106 0.8526039178213092 0.41473448017950637 0.027233635929288104 0.04263275991024682
13 0.870043000477783 0.5609573672400897 0.03248924988055423 0.0493642483171279
200 0.8088867654085046 0.3612565445026178 0.018155757286192068 0.037397157816005985
58 0.3332537028189202 0.30740463724756917 0.03201146679407549 0.032909498878085267
176 0.3129479216435738 0.8261032161555721 0.029622551361681796 0.04113687359760658
119 0.8320592451027233 0.6828721017202692 0.027233635929288104 0.041884816753926704
13 0.39297658862876256 0.45474943904263276 0.03392259913999045 0.04338070306656694
224 0.6987577639751553 0.3017950635751683 0.020544672718585764 0.04263275991024682
22 0.7785475394171046 0.8635003739715782 0.020544672718585764 0.05011219147344802
44 0.2981366459627329 0.5912490650710546 0.030578117534639272 0.035153328347045626
99 0.9063545150501672 0.6473448017950636 0.02197802197802198 0.0456245325355273
200 0.9190157668418538 0.6821241585639491 0.020544672718585764 0.037397157816005985
211 0.34710941232680365 0.175018698578908 0.017677974199713332 0.04786836200448766
99 0.48327759197324416 0.2673896783844428 0.016722408026755852 0.05011219147344802
200 0.774964166268514 0.6421091997008227 0.019111323459149548 0.035153328347045626
224 0.8215480172001911 0.1824981301421092 0.016722408026755852 0.03590127150336574
149 0.27687529861442906 0.45287958115183247 0.02818920210224558 0.0381451009723261
22 0.7214524605828954 0.7296185489902768 0.0210224558050645 0.04263275991024682
211 0.5062111801242236 0.5542258788332087 0.025322503583373148 0.05983545250560957
22 0.8614429049211658 0.46222887060583395 0.02197802197802198 0.04338070306656694
32 0.9034878165312948 0.2318623784592371 0.026755852842809364 0.04038893044128646
22 0.717391304347826 0.6798803290949887 0.024366937410415672 0.050860134629768135
224 0.842809364548495 0.868735976065819 0.022933588150979456 0.048616305160807775
76 0.2687529861442905 0.7322363500373972 0.03201146679407549 0.068810770381451
118 0.3891543239369326 0.6383694839192221 0.03201146679407549 0.03664921465968586
