200 0.776602176541717 0.42378472222222224 0.047762998790810154 0.026041666666666668
58 0.49848851269649336 0.8145833333333333 0.05743651753325272 0.02847222222222222
200 0.48881499395405076 0.8512152777777777 0.0501813784764208 0.028125
224 0.6571946795646917 0.7782986111111111 0.0471584038694075 0.025347222222222222
224 0.3004836759371221 0.5973958333333333 0.04353083434099154 0.025347222222222222
22 0.8818016928657799 0.3659722222222222 0.05259975816203144 0.03680555555555556
99 0.4325876662636034 0.5925347222222223 0.034461910519951636 0.025347222222222222
106 0.3975211608222491 0.5333333333333333 0.05380894800483676 0.025694444444444443
22 0.7941354292623942 0.3003472222222222 0.06106408706166868 0.029166666666666667
22 0.68863361547763 0.5223958333333333 0.05078597339782346 0.028819444444444446
58 0.5377871825876662 0.43385416666666665 0.06348246674727932 0.030208333333333334
118 0.46523579201934706 0.7536458333333333 0.05259975816203144 0.027430555555555555
22 0.5377871825876662 0.37222222222222223 0.051390568319226115 0.025694444444444443
224 0.849758162031439 0.17118055555555556 0.044135429262394194 0.027777777777777776
118 0.27357920193470375 0.7168402777777778 0.05501813784764208 0.025347222222222222
99 0.555925030229746 0.7527777777777778 0.0380894800483676 0.027777777777777776
118 0.347037484885127 0.5340277777777778 0.05199516324062878 0.024305555555555556
200 0.5281136638452237 0.5611111111111111 0.051390568319226115 0.027083333333333334
7 0.5764812575574365 0.6199652777777778 0.04171704957678356 0.028125
22 0.14510278113663846 0.7845486111111111 0.053204353083434096 0.04826388888888889
200 0.7345828295042321 0.3657986111111111 0.053204353083434096 0.028125
22 0.8183192261185006 0.45416666666666666 0.04897218863361548 0.02638888888888889
118 0.30713422007255137 0.6539930555555555 0.04836759371221282 0.022569444444444444
176 0.44709794437726724 0.8152777777777778 0.0501813784764208 0.027083333333333334
99 0.6922611850060459 0.3098958333333333 0.03506650544135429 0.02673611111111111
224 0.6844014510278114 0.3701388888888889 0.05199516324062878 0.027083333333333334
224 0.40447400241837966 0.4065972222222222 0.05078597339782346 0.027083333333333334
211 0.5761789600967352 0.7815972222222223 0.03143893591293833 0.022916666666666665
211 0.8564087061668681 0.45381944444444444 0.024788391777509067 0.030555555555555555
22 0.5359733978234583 0.85 0.047762998790810154 0.03125
7 0.7276299879081015 0.7185763888888889 0.047762998790810154 0.03159722222222222
200 0.23155985489721886 0.4105902777777778 0.05441354292623942 0.025347222222222222
118 0.6995163240628779 0.8081597222222222 0.04836759371221282 0.030208333333333334
32 0.6523579201934704 0.6184027777777777 0.05441354292623942 0.02638888888888889
7 0.46795646916565903 0.5013888888888889 0.04232164449818621 0.027777777777777776
160 0.7971584038694075 0.4873263888888889 0.046553808948004836 0.028819444444444446
211 0.6444981862152358 0.7175347222222223 0.02539298669891173 0.02673611111111111
185 0.6704957678355502 0.6506944444444445 0.05562273276904474 0.030555555555555555
22 0.7031438935912938 0.7480902777777778 0.045949214026602174 0.02673611111111111
32 0.6865175332527207 0.6835069444444445 0.044135429262394194 0.023958333333333335
22 0.496372430471584 0.4029513888888889 0.056831922611850064 0.023958333333333335
224 0.26541717049576785 0.8140625 0.045949214026602174 0.02326388888888889
106 0.45979443772672307 0.3449652777777778 0.06348246674727932 0.028125
7 0.4486094316807739 0.4053819444444444 0.044740024183796856 0.024652777777777777
99 0.4752116082224909 0.53125 0.02781136638452237 0.02638888888888889
32 0.3784764207980653 0.6239583333333333 0.0471584038694075 0.02638888888888889
110 0.7905078597339782 0.17430555555555555 0.05501813784764208 0.030555555555555555
22 0.3941958887545345 0.5939236111111111 0.044740024183796856 0.028125
44 0.29020556227327693 0.34913194444444445 0.07134220072551391 0.024652777777777777
106 0.689540507859734 0.17690972222222223 0.058645707376058044 0.02326388888888889
99 0.7551390568319226 0.6137152777777778 0.04353083434099154 0.028819444444444446
119 0.2832527206771463 0.78125 0.0501813784764208 0.030555555555555555
185 0.5117896009673518 0.7543402777777778 0.05501813784764208 0.023958333333333335
22 0.5145102781136639 0.5310763888888889 0.045949214026602174 0.024652777777777777
22 0.6420798065296252 0.6855902777777778 0.053204353083434096 0.025347222222222222
7 0.40538089480048367 0.8133680555555556 0.05501813784764208 0.027430555555555555
118 0.47672309552599756 0.6237847222222223 0.05985489721886336 0.024652777777777777
22 0.7088875453446191 0.3375 0.0562273276904474 0.020833333333333332
185 0.49425634824667475 0.5907986111111111 0.058645707376058044 0.023958333333333335
99 0.2593712212817412 0.5362847222222222 0.03143893591293833 0.02673611111111111
32 0.531136638452237 0.6227430555555555 0.05259975816203144 0.028125
32 0.6408706166868199 0.5222222222222223 0.049576783555018135 0.025694444444444443
13 0.6883313180169287 0.3993055555555556 0.05501813784764208 0.025694444444444443
22 0.5519951632406288 0.8166666666666667 0.044740024183796856 0.027083333333333334
160 0.2750906892382104 0.6871527777777777 0.04836759371221282 0.025
149 0.3884522370012092 0.43697916666666664 0.051390568319226115 0.028819444444444446
149 0.4857920193470375 0.4354166666666667 0.04897218863361548 0.027777777777777776
118 0.5867593712212817 0.8413194444444444 0.05743651753325272 0.029166666666666667
13 0.40386940749697703 0.71875 0.05078597339782346 0.03125
7 0.529322853688029 0.6855902777777778 0.05259975816203144 0.027430555555555555
118 0.3564087061668682 0.34774305555555557 0.058645707376058044 0.024652777777777777
118 0.5982466747279322 0.8085069444444445 0.05380894800483676 0.028819444444444446
22 0.4410519951632406 0.5331597222222222 0.044135429262394194 0.026041666666666668
224 0.8189238210399032 0.3355902777777778 0.051390568319226115 0.02673611111111111
119 0.6983071342200725 0.5850694444444444 0.04232164449818621 0.024305555555555556
160 0.4096130592503023 0.3458333333333333 0.046553808948004836 0.027083333333333334
106 0.7342805320435308 0.8416666666666667 0.05259975816203144 0.025694444444444443
200 0.5111850060459492 0.34357638888888886 0.051390568319226115 0.021180555555555557
211 0.5039298669891172 0.49947916666666664 0.02720677146311971 0.028125
118 0.5776904474002419 0.5578125 0.0562273276904474 0.027430555555555555
224 0.4501209189842805 0.4699652777777778 0.051390568319226115 0.024652777777777777
200 0.4286577992744861 0.6229166666666667 0.05562273276904474 0.025
32 0.3503627569528416 0.8145833333333333 0.051390568319226115 0.022916666666666665
7 0.3032043530834341 0.8125 0.04534461910519952 0.02361111111111111
224 0.6103385731559855 0.7772569444444445 0.047762998790810154 0.026041666666666668
176 0.3875453446191052 0.5631944444444444 0.049576783555018135 0.02361111111111111
200 0.7409310761789601 0.809375 0.035671100362756954 0.029861111111111113
58 0.6487303506650545 0.7486111111111111 0.06287787182587666 0.027777777777777776
149 0.4226118500604595 0.375 0.060459492140266025 0.025
76 0.44014510278113667 0.31302083333333336 0.06529625151148731 0.033680555555555554
200 0.6499395405078597 0.8085069444444445 0.05441354292623942 0.025347222222222222
149 0.5498790810157195 0.5881944444444445 0.05743651753325272 0.025
200 0.4951632406287787 0.31059027777777776 0.05441354292623942 0.03090277777777778
22 0.6508464328899637 0.3104166666666667 0.0501813784764208 0.025694444444444443
22 0.37182587666263606 0.5038194444444445 0.044740024183796856 0.025
32 0.21674727932285368 0.44114583333333335 0.04534461910519952 0.025347222222222222
16 0.845223700120919 0.48715277777777777 0.0471584038694075 0.029861111111111113
200 0.7418379685610641 0.7496527777777777 0.03385731559854897 0.03333333333333333
106 0.28174123337363965 0.3784722222222222 0.044740024183796856 0.025
200 0.2971584038694075 0.5345486111111111 0.0501813784764208 0.02326388888888889
22 0.2227932285368803 0.8501736111111111 0.042926239419588876 0.029513888888888888
22 0.40205562273276907 0.4703125 0.04836759371221282 0.027430555555555555
13 0.8304111245465539 0.54375 0.051390568319226115 0.029861111111111113
6 0.6061064087061668 0.5878472222222222 0.0562273276904474 0.029166666666666667
224 0.3301088270858525 0.5029513888888889 0.044740024183796856 0.026041666666666668
22 0.7663240628778718 0.33576388888888886 0.0501813784764208 0.025
211 0.4873035066505441 0.46770833333333334 0.016928657799274487 0.027777777777777776
176 0.4531438935912938 0.6567708333333333 0.04897218863361548 0.029513888888888888
22 0.23548972188633616 0.378125 0.046553808948004836 0.027777777777777776
200 0.3926844014510278 0.31475694444444446 0.0501813784764208 0.027430555555555555
200 0.6166868198307134 0.6524305555555555 0.05441354292623942 0.027083333333333334
200 0.2714631197097944 0.5649305555555556 0.04836759371221282 0.025694444444444443
200 0.6390568319226119 0.3720486111111111 0.05078597339782346 0.025347222222222222
22 0.24123337363966144 0.78125 0.053204353083434096 0.03125
22 0.8298065296251511 0.39114583333333336 0.051390568319226115 0.02673611111111111
6 0.7315598548972189 0.5512152777777778 0.04836759371221282 0.028819444444444446
185 0.4525392986698912 0.6868055555555556 0.05259975816203144 0.025
119 0.2762998790810157 0.41180555555555554 0.04232164449818621 0.025
32 0.29443772672309554 0.6255208333333333 0.05078597339782346 0.02673611111111111
99 0.5547158403869408 0.5255208333333333 0.047762998790810154 0.025347222222222222
119 0.6831922611850061 0.5545138888888889 0.05078597339782346 0.025
110 0.6862152357920194 0.7180555555555556 0.056831922611850064 0.027777777777777776
44 0.33796856106408707 0.7805555555555556 0.07013301088270858 0.027083333333333334
106 0.32980652962515117 0.6890625 0.05259975816203144 0.028819444444444446
58 0.08524788391777509 0.7918402777777778 0.09068923821039904 0.044097222222222225
22 0.3561064087061669 0.6569444444444444 0.05441354292623942 0.027083333333333334
200 0.594316807738815 0.7484375 0.04353083434099154 0.028819444444444446
99 0.7379081015719468 0.4310763888888889 0.0380894800483676 0.02673611111111111
7 0.2617896009673519 0.6560763888888889 0.0471584038694075 0.023958333333333335
211 0.720677146311971 0.5211805555555555 0.03143893591293833 0.03125
118 0.6396614268440145 0.4027777777777778 0.0592503022974607 0.02361111111111111
149 0.6345223700120919 0.5555555555555556 0.05743651753325272 0.025694444444444443
119 0.656590084643289 0.3420138888888889 0.044740024183796856 0.024305555555555556
22 0.32376058041112454 0.4078125 0.046553808948004836 0.026041666666666668
211 0.45918984280532044 0.5923611111111111 0.022370012091898428 0.024305555555555556
7 0.42533252720677145 0.7539930555555555 0.039298669891172915 0.027430555555555555
22 0.5583434099153567 0.7223958333333333 0.04534461910519952 0.02673611111111111
22 0.3893591293833132 0.6895833333333333 0.06287787182587666 0.024305555555555556
119 0.4939540507859734 0.7829861111111112 0.04353083434099154 0.022916666666666665
211 0.7094921402660218 0.6510416666666666 0.024788391777509067 0.03125
58 0.48155985489721886 0.3741319444444444 0.0562273276904474 0.02326388888888889
32 0.3343409915356711 0.4388888888888889 0.04836759371221282 0.027083333333333334
118 0.19105199516324062 0.7828125 0.05441354292623942 0.033680555555555554
211 0.8155985489721886 0.4234375 0.02418379685610641 0.028819444444444446
224 0.7850665054413543 0.3949652777777778 0.04897218863361548 0.02326388888888889
160 0.5075574365175333 0.7213541666666666 0.0501813784764208 0.028819444444444446
224 0.4068923821039903 0.6545138888888888 0.05199516324062878 0.029861111111111113
13 0.6378476420798065 0.8409722222222222 0.03990326481257558 0.03263888888888889
224 0.34582829504232165 0.5621527777777777 0.041112454655380895 0.025694444444444443
200 0.7421402660217654 0.17378472222222222 0.042926239419588876 0.028819444444444446
99 0.4939540507859734 0.6861111111111111 0.030229746070133012 0.027777777777777776
110 0.717956469165659 0.27118055555555554 0.06469165659008465 0.021527777777777778
7 0.7348851269649335 0.39913194444444444 0.05259975816203144 0.02673611111111111
211 0.30864570737605806 0.565625 0.02720677146311971 0.02638888888888889
44 0.3364570737605804 0.7161458333333334 0.06831922611850061 0.03229166666666667
13 0.5532043530834341 0.6569444444444444 0.05199516324062878 0.03194444444444444
99 0.4507255139056832 0.8498263888888888 0.034461910519951636 0.026041666666666668
118 0.5668077388149939 0.3440972222222222 0.05501813784764208 0.027083333333333334
22 0.7348851269649335 0.5817708333333333 0.044135429262394194 0.028819444444444446
200 0.21856106408706166 0.8164930555555555 0.046553808948004836 0.028125
22 0.782950423216445 0.5477430555555556 0.03990326481257558 0.028125
13 0.3675937122128174 0.8491319444444444 0.05804111245465538 0.02673611111111111
149 0.7037484885126964 0.6159722222222223 0.05562273276904474 0.030555555555555555
22 0.21704957678355502 0.5631944444444444 0.05804111245465538 0.03263888888888889
99 0.3564087061668682 0.46979166666666666 0.034461910519951636 0.029861111111111113
44 0.248186215235792 0.5956597222222222 0.062273276904474005 0.026041666666666668
22 0.501813784764208 0.6520833333333333 0.05199516324062878 0.022916666666666665
44 0.2708585247883918 0.4401041666666667 0.07376058041112454 0.02326388888888889
58 0.5900846432889963 0.6857638888888888 0.05078597339782346 0.02361111111111111
13 0.4226118500604595 0.5010416666666667 0.05804111245465538 0.025
22 0.6977025392986699 0.43125 0.04836759371221282 0.024305555555555556
118 0.6021765417170496 0.7178819444444444 0.05441354292623942 0.028125
200 0.46311970979443773 0.7215277777777778 0.05078597339782346 0.027777777777777776
7 0.779322853688029 0.45416666666666666 0.037484885126964934 0.022916666666666665
22 0.3304111245465538 0.3782986111111111 0.04897218863361548 0.02673611111111111
22 0.7055622732769045 0.7762152777777778 0.0471584038694075 0.025347222222222222
7 0.3364570737605804 0.6251736111111111 0.04171704957678356 0.023958333333333335
22 0.2469770253929867 0.6272569444444445 0.04534461910519952 0.030208333333333334
224 0.437726723095526 0.4387152777777778 0.05562273276904474 0.029513888888888888
22 0.4365175332527207 0.5619791666666667 0.045949214026602174 0.025347222222222222
200 0.7357920193470375 0.30659722222222224 0.05441354292623942 0.027083333333333334
149 0.5396009673518742 0.49809027777777776 0.047762998790810154 0.028819444444444446
13 0.6466142684401451 0.4354166666666667 0.06106408706166868 0.02638888888888889
7 0.7285368802902056 0.6847222222222222 0.0471584038694075 0.027777777777777776
185 0.48095525997581623 0.5623263888888889 0.06106408706166868 0.028125
185 0.8270858524788391 0.3625 0.0471584038694075 0.027083333333333334
106 0.3482466747279323 0.5932291666666667 0.05562273276904474 0.021875
118 0.40447400241837966 0.7835069444444445 0.056831922611850064 0.02673611111111111
211 0.6103385731559855 0.6215277777777778 0.024788391777509067 0.03125
119 0.535671100362757 0.7829861111111112 0.05078597339782346 0.025694444444444443
76 0.3210399032648126 0.4722222222222222 0.06287787182587666 0.0375
22 0.6590084643288996 0.5864583333333333 0.053204353083434096 0.027083333333333334
106 0.30985489721886333 0.8487847222222222 0.05743651753325272 0.02673611111111111
118 0.5250906892382105 0.46892361111111114 0.0501813784764208 0.027430555555555555
22 0.2249093107617896 0.5371527777777778 0.03869407496977025 0.027777777777777776
7 0.6810761789600968 0.8418402777777778 0.05259975816203144 0.03090277777777778
7 0.26148730350665056 0.8506944444444444 0.042926239419588876 0.027083333333333334
32 0.5504836759371221 0.4029513888888889 0.05743651753325272 0.02326388888888889
160 0.7835550181378477 0.3619791666666667 0.04836759371221282 0.026041666666666668
22 0.41414752116082226 0.8487847222222222 0.05199516324062878 0.02673611111111111
99 0.3721281741233374 0.3762152777777778 0.0380894800483676 0.027430555555555555
22 0.4558645707376058 0.7821180555555556 0.045949214026602174 0.023958333333333335
