32 0.3444115156646909 0.7041666666666667 0.030059271803556307 0.021527777777777778
118 0.4703640982218459 0.3064236111111111 0.03810330228619814 0.028125
118 0.306731583403895 0.36215277777777777 0.029212531752751906 0.02361111111111111
211 0.42739204064352243 0.4267361111111111 0.012277730736663843 0.02013888888888889
118 0.5364098221845893 0.6767361111111111 0.03640982218458933 0.027083333333333334
7 0.4820067739204064 0.921875 0.024132091447925486 0.027777777777777776
58 0.37214225232853515 0.5777777777777777 0.03048264182895851 0.022916666666666665
22 0.28408128704487723 0.36163194444444446 0.02540220152413209 0.027430555555555555
211 0.140770533446232 0.3470486111111111 0.01143099068585944 0.026041666666666668
110 0.23243014394580863 0.7706597222222222 0.0279424216765453 0.025347222222222222
13 0.42781541066892464 0.8670138888888889 0.0275190516511431 0.022916666666666665
185 0.4752328535139712 0.5322916666666667 0.030059271803556307 0.020833333333333332
211 0.4887806943268417 0.396875 0.014817950889077053 0.029861111111111113
22 0.4413632514817951 0.6578125 0.02243861134631668 0.021875
7 0.43564775613886536 0.7852430555555555 0.02540220152413209 0.022569444444444444
22 0.6085944115156647 0.6935763888888888 0.01735817104149026 0.019097222222222224
224 0.12806943268416596 0.4930555555555556 0.026672311600338696 0.020833333333333332
58 0.21380186282811178 0.7097222222222223 0.03979678238780694 0.020833333333333332
118 0.4146909398814564 0.6631944444444444 0.03259949195596952 0.024305555555555556
22 0.2944538526672312 0.5357638888888889 0.024132091447925486 0.02638888888888889
200 0.24364944961896698 0.8821180555555556 0.026672311600338696 0.023958333333333335
58 0.3145639288738357 0.8234375 0.04149026248941575 0.02048611111111111
200 0.5044453852667231 0.7428819444444444 0.020745131244707875 0.021180555555555557
13 0.2002540220152413 0.5414930555555556 0.03386960203217612 0.02048611111111111
110 0.21570702794242166 0.5651041666666666 0.0275190516511431 0.022569444444444444
211 0.3897121083827265 0.9328125 0.015664690939881456 0.02048611111111111
58 0.31668077900084673 0.33663194444444444 0.03979678238780694 0.027430555555555555
7 0.5696443691786621 0.5876736111111112 0.03259949195596952 0.030208333333333334
224 0.17845046570702794 0.3171875 0.029212531752751906 0.024652777777777777
99 0.2728619813717189 0.6512152777777778 0.0283657917019475 0.028819444444444446
44 0.23793395427603725 0.6515625 0.04572396274343776 0.021875
99 0.15389500423370026 0.3170138888888889 0.02243861134631668 0.02847222222222222
119 0.16003386960203217 0.5177083333333333 0.02540220152413209 0.022916666666666665
211 0.4246401354784081 0.6951388888888889 0.01693480101608806 0.02638888888888889
118 0.2011007620660457 0.6552083333333333 0.03471634208298052 0.02013888888888889
224 0.4798899237933954 0.1657986111111111 0.018204911092294666 0.022569444444444444
200 0.34970364098221846 0.3362847222222222 0.028789161727349702 0.023958333333333335
119 0.5397967823878069 0.8234375 0.028789161727349702 0.027430555555555555
22 0.3461049957662998 0.8234375 0.026672311600338696 0.027430555555555555
118 0.5237087214225233 0.7711805555555555 0.03725656223539373 0.022916666666666665
13 0.5342929720575783 0.7069444444444445 0.0279424216765453 0.022222222222222223
7 0.48010160880609654 0.4232638888888889 0.024555461473327687 0.022916666666666665
211 0.36875529212531755 0.3375 0.016088060965283656 0.027083333333333334
149 0.3389077053344623 0.6736111111111112 0.03513971210838273 0.022222222222222223
106 0.19792548687552922 0.8020833333333334 0.03344623200677392 0.022916666666666665
118 0.4489839119390347 0.42430555555555555 0.03175275190516511 0.022916666666666665
211 0.21486028789161726 0.17760416666666667 0.023285351397121085 0.025347222222222222
224 0.5010584250635055 0.16493055555555555 0.02243861134631668 0.022222222222222223
119 0.4303556308213379 0.17100694444444445 0.02497883149872989 0.02326388888888889
7 0.5622353937341237 0.6461805555555555 0.02286198137171888 0.025694444444444443
99 0.29614733276884 0.6770833333333334 0.02243861134631668 0.02361111111111111
22 0.5789585097375106 0.35694444444444445 0.0275190516511431 0.027083333333333334
22 0.5605419136325148 0.7064236111111111 0.028789161727349702 0.028819444444444446
211 0.5135478408128704 0.6805555555555556 0.01693480101608806 0.029861111111111113
106 0.3569009314140559 0.6102430555555556 0.03810330228619814 0.025347222222222222
149 0.22819644369178663 0.4565972222222222 0.04064352243861134 0.020833333333333332
7 0.15135478408128705 0.4909722222222222 0.0275190516511431 0.020833333333333332
58 0.43797629127857746 0.5572916666666666 0.01735817104149026 0.02847222222222222
16 0.21189669771380187 0.4010416666666667 0.02582557154953429 0.022916666666666665
118 0.4231583403895004 0.1423611111111111 0.03259949195596952 0.027777777777777776
149 0.5886960203217613 0.7925347222222222 0.03513971210838273 0.023958333333333335
149 0.1718882303132938 0.42743055555555554 0.023708721422523286 0.01875
76 0.5268839966130398 0.13055555555555556 0.04106689246401355 0.04652777777777778
118 0.3640982218458933 0.9090277777777778 0.03725656223539373 0.020833333333333332
160 0.3293818797629128 0.4505208333333333 0.03048264182895851 0.024652777777777777
7 0.23645215918712956 0.5642361111111112 0.026672311600338696 0.020833333333333332
119 0.42569856054191363 0.6019097222222223 0.03259949195596952 0.02673611111111111
7 0.32260795935647757 0.4222222222222222 0.021168501270110076 0.024305555555555556
76 0.10203217612193057 0.43732638888888886 0.03725656223539373 0.036458333333333336
149 0.5747248094834886 0.7350694444444444 0.03344623200677392 0.02638888888888889
7 0.39246401354784083 0.2 0.02201524132091448 0.022222222222222223
44 0.5256138865368332 0.35711805555555554 0.04106689246401355 0.023958333333333335
200 0.3029212531752752 0.4515625 0.024132091447925486 0.022569444444444444
211 0.4280270956816257 0.9286458333333333 0.017781541066892465 0.02673611111111111
149 0.20723962743437765 0.3157986111111111 0.030059271803556307 0.021875
149 0.46422523285351397 0.1371527777777778 0.03598645215918713 0.02638888888888889
22 0.22629127857747672 0.5392361111111111 0.0275190516511431 0.022222222222222223
13 0.5143945808636748 0.8869791666666667 0.023708721422523286 0.026041666666666668
211 0.3920406435224386 0.4498263888888889 0.015241320914479255 0.026041666666666668
7 0.40177815410668927 0.5286458333333334 0.0279424216765453 0.023958333333333335
224 0.4085520745131245 0.9303819444444444 0.02540220152413209 0.025347222222222222
22 0.6316680779000847 0.459375 0.0279424216765453 0.02638888888888889
118 0.24026248941574938 0.6803819444444444 0.03852667231160034 0.026041666666666668
7 0.5207451312447079 0.1623263888888889 0.023708721422523286 0.021875
211 0.36600338696020324 0.7638888888888888 0.01905165114309907 0.02638888888888889
149 0.17125317527519052 0.6578125 0.02497883149872989 0.02326388888888889
211 0.2474597798475868 0.8 0.014817950889077053 0.025
7 0.3651566469093988 0.7350694444444444 0.03259949195596952 0.024305555555555556
44 0.22459779847586792 0.5899305555555555 0.04784081287044877 0.020833333333333332
22 0.5844623200677392 0.7640625 0.026672311600338696 0.024652777777777777
22 0.20406435224386113 0.25885416666666666 0.03640982218458933 0.02048611111111111
119 0.4796782387806943 0.621875 0.026248941574936496 0.027777777777777776
13 0.34250635055038103 0.4204861111111111 0.024555461473327687 0.020833333333333332
7 0.49407281964436917 0.7756944444444445 0.028789161727349702 0.02013888888888889
106 0.2944538526672312 0.42291666666666666 0.03513971210838273 0.025
211 0.43501270110076207 0.8098958333333334 0.015664690939881456 0.023958333333333335
119 0.48666384419983066 0.859375 0.02582557154953429 0.021527777777777778
200 0.3168924640135478 0.39600694444444445 0.01905165114309907 0.026041666666666668
118 0.23751058425063507 0.4810763888888889 0.03725656223539373 0.022569444444444444
7 0.37214225232853515 0.8772569444444445 0.03132938187976291 0.02048611111111111
44 0.3012277730736664 0.7977430555555556 0.04276037256562235 0.022569444444444444
185 0.3257832345469941 0.8782986111111111 0.03513971210838273 0.025347222222222222
118 0.4938611346316681 0.5065972222222223 0.03767993226079593 0.022916666666666665
200 0.17527519051651144 0.7088541666666667 0.03471634208298052 0.022569444444444444
7 0.15135478408128705 0.4635416666666667 0.0275190516511431 0.02847222222222222
106 0.12785774767146485 0.22951388888888888 0.029635901778154106 0.020833333333333332
22 0.37320067739204066 0.7013888888888888 0.029212531752751906 0.025
58 0.23370025402201525 0.6217013888888889 0.03556308213378493 0.025347222222222222
106 0.4724809483488569 0.7211805555555556 0.03725656223539373 0.02361111111111111
6 0.4106689246401355 0.7881944444444444 0.03386960203217612 0.021527777777777778
22 0.1395004233700254 0.40225694444444443 0.024132091447925486 0.02326388888888889
118 0.40156646909398813 0.6993055555555555 0.03259949195596952 0.029166666666666667
110 0.29085520745131244 0.48072916666666665 0.03132938187976291 0.028125
224 0.46337849280270954 0.48038194444444443 0.02243861134631668 0.021180555555555557
224 0.2819644369178662 0.7383680555555555 0.02540220152413209 0.02673611111111111
211 0.554614733276884 0.12690972222222222 0.014394580863674851 0.03159722222222222
224 0.31773920406435224 0.5352430555555555 0.01989839119390347 0.02326388888888889
22 0.32112616426756985 0.4791666666666667 0.0275190516511431 0.02638888888888889
22 0.38187976291278575 0.334375 0.017781541066892465 0.027083333333333334
224 0.2696867061812024 0.4227430555555556 0.018628281117696866 0.024652777777777777
22 0.40516511430990687 0.17309027777777777 0.02540220152413209 0.02326388888888889
58 0.45427603725656224 0.9243055555555556 0.03640982218458933 0.025694444444444443
13 0.35012701100762067 0.5065972222222223 0.028789161727349702 0.022222222222222223
118 0.5372565622353938 0.5883680555555556 0.03725656223539373 0.02673611111111111
200 0.2726502963590178 0.6798611111111111 0.029635901778154106 0.022222222222222223
224 0.4151143099068586 0.19809027777777777 0.01905165114309907 0.02326388888888889
99 0.1907281964436918 0.5984375 0.024132091447925486 0.028125
119 0.14944961896697714 0.42690972222222223 0.023708721422523286 0.021875
44 0.4572396274343776 0.5072916666666667 0.03471634208298052 0.020833333333333332
13 0.37235393734123623 0.8491319444444444 0.0283657917019475 0.021875
22 0.5325994919559696 0.4197916666666667 0.023708721422523286 0.027777777777777776
22 0.2480948348856901 0.7092013888888888 0.03048264182895851 0.026041666666666668
119 0.39415749364944963 0.9034722222222222 0.02540220152413209 0.02361111111111111
7 0.1418289585097375 0.5197916666666667 0.018628281117696866 0.024305555555555556
149 0.20512277730736664 0.68125 0.03429297205757832 0.025694444444444443
7 0.1930567315834039 0.5673611111111111 0.027095681625740897 0.01875
118 0.5548264182895851 0.7942708333333334 0.03513971210838273 0.01840277777777778
22 0.3746824724809483 0.5048611111111111 0.024555461473327687 0.021527777777777778
22 0.40325994919559693 0.5756944444444444 0.03344623200677392 0.027777777777777776
110 0.3236663844199831 0.5847222222222223 0.018204911092294666 0.025
119 0.5014817950889077 0.8017361111111111 0.026672311600338696 0.022222222222222223
7 0.2718035563082134 0.3972222222222222 0.029635901778154106 0.025694444444444443
110 0.17040643522438612 0.4597222222222222 0.024132091447925486 0.027777777777777776
32 0.1718882303132938 0.20451388888888888 0.03132938187976291 0.029166666666666667
106 0.584250635055038 0.4432291666666667 0.03471634208298052 0.021875
118 0.3827265029635902 0.8180555555555555 0.04572396274343776 0.019444444444444445
200 0.3702370872142252 0.9342013888888889 0.02497883149872989 0.025347222222222222
211 0.3861134631668078 0.7335069444444444 0.01693480101608806 0.026041666666666668
149 0.1930567315834039 0.8835069444444444 0.021168501270110076 0.026041666666666668
99 0.3689669771380186 0.4210069444444444 0.02243861134631668 0.021180555555555557
224 0.37828111769686706 0.6689236111111111 0.0275190516511431 0.019791666666666666
7 0.37383573243014395 0.36440972222222223 0.03048264182895851 0.027430555555555555
211 0.3869602032176122 0.4204861111111111 0.014394580863674851 0.022916666666666665
13 0.44242167654530057 0.39618055555555554 0.023708721422523286 0.022222222222222223
160 0.14585097375105843 0.26059027777777777 0.03259949195596952 0.025347222222222222
7 0.3281117696867062 0.5065972222222223 0.03048264182895851 0.025
118 0.26672311600338694 0.5875 0.04064352243861134 0.021527777777777778
13 0.4422099915325995 0.2263888888888889 0.03259949195596952 0.025694444444444443
118 0.40410668924640136 0.47638888888888886 0.01989839119390347 0.024305555555555556
22 0.3939458086367485 0.1439236111111111 0.03090601185436071 0.03090277777777778
149 0.5749364944961897 0.8263888888888888 0.03386960203217612 0.027777777777777776
224 0.36706181202370874 0.39618055555555554 0.029635901778154106 0.02638888888888889
58 0.1710414902624894 0.7442708333333333 0.03640982218458933 0.024652777777777777
44 0.5171464860287892 0.21788194444444445 0.030059271803556307 0.028125
7 0.5156646909398814 0.8267361111111111 0.029635901778154106 0.027777777777777776
200 0.4477138018628281 0.7520833333333333 0.026672311600338696 0.021527777777777778
224 0.2519051651143099 0.5378472222222223 0.029635901778154106 0.02361111111111111
110 0.5116426756985606 0.4748263888888889 0.02497883149872989 0.022569444444444444
224 0.32726502963590176 0.6421875 0.027095681625740897 0.021180555555555557
200 0.17506350550381033 0.5440972222222222 0.03090601185436071 0.017361111111111112
149 0.4479254868755292 0.6907986111111111 0.03386960203217612 0.024652777777777777
7 0.1416172734970364 0.6347222222222222 0.02582557154953429 0.030555555555555555
200 0.40580016934801016 0.7300347222222222 0.024132091447925486 0.01840277777777778
7 0.3259949195596952 0.6116319444444445 0.03386960203217612 0.024652777777777777
200 0.3797629127857748 0.4769097222222222 0.03048264182895851 0.022569444444444444
7 0.4089754445385267 0.36996527777777777 0.0279424216765453 0.028819444444444446
13 0.34864521591871295 0.6409722222222223 0.03259949195596952 0.025694444444444443
160 0.1991955969517358 0.3706597222222222 0.029212531752751906 0.021875
224 0.4775613886536833 0.7484375 0.0279424216765453 0.022569444444444444
118 0.2777307366638442 0.7081597222222222 0.03386960203217612 0.026041666666666668
6 0.3888653683319221 0.7602430555555556 0.03175275190516511 0.023958333333333335
118 0.6397121083827265 0.7045138888888889 0.03471634208298052 0.025
200 0.2497883149872989 0.8527777777777777 0.03386960203217612 0.022222222222222223
13 0.5012701100762066 0.30364583333333334 0.03640982218458933 0.027430555555555555
200 0.5002116850127011 0.5585069444444445 0.03175275190516511 0.025347222222222222
200 0.4506773920406435 0.8958333333333334 0.029212531752751906 0.025
7 0.15368331922099915 0.22951388888888888 0.02032176121930567 0.022916666666666665
149 0.1435224386113463 0.5480902777777777 0.03386960203217612 0.02326388888888889
211 0.3930990685859441 0.8444444444444444 0.023285351397121085 0.024305555555555556
185 0.1663844199830652 0.5993055555555555 0.028789161727349702 0.02361111111111111
118 0.1651143099068586 0.5732638888888889 0.03640982218458933 0.02013888888888889
22 0.195385266723116 0.3449652777777778 0.02497883149872989 0.02326388888888889
32 0.4022015241320914 0.8706597222222222 0.03640982218458933 0.019791666666666666
119 0.14923793395427604 0.2032986111111111 0.0275190516511431 0.027430555555555555
7 0.3444115156646909 0.5315972222222223 0.0283657917019475 0.022916666666666665
58 0.11939034716342083 0.5217013888888888 0.03132938187976291 0.022569444444444444
32 0.4870872142252329 0.21875 0.02582557154953429 0.02638888888888889
22 0.3029212531752752 0.7383680555555555 0.0283657917019475 0.024652777777777777
76 0.3674851820491109 0.1762152777777778 0.028789161727349702 0.030208333333333334
224 0.5488992379339542 0.7375 0.01989839119390347 0.021527777777777778
176 0.29466553767993225 0.9081597222222222 0.0279424216765453 0.022569444444444444
211 0.4771380186282811 0.5934027777777777 0.02201524132091448 0.02638888888888889
211 0.46655376799322607 0.8319444444444445 0.017781541066892465 0.024305555555555556
7 0.4629551227773074 0.19392361111111112 0.02243861134631668 0.02048611111111111
22 0.22734970364098223 0.8010416666666667 0.0279424216765453 0.022222222222222223
58 0.36833192209991533 0.1484375 0.03810330228619814 0.028125
176 0.3746824724809483 0.5309027777777777 0.027095681625740897 0.021527777777777778
106 0.15050804403048265 0.37118055555555557 0.029212531752751906 0.021527777777777778
99 0.5465707027942421 0.21996527777777777 0.02201524132091448 0.035069444444444445
149 0.5038103302286198 0.5314236111111111 0.03217612193056731 0.022569444444444444
22 0.12722269263336156 0.20052083333333334 0.02497883149872989 0.026041666666666668
44 0.5459356477561389 0.44635416666666666 0.03852667231160034 0.019791666666666666
185 0.2679932260795936 0.8802083333333334 0.026248941574936496 0.02361111111111111
224 0.45491109229466553 0.25711805555555556 0.024132091447925486 0.027430555555555555
99 0.2235393734123624 0.8291666666666667 0.01947502116850127 0.02361111111111111
118 0.19729043183742592 0.4293402777777778 0.02201524132091448 0.017013888888888887
22 0.5417019475021169 0.8835069444444444 0.01989839119390347 0.03229166666666667
22 0.12171888230313294 0.34930555555555554 0.0275190516511431 0.022916666666666665
149 0.1331498729889924 0.5758680555555555 0.03767993226079593 0.019097222222222224
211 0.36939034716342084 0.6381944444444444 0.01905165114309907 0.027777777777777776
118 0.12023708721422523 0.46597222222222223 0.03979678238780694 0.02361111111111111
200 0.29339542760372567 0.8809027777777778 0.02540220152413209 0.022916666666666665
99 0.25994919559695173 0.5109375 0.017781541066892465 0.024652777777777777
32 0.588272650296359 0.7034722222222223 0.029212531752751906 0.024305555555555556
200 0.2798475867908552 0.8255208333333334 0.03217612193056731 0.022569444444444444
6 0.2612193056731583 0.5625 0.03302286198137172 0.021527777777777778
7 0.09102455546147332 0.40815972222222224 0.0279424216765453 0.019791666666666666
13 0.5544030482641829 0.765625 0.03175275190516511 0.025694444444444443
22 0.26947502116850125 0.9112847222222222 0.0275190516511431 0.022569444444444444
200 0.5321761219305673 0.30190972222222223 0.03048264182895851 0.028819444444444446
224 0.5402201524132092 0.8508680555555556 0.0279424216765453 0.022569444444444444
7 0.20215918712955122 0.8291666666666667 0.02582557154953429 0.021527777777777778
176 0.2224809483488569 0.7407986111111111 0.0283657917019475 0.025347222222222222
44 0.4771380186282811 0.3338541666666667 0.03810330228619814 0.026041666666666668
119 0.1632091447925487 0.4013888888888889 0.02497883149872989 0.022222222222222223
22 0.38230313293818796 0.7885416666666667 0.02540220152413209 0.020833333333333332
160 0.20067739204064353 0.6272569444444445 0.03386960203217612 0.02673611111111111
44 0.33911939034716343 0.39479166666666665 0.03895004233700254 0.029166666666666667
149 0.20618120237087215 0.48541666666666666 0.03132938187976291 0.02013888888888889
211 0.6439458086367486 0.43368055555555557 0.02032176121930567 0.022916666666666665
7 0.34674005080440307 0.5817708333333333 0.03048264182895851 0.026041666666666668
32 0.17591024555461474 0.48802083333333335 0.0275190516511431 0.022569444444444444
211 0.4320491109229467 0.5100694444444445 0.018204911092294666 0.02361111111111111
44 0.4337425910245555 0.48038194444444443 0.03937341236240474 0.02326388888888889
118 0.5321761219305673 0.5557291666666667 0.03471634208298052 0.024652777777777777
99 0.3082133784928027 0.5097222222222222 0.03048264182895851 0.022222222222222223
118 0.4676121930567316 0.5605902777777778 0.03852667231160034 0.023958333333333335
160 0.2726502963590178 0.5385416666666667 0.028789161727349702 0.019444444444444445
110 0.5577900084674005 0.35434027777777777 0.026672311600338696 0.02326388888888889
7 0.19792548687552922 0.7418402777777777 0.024132091447925486 0.023958333333333335
99 0.5254022015241321 0.7397569444444444 0.02201524132091448 0.02326388888888889
200 0.5364098221845893 0.4777777777777778 0.024555461473327687 0.022916666666666665
22 0.1915749364944962 0.8592013888888889 0.03344623200677392 0.019791666666666666
22 0.32451312447078745 0.9081597222222222 0.029212531752751906 0.024652777777777777
58 0.21845893310753597 0.20625 0.026248941574936496 0.024305555555555556
44 0.34123624047417445 0.36354166666666665 0.04318374259102455 0.02361111111111111
22 0.2972057578323455 0.6454861111111111 0.028789161727349702 0.02361111111111111
200 0.365580016934801 0.5574652777777778 0.03344623200677392 0.024652777777777777
149 0.5601185436071127 0.8510416666666667 0.024555461473327687 0.018055555555555554
6 0.1354784081287045 0.2824652777777778 0.02540220152413209 0.021180555555555557
149 0.6168501270110076 0.4387152777777778 0.03471634208298052 0.02673611111111111
118 0.3522438611346317 0.47725694444444444 0.03302286198137172 0.025347222222222222
22 0.5281541066892464 0.9168402777777778 0.0275190516511431 0.029513888888888888
58 0.1384419983065199 0.16979166666666667 0.03132938187976291 0.027777777777777776
149 0.2514817950889077 0.7401041666666667 0.03556308213378493 0.02673611111111111
7 0.06096528365791702 0.35260416666666666 0.027095681625740897 0.023958333333333335
200 0.5122777307366638 0.8557291666666667 0.02540220152413209 0.02326388888888889
200 0.506350550381033 0.7171875 0.03048264182895851 0.026041666666666668
99 0.5584250635055038 0.47604166666666664 0.023708721422523286 0.027777777777777776
160 0.45639288738357325 0.8659722222222223 0.03132938187976291 0.022222222222222223
44 0.30143945808636746 0.9375 0.0279424216765453 0.022916666666666665
149 0.39415749364944963 0.6072916666666667 0.03725656223539373 0.024305555555555556
211 0.43226079593564776 0.6298611111111111 0.02201524132091448 0.02361111111111111
6 0.26566469093988143 0.7979166666666667 0.029212531752751906 0.024305555555555556
224 0.2790008467400508 0.8512152777777777 0.028789161727349702 0.02326388888888889
211 0.5165114309906859 0.4498263888888889 0.017781541066892465 0.022569444444444444
58 0.24089754445385267 0.3663194444444444 0.05419136325148179 0.03125
119 0.5080440304826418 0.6199652777777778 0.027095681625740897 0.024652777777777777
149 0.31160033869602033 0.7059027777777778 0.03895004233700254 0.02361111111111111
7 0.4506773920406435 0.8381944444444445 0.026672311600338696 0.02013888888888889
22 0.12193056731583404 0.3737847222222222 0.027095681625740897 0.01840277777777778
118 0.17845046570702794 0.3706597222222222 0.026672311600338696 0.024652777777777777
7 0.41215071972904316 0.6336805555555556 0.029212531752751906 0.02638888888888889
200 0.2927603725656224 0.5635416666666667 0.0283657917019475 0.02361111111111111
110 0.21083827265029637 0.5123263888888889 0.02540220152413209 0.021875
99 0.43670618120237087 0.3684027777777778 0.0275190516511431 0.025694444444444443
7 0.4877222692633362 0.4782986111111111 0.0279424216765453 0.021875
149 0.4451735817104149 0.5350694444444445 0.03513971210838273 0.021527777777777778
44 0.5374682472480948 0.6157986111111111 0.04106689246401355 0.024652777777777777
118 0.1642675698560542 0.7732638888888889 0.03048264182895851 0.024305555555555556
211 0.4837002540220152 0.8039930555555556 0.015664690939881456 0.019791666666666666
211 0.3890770533446232 0.17569444444444443 0.01100762066045724 0.024305555555555556
58 0.17209991532599492 0.6282986111111111 0.03767993226079593 0.022569444444444444
22 0.5812870448772227 0.47465277777777776 0.026248941574936496 0.027083333333333334
44 0.504022015241321 0.5902777777777778 0.04106689246401355 0.02638888888888889
118 0.2965707027942422 0.6138888888888889 0.03767993226079593 0.025
7 0.12616426756985605 0.3142361111111111 0.027095681625740897 0.027083333333333334
224 0.541913632514818 0.1595486111111111 0.026248941574936496 0.019791666666666666
13 0.617485182049111 0.7880208333333333 0.029212531752751906 0.022569444444444444
211 0.12891617273497036 0.4340277777777778 0.014817950889077053 0.02361111111111111
185 0.2561388653683319 0.4539930555555556 0.0279424216765453 0.023958333333333335
118 0.140770533446232 0.6036458333333333 0.03259949195596952 0.025347222222222222
149 0.5035986452159187 0.6480902777777777 0.04276037256562235 0.024652777777777777
22 0.18585944115156647 0.4 0.02540220152413209 0.021527777777777778
22 0.4555461473327688 0.5954861111111112 0.028789161727349702 0.02847222222222222
106 0.46422523285351397 0.7800347222222223 0.03513971210838273 0.021875
58 0.3988145639288738 0.5527777777777778 0.03810330228619814 0.021527777777777778
211 0.46337849280270954 0.16631944444444444 0.023285351397121085 0.021527777777777778
224 0.5745131244707875 0.6168402777777777 0.03302286198137172 0.024652777777777777
149 0.1655376799322608 0.17291666666666666 0.026248941574936496 0.02847222222222222
13 0.17823878069432683 0.8302083333333333 0.03895004233700254 0.025694444444444443
106 0.2476714648602879 0.8272569444444444 0.03471634208298052 0.023958333333333335
224 0.5859441151566469 0.6447916666666667 0.024555461473327687 0.025
224 0.4983065198983912 0.44774305555555555 0.02286198137171888 0.028819444444444446
200 0.5254022015241321 0.796875 0.024555461473327687 0.02361111111111111
22 0.26312447078746826 0.4800347222222222 0.029212531752751906 0.024652777777777777
118 0.220575783234547 0.85625 0.03132938187976291 0.02361111111111111
22 0.1934801016088061 0.20555555555555555 0.01947502116850127 0.027083333333333334
76 0.4415749364944962 0.3404513888888889 0.03302286198137172 0.03576388888888889
7 0.46083827265029637 0.3654513888888889 0.024132091447925486 0.025347222222222222
110 0.38463166807790006 0.39461805555555557 0.015664690939881456 0.024652777777777777
176 0.5010584250635055 0.9184027777777778 0.03090601185436071 0.024305555555555556
44 0.1640558848433531 0.8036458333333333 0.029212531752751906 0.026041666666666668
22 0.4669771380186283 0.22013888888888888 0.01693480101608806 0.027083333333333334
224 0.6126164267569856 0.7633680555555555 0.03386960203217612 0.026041666666666668
6 0.43691786621507195 0.19756944444444444 0.023708721422523286 0.022916666666666665
211 0.48327688399661306 0.1909722222222222 0.020745131244707875 0.022222222222222223
110 0.17167654530059273 0.6817708333333333 0.02497883149872989 0.022569444444444444
211 0.5969517358171041 0.35381944444444446 0.018628281117696866 0.02638888888888889
200 0.2662997459779848 0.6185763888888889 0.03471634208298052 0.02326388888888889
118 0.46591871295512277 0.6519097222222222 0.03598645215918713 0.022569444444444444
7 0.18670618120237087 0.5159722222222223 0.02540220152413209 0.022916666666666665
58 0.6769686706181203 0.7041666666666667 0.03471634208298052 0.025694444444444443
22 0.4191363251481795 0.7559027777777778 0.026248941574936496 0.020833333333333332
106 0.43628281117696865 0.7269097222222223 0.03767993226079593 0.022569444444444444
99 0.17294665537679932 0.23055555555555557 0.020745131244707875 0.025
32 0.17315834038950043 0.25885416666666666 0.02201524132091448 0.02326388888888889
22 0.16193903471634208 0.28541666666666665 0.02497883149872989 0.024305555555555556
211 0.3947925486875529 0.6666666666666666 0.014817950889077053 0.02361111111111111
118 0.19115156646909398 0.2861111111111111 0.03175275190516511 0.027083333333333334
7 0.2999576629974598 0.5888888888888889 0.024132091447925486 0.019444444444444445
32 0.5389500423370025 0.6454861111111111 0.0279424216765453 0.027777777777777776
224 0.3304403048264183 0.8517361111111111 0.018204911092294666 0.025694444444444443
149 0.26248941574936496 0.7711805555555555 0.03725656223539373 0.025
118 0.48899237933954276 0.36180555555555555 0.03810330228619814 0.025694444444444443
32 0.31477561388653685 0.7685763888888889 0.03598645215918713 0.023958333333333335
22 0.2197290431837426 0.42899305555555556 0.02540220152413209 0.019791666666666666
44 0.19983065198983913 0.7743055555555556 0.04487722269263336 0.02638888888888889
200 0.4144792548687553 0.8126736111111111 0.0279424216765453 0.02048611111111111
185 0.09017781541066892 0.3532986111111111 0.029635901778154106 0.023958333333333335
211 0.5544030482641829 0.4144097222222222 0.02243861134631668 0.02326388888888889
7 0.23687552921253174 0.5130208333333334 0.026672311600338696 0.024652777777777777
32 0.3884419983065199 0.6366319444444445 0.03259949195596952 0.022569444444444444
32 0.4172311600338696 0.8420138888888888 0.02582557154953429 0.02361111111111111
211 0.31329381879762913 0.6767361111111111 0.017781541066892465 0.020833333333333332
149 0.4125740897544454 0.4001736111111111 0.03683319220999153 0.021180555555555557
7 0.19369178662150718 0.23385416666666667 0.021591871295512276 0.027430555555555555
224 0.31900931414055883 0.5604166666666667 0.02497883149872989 0.024305555555555556
99 0.39754445385266723 0.50625 0.023708721422523286 0.029861111111111113
32 0.1960203217612193 0.4564236111111111 0.03471634208298052 0.02326388888888889
13 0.371930567315834 0.4513888888888889 0.026672311600338696 0.02638888888888889
7 0.3427180355630821 0.7664930555555556 0.03175275190516511 0.02326388888888889
76 0.4618966977138019 0.8069444444444445 0.03556308213378493 0.03611111111111111
118 0.24132091447925486 0.9131944444444444 0.03640982218458933 0.022222222222222223
106 0.08848433530906012 0.3763888888888889 0.04149026248941575 0.022222222222222223
99 0.2174005080440305 0.8864583333333333 0.018204911092294666 0.030555555555555555
58 0.4189246401354784 0.4234375 0.021591871295512276 0.026041666666666668
7 0.4652836579170195 0.3935763888888889 0.0279424216765453 0.025347222222222222
224 0.491532599491956 0.6826388888888889 0.026248941574936496 0.027777777777777776
22 0.30143945808636746 0.8491319444444444 0.02540220152413209 0.021875
200 0.1922099915325995 0.17430555555555555 0.026248941574936496 0.025
13 0.11706181202370872 0.40434027777777776 0.030059271803556307 0.022569444444444444
13 0.3386960203217612 0.7345486111111111 0.03302286198137172 0.023958333333333335
13 0.2999576629974598 0.39479166666666665 0.02582557154953429 0.027083333333333334
106 0.1642675698560542 0.34652777777777777 0.03556308213378493 0.022916666666666665
118 0.48412362404741743 0.890625 0.03852667231160034 0.024305555555555556
16 0.5067739204064352 0.42135416666666664 0.028789161727349702 0.026041666666666668
7 0.4197713801862828 0.8989583333333333 0.0275190516511431 0.024305555555555556
224 0.5332345469940728 0.5296875 0.0275190516511431 0.025347222222222222
