16 0.35340314136125656 0.6320697954271961 0.0387434554973822 0.0210589651022864
7 0.5335078534031413 0.6796028880866426 0.02617801047120419 0.019855595667870037
22 0.7743455497382199 0.40042117930204574 0.024083769633507852 0.016245487364620937
224 0.5083769633507853 0.6802045728038508 0.028272251308900525 0.01865222623345367
7 0.7036649214659686 0.5063176895306859 0.0356020942408377 0.01865222623345367
185 0.5863874345549738 0.39681107099879664 0.033507853403141365 0.013838748495788207
211 0.4397905759162304 0.5258724428399518 0.012565445026178011 0.015643802647412757
99 0.5010471204188481 0.6046931407942239 0.030366492146596858 0.021660649819494584
200 0.20628272251308902 0.5 0.025130890052356022 0.019253910950661854
7 0.2350785340314136 0.5267749699157641 0.028272251308900525 0.015042117930204572
118 0.43350785340314135 0.6284596871239471 0.041884816753926704 0.019855595667870037
22 0.28167539267015707 0.31558363417569196 0.033507853403141365 0.013838748495788207
224 0.5497382198952879 0.47442839951865223 0.025130890052356022 0.015042117930204572
119 0.36282722513089005 0.34115523465703973 0.03455497382198953 0.019253910950661854
119 0.2916230366492147 0.601985559566787 0.032460732984293195 0.01865222623345367
224 0.6617801047120419 0.29482551143200963 0.025130890052356022 0.013237063778580024
58 0.2136125654450262 0.24548736462093862 0.048167539267015703 0.02045728038507822
99 0.2858638743455497 0.5279783393501805 0.027225130890052355 0.01865222623345367
6 0.5989528795811518 0.37154031287605294 0.03769633507853403 0.019855595667870037
176 0.6146596858638743 0.47623345367027675 0.03769633507853403 0.019855595667870037
22 0.7293193717277487 0.3712394705174489 0.024083769633507852 0.019253910950661854
22 0.16649214659685863 0.4196750902527076 0.031413612565445025 0.023465703971119134
200 0.21675392670157068 0.4729241877256318 0.023036649214659685 0.01444043321299639
118 0.5596858638743456 0.3700361010830325 0.04502617801047121 0.018050541516245487
211 0.42303664921465967 0.6004813477737665 0.014659685863874346 0.019253910950661854
224 0.30157068062827225 0.36793020457280384 0.027225130890052355 0.01865222623345367
118 0.19842931937172775 0.6287605294825511 0.04502617801047121 0.019253910950661854
200 0.6513089005235602 0.6799037304452467 0.033507853403141365 0.015643802647412757
22 0.45759162303664924 0.39651022864019253 0.04397905759162304 0.026474127557160047
118 0.7418848167539267 0.398014440433213 0.040837696335078534 0.016245487364620937
58 0.19267015706806281 0.3426594464500602 0.04397905759162304 0.017448856799037304
118 0.2832460732984293 0.6278580024067388 0.0387434554973822 0.017448856799037304
22 0.6486910994764398 0.42448856799037304 0.030366492146596858 0.019855595667870037
211 0.2602094240837696 0.5258724428399518 0.019895287958115182 0.015643802647412757
44 0.8596858638743455 0.6359807460890493 0.031413612565445025 0.019253910950661854
7 0.5554973821989528 0.6573405535499398 0.040837696335078534 0.0210589651022864
32 0.2089005235602094 0.5228640192539109 0.032460732984293195 0.015643802647412757
7 0.7910994764397906 0.25782190132370636 0.03455497382198953 0.019855595667870037
224 0.7560209424083769 0.45336943441636585 0.02931937172774869 0.022262334536702767
7 0.20052356020942408 0.3944043321299639 0.03455497382198953 0.01865222623345367
106 0.6267015706806283 0.31979542719614923 0.04293193717277487 0.015042117930204572
22 0.7366492146596859 0.2767749699157641 0.030366492146596858 0.01684717208182912
110 0.5617801047120419 0.6037906137184116 0.03455497382198953 0.0210589651022864
110 0.5382198952879581 0.42268351383874847 0.04397905759162304 0.019855595667870037
149 0.6759162303664922 0.6606498194945848 0.03664921465968586 0.02045728038507822
32 0.16649214659685863 0.31708784596871237 0.033507853403141365 0.018050541516245487
224 0.8 0.40312876052948254 0.023036649214659685 0.019253910950661854
211 0.6528795811518324 0.3200962695547533 0.01780104712041885 0.01444043321299639
176 0.20732984293193718 0.6576413959085439 0.04607329842931937 0.018050541516245487
7 0.4680628272251309 0.6028880866425993 0.04397905759162304 0.02045728038507822
224 0.7769633507853403 0.32460890493381467 0.020942408376963352 0.015042117930204572
44 0.737696335078534 0.6627557160048135 0.03664921465968586 0.019855595667870037
119 0.4476439790575916 0.6823104693140795 0.03455497382198953 0.02045728038507822
106 0.7612565445026178 0.25661853188929 0.03769633507853403 0.022262334536702767
58 0.35340314136125656 0.5246690734055355 0.04502617801047121 0.015643802647412757
22 0.1544502617801047 0.26805054151624547 0.02617801047120419 0.01865222623345367
44 0.518324607329843 0.5731046931407943 0.03769633507853403 0.013838748495788207
58 0.6654450261780105 0.3724428399518652 0.049214659685863874 0.021660649819494584
32 0.17801047120418848 0.39290012033694344 0.033507853403141365 0.013237063778580024
32 0.374869109947644 0.5487364620938628 0.033507853403141365 0.015643802647412757
211 0.4130890052356021 0.36793020457280384 0.02198952879581152 0.016245487364620937
200 0.44293193717277485 0.3664259927797834 0.033507853403141365 0.015643802647412757
211 0.7743455497382199 0.22894103489771359 0.011518324607329843 0.015042117930204572
118 0.6900523560209424 0.6853188929001204 0.04397905759162304 0.02045728038507822
44 0.3586387434554974 0.5734055354993983 0.030366492146596858 0.01444043321299639
7 0.3345549738219895 0.368531889290012 0.040837696335078534 0.017448856799037304
118 0.46282722513089003 0.4259927797833935 0.03769633507853403 0.02527075812274368
8 0.39790575916230364 0.5003008423586041 0.03769633507853403 0.022262334536702767
176 0.4198952879581152 0.3426594464500602 0.03769633507853403 0.016245487364620937
160 0.6162303664921466 0.5288808664259927 0.032460732984293195 0.019253910950661854
106 0.18429319371727748 0.47442839951865223 0.04607329842931937 0.015042117930204572
110 0.662303664921466 0.3480746089049338 0.03664921465968586 0.019855595667870037
185 0.2481675392670157 0.4732250300842359 0.04607329842931937 0.017448856799037304
118 0.21413612565445025 0.2668471720818291 0.040837696335078534 0.01865222623345367
200 0.2413612565445026 0.36793020457280384 0.028272251308900525 0.017448856799037304
22 0.26335078534031414 0.6034897713598074 0.032460732984293195 0.018050541516245487
22 0.3403141361256545 0.31528279181708785 0.025130890052356022 0.015643802647412757
22 0.3738219895287958 0.4461492178098676 0.02931937172774869 0.017448856799037304
8 0.20680628272251309 0.36702767749699156 0.028272251308900525 0.021660649819494584
119 0.4178010471204188 0.6820096269554753 0.031413612565445025 0.019855595667870037
99 0.3356020942408377 0.4220818291215403 0.019895287958115182 0.023465703971119134
200 0.5277486910994764 0.47653429602888087 0.025130890052356022 0.01444043321299639
119 0.618324607329843 0.681107099879663 0.032460732984293195 0.019253910950661854
22 0.7157068062827225 0.2972322503008424 0.024083769633507852 0.018050541516245487
7 0.19109947643979058 0.31889290012033694 0.0387434554973822 0.01684717208182912
118 0.3172774869109948 0.44675090252707583 0.041884816753926704 0.013838748495788207
32 0.2324607329842932 0.6025872442839952 0.03769633507853403 0.013838748495788207
160 0.4827225130890052 0.6561371841155235 0.03769633507853403 0.023465703971119134
118 0.481151832460733 0.3661251504211793 0.04502617801047121 0.017448856799037304
44 0.2769633507853403 0.4482551143200963 0.0387434554973822 0.015643802647412757
58 0.6057591623036649 0.42478941034897716 0.04293193717277487 0.018050541516245487
119 0.5015706806282723 0.3194945848375451 0.027225130890052355 0.01684717208182912
22 0.42984293193717277 0.5009025270758123 0.032460732984293195 0.019855595667870037
99 0.3219895287958115 0.47653429602888087 0.030366492146596858 0.021660649819494584
7 0.3869109947643979 0.526173285198556 0.03455497382198953 0.017448856799037304
7 0.7926701570680629 0.23405535499398314 0.033507853403141365 0.018050541516245487
13 0.8256544502617801 0.4049338146811071 0.032460732984293195 0.018050541516245487
224 0.4455497382198953 0.44945848375451264 0.024083769633507852 0.01684717208182912
22 0.2099476439790576 0.29121540312876054 0.030366492146596858 0.019253910950661854
118 0.40680628272251307 0.3953068592057762 0.04712041884816754 0.01684717208182912
176 0.6921465968586388 0.3480746089049338 0.039790575916230364 0.019855595667870037
22 0.36387434554973824 0.42117930204572807 0.030366492146596858 0.019253910950661854
7 0.7240837696335078 0.25601684717208184 0.03455497382198953 0.01865222623345367
58 0.6869109947643979 0.4250902527075812 0.041884816753926704 0.017448856799037304
118 0.8214659685863874 0.6359807460890493 0.03664921465968586 0.024067388688327317
118 0.9178010471204189 0.2355595667870036 0.040837696335078534 0.017448856799037304
118 0.6654450261780105 0.27346570397111913 0.03455497382198953 0.0210589651022864
7 0.6607329842931937 0.635078219013237 0.031413612565445025 0.017448856799037304
22 0.881151832460733 0.23375451263537905 0.03455497382198953 0.01865222623345367
7 0.1544502617801047 0.3426594464500602 0.032460732984293195 0.019855595667870037
118 0.46282722513089003 0.526173285198556 0.031413612565445025 0.015042117930204572
58 0.5942408376963351 0.450661853188929 0.05130890052356021 0.018050541516245487
44 0.5931937172774869 0.6031889290012034 0.0387434554973822 0.019855595667870037
211 0.543455497382199 0.34596871239470517 0.023036649214659685 0.019253910950661854
99 0.7607329842931937 0.2999398315282792 0.02198952879581152 0.0210589651022864
7 0.6235602094240837 0.29783393501805056 0.0387434554973822 0.021660649819494584
7 0.518324607329843 0.37364620938628157 0.03769633507853403 0.021660649819494584
7 0.6832460732984293 0.29783393501805056 0.0387434554973822 0.021660649819494584
200 0.5612565445026177 0.345367027677497 0.027225130890052355 0.013237063778580024
118 0.16596858638743456 0.3676293622141998 0.0387434554973822 0.015643802647412757
58 0.7052356020942409 0.6341756919374247 0.04712041884816754 0.01684717208182912
200 0.5581151832460733 0.44855595667870035 0.020942408376963352 0.013838748495788207
7 0.44973821989528795 0.6567388688327317 0.03664921465968586 0.023465703971119134
224 0.7921465968586388 0.5324909747292419 0.028272251308900525 0.018050541516245487
99 0.17015706806282724 0.44885679903730447 0.024083769633507852 0.02286401925391095
76 0.24083769633507854 0.31829121540312877 0.031413612565445025 0.032490974729241874
7 0.7518324607329843 0.3240072202166065 0.02931937172774869 0.015042117930204572
110 0.6272251308900524 0.6064981949458483 0.031413612565445025 0.021660649819494584
106 0.5539267015706806 0.5484356197352587 0.03769633507853403 0.017448856799037304
200 0.7691099476439791 0.5315884476534296 0.019895287958115182 0.017448856799037304
99 0.4863874345549738 0.5743080625752106 0.030366492146596858 0.017448856799037304
118 0.374869109947644 0.3176895306859206 0.04397905759162304 0.019253910950661854
200 0.7308900523560209 0.45216606498194944 0.025130890052356022 0.017448856799037304
22 0.6293193717277487 0.4500601684717208 0.027225130890052355 0.02045728038507822
99 0.6209424083769634 0.39981949458483756 0.0356020942408377 0.022262334536702767
22 0.5314136125654451 0.6022864019253911 0.030366492146596858 0.01684717208182912
99 0.5863874345549738 0.6600481347773767 0.025130890052356022 0.02286401925391095
99 0.6769633507853403 0.529783393501805 0.02617801047120419 0.01865222623345367
224 0.4863874345549738 0.3447653429602888 0.02617801047120419 0.018050541516245487
185 0.4743455497382199 0.6299638989169675 0.041884816753926704 0.02045728038507822
200 0.45968586387434557 0.3194945848375451 0.025130890052356022 0.015643802647412757
118 0.26649214659685866 0.34115523465703973 0.040837696335078534 0.01684717208182912
7 0.3958115183246073 0.6311672683513839 0.0356020942408377 0.021660649819494584
118 0.6884816753926701 0.2253309265944645 0.040837696335078534 0.0210589651022864
118 0.6853403141361256 0.32190132370637786 0.040837696335078534 0.01684717208182912
16 0.3795811518324607 0.368531889290012 0.049214659685863874 0.019855595667870037
99 0.3078534031413613 0.31919374247894106 0.027225130890052355 0.01865222623345367
211 0.48219895287958114 0.3194945848375451 0.013612565445026177 0.01684717208182912
7 0.5157068062827225 0.29663056558363415 0.0387434554973822 0.019253910950661854
211 0.7 0.5306859205776173 0.01780104712041885 0.019253910950661854
149 0.2869109947643979 0.3935018050541516 0.03769633507853403 0.013237063778580024
200 0.36178010471204186 0.49879663056558365 0.028272251308900525 0.012033694344163659
224 0.6795811518324607 0.39861612515042116 0.027225130890052355 0.017448856799037304
149 0.6963350785340314 0.4500601684717208 0.04607329842931937 0.019253910950661854
200 0.6376963350785341 0.20156438026474127 0.0356020942408377 0.02286401925391095
22 0.47958115183246075 0.6814079422382672 0.02931937172774869 0.01865222623345367
211 0.3900523560209424 0.34205776173285196 0.019895287958115182 0.017448856799037304
211 0.4774869109947644 0.44885679903730447 0.020942408376963352 0.01684717208182912
224 0.7439790575916231 0.34747292418772563 0.03455497382198953 0.01865222623345367
13 0.5267015706806283 0.6549338146811071 0.05235602094240838 0.016245487364620937
118 0.19424083769633507 0.5496389891696751 0.032460732984293195 0.01865222623345367
149 0.6324607329842932 0.5499398315282792 0.033507853403141365 0.01684717208182912
118 0.7853403141361257 0.5105294825511432 0.04397905759162304 0.0210589651022864
200 0.29685863874345547 0.26805054151624547 0.0387434554973822 0.029482551143200964
200 0.337696335078534 0.34326113116726836 0.02617801047120419 0.015042117930204572
7 0.2418848167539267 0.6311672683513839 0.048167539267015703 0.021660649819494584
118 0.8136125654450261 0.42749699157641396 0.03769633507853403 0.019855595667870037
118 0.5544502617801047 0.29422382671480146 0.04502617801047121 0.019253910950661854
32 0.42513089005235605 0.31979542719614923 0.031413612565445025 0.019855595667870037
118 0.8738219895287959 0.4064380264741276 0.032460732984293195 0.01865222623345367
22 0.5633507853403141 0.6802045728038508 0.031413612565445025 0.019855595667870037
99 0.7073298429319371 0.6621540312876053 0.024083769633507852 0.022262334536702767
110 0.6361256544502618 0.6597472924187726 0.019895287958115182 0.023465703971119134
7 0.8481675392670157 0.4052346570397112 0.02931937172774869 0.01865222623345367
22 0.5931937172774869 0.5273766546329723 0.019895287958115182 0.017448856799037304
118 0.6554973821989529 0.4503610108303249 0.03769633507853403 0.019855595667870037
211 0.6089005235602094 0.2003610108303249 0.032460732984293195 0.032490974729241874
7 0.7188481675392671 0.23164861612515042 0.04293193717277487 0.021660649819494584
110 0.4481675392670157 0.6001805054151624 0.02931937172774869 0.015042117930204572
22 0.5230366492146596 0.5466305655836342 0.024083769633507852 0.013838748495788207
106 0.5382198952879581 0.5282791817087846 0.031413612565445025 0.01684717208182912
7 0.6492146596858639 0.5291817087845969 0.031413612565445025 0.017448856799037304
200 0.45549738219895286 0.5731046931407943 0.025130890052356022 0.015042117930204572
118 0.8942408376963351 0.6359807460890493 0.03769633507853403 0.021660649819494584
106 0.4293193717277487 0.5743080625752106 0.03769633507853403 0.016245487364620937
32 0.24397905759162303 0.29061371841155237 0.03769633507853403 0.018050541516245487
160 0.17225130890052356 0.24488567990373045 0.03455497382198953 0.019253910950661854
160 0.7476439790575916 0.4804452466907341 0.033507853403141365 0.0210589651022864
160 0.41151832460732984 0.44855595667870035 0.0356020942408377 0.019855595667870037
44 0.7717277486910995 0.4256919374247894 0.039790575916230364 0.0210589651022864
224 0.1806282722513089 0.4990974729241877 0.030366492146596858 0.019855595667870037
119 0.27905759162303667 0.657942238267148 0.03664921465968586 0.019855595667870037
224 0.1973821989528796 0.6022864019253911 0.028272251308900525 0.01684717208182912
224 0.6120418848167539 0.5021058965102286 0.024083769633507852 0.015042117930204572
7 0.2418848167539267 0.6591456077015644 0.04397905759162304 0.019855595667870037
200 0.27015706806282724 0.3676293622141998 0.033507853403141365 0.01444043321299639
32 0.3575916230366492 0.4750300842358604 0.040837696335078534 0.017448856799037304
211 0.39214659685863873 0.4214801444043321 0.019895287958115182 0.019855595667870037
99 0.2544502617801047 0.3974127557160048 0.020942408376963352 0.0210589651022864
224 0.4931937172774869 0.5478339350180506 0.027225130890052355 0.01865222623345367
149 0.28900523560209423 0.5752105896510229 0.039790575916230364 0.018050541516245487
224 0.56282722513089 0.3200962695547533 0.02617801047120419 0.015643802647412757
106 0.2361256544502618 0.4464500601684717 0.03455497382198953 0.019253910950661854
149 0.3958115183246073 0.47442839951865223 0.0356020942408377 0.022262334536702767
149 0.31518324607329845 0.5270758122743683 0.031413612565445025 0.02045728038507822
58 0.556020942408377 0.5737063778580024 0.041884816753926704 0.017448856799037304
176 0.6748691099476439 0.5054151624548736 0.03664921465968586 0.018050541516245487
118 0.41518324607329843 0.6588447653429603 0.0387434554973822 0.02888086642599278
118 0.7581151832460733 0.37274368231046934 0.033507853403141365 0.01865222623345367
200 0.16753926701570682 0.5502406738868832 0.018848167539267015 0.0210589651022864
7 0.6403141361256545 0.50661853188929 0.0387434554973822 0.019253910950661854
200 0.7188481675392671 0.34747292418772563 0.024083769633507852 0.013838748495788207
58 0.33403141361256544 0.39500601684717207 0.05654450261780105 0.015042117930204572
211 0.731413612565445 0.5081227436823105 0.019895287958115182 0.016245487364620937
7 0.5638743455497383 0.42388688327316487 0.03664921465968586 0.019855595667870037
22 0.6298429319371728 0.37184115523465705 0.030366492146596858 0.02045728038507822
22 0.6308900523560209 0.34596871239470517 0.02617801047120419 0.01684717208182912
160 0.19947643979057592 0.42087845968712395 0.03455497382198953 0.023465703971119134
7 0.2848167539267016 0.4750300842358604 0.04607329842931937 0.01865222623345367
118 0.5973821989528796 0.3456678700361011 0.04293193717277487 0.016245487364620937
22 0.23089005235602095 0.34326113116726836 0.03455497382198953 0.013838748495788207
13 0.7905759162303665 0.3733453670276775 0.04397905759162304 0.019855595667870037
224 0.6858638743455497 0.5508423586040915 0.027225130890052355 0.017448856799037304
185 0.30052356020942406 0.3435619735258724 0.041884816753926704 0.019253910950661854
6 0.8507853403141361 0.23315282791817088 0.030366492146596858 0.01865222623345367
32 0.6518324607329843 0.22472924187725632 0.030366492146596858 0.0210589651022864
224 0.4193717277486911 0.5258724428399518 0.02617801047120419 0.015643802647412757
224 0.4261780104712042 0.4756317689530686 0.031413612565445025 0.017448856799037304
7 0.506282722513089 0.42539109506618533 0.030366492146596858 0.024067388688327317
22 0.5931937172774869 0.31979542719614923 0.024083769633507852 0.017448856799037304
13 0.7031413612565445 0.2746690734055355 0.04502617801047121 0.01865222623345367
118 0.5492146596858639 0.39951865222623345 0.04712041884816754 0.02527075812274368
211 0.16073298429319371 0.601684717208183 0.032460732984293195 0.026474127557160047
22 0.23664921465968586 0.5505415162454874 0.02931937172774869 0.01684717208182912
22 0.6581151832460733 0.6049939831528279 0.04502617801047121 0.019855595667870037
224 0.7664921465968586 0.6636582430806257 0.027225130890052355 0.018050541516245487
22 0.40680628272251307 0.2924187725631769 0.032460732984293195 0.018050541516245487
32 0.5178010471204189 0.3462695547533093 0.03664921465968586 0.015042117930204572
7 0.5801047120418849 0.503309265944645 0.0356020942408377 0.019855595667870037
200 0.6104712041884817 0.6549338146811071 0.025130890052356022 0.016245487364620937
160 0.8256544502617801 0.25661853188929 0.028272251308900525 0.01865222623345367
58 0.35916230366492147 0.601985559566787 0.050261780104712044 0.017448856799037304
211 0.41413612565445024 0.5487364620938628 0.019895287958115182 0.015643802647412757
99 0.2319371727748691 0.4229843561973526 0.02617801047120419 0.02286401925391095
200 0.3193717277486911 0.6004813477737665 0.027225130890052355 0.015643802647412757
149 0.5005235602094241 0.49789410348977137 0.0356020942408377 0.017448856799037304
211 0.22774869109947643 0.3935018050541516 0.015706806282722512 0.01684717208182912
185 0.3649214659685864 0.292719614921781 0.04502617801047121 0.019855595667870037
13 0.7439790575916231 0.5312876052948255 0.030366492146596858 0.018050541516245487
110 0.6465968586387435 0.6296630565583634 0.03455497382198953 0.015042117930204572
22 0.7413612565445026 0.6353790613718412 0.031413612565445025 0.02045728038507822
44 0.4246073298429319 0.42448856799037304 0.0387434554973822 0.02707581227436823
7 0.31413612565445026 0.6305655836341757 0.039790575916230364 0.021660649819494584
119 0.7560209424083769 0.23164861612515042 0.020942408376963352 0.02045728038507822
22 0.7204188481675393 0.48014440433212996 0.023036649214659685 0.021660649819494584
106 0.48429319371727747 0.2951263537906137 0.040837696335078534 0.015042117930204572
7 0.574869109947644 0.47713598074608904 0.039790575916230364 0.02286401925391095
200 0.8842931937172774 0.2584235860409146 0.024083769633507852 0.015042117930204572
106 0.2895287958115183 0.5009025270758123 0.049214659685863874 0.017448856799037304
185 0.4617801047120419 0.47623345367027675 0.03769633507853403 0.017448856799037304
211 0.5769633507853403 0.5511432009626955 0.016753926701570682 0.015643802647412757
13 0.3460732984293194 0.27015643802647415 0.05340314136125655 0.021660649819494584
44 0.30052356020942406 0.5499398315282792 0.033507853403141365 0.01444043321299639
99 0.3324607329842932 0.5012033694344163 0.02617801047120419 0.02045728038507822
99 0.5094240837696336 0.6329723225030084 0.02617801047120419 0.02286401925391095
119 0.5659685863874345 0.5270758122743683 0.030366492146596858 0.01684717208182912
211 0.7356020942408377 0.29693140794223827 0.019895287958115182 0.01865222623345367
200 0.1774869109947644 0.5788206979542719 0.028272251308900525 0.015643802647412757
149 0.7225130890052356 0.32160048134777375 0.033507853403141365 0.017448856799037304
6 0.5937172774869109 0.681107099879663 0.02931937172774869 0.019253910950661854
160 0.26335078534031414 0.41997593261131166 0.040837696335078534 0.02286401925391095
224 0.7193717277486911 0.5306859205776173 0.020942408376963352 0.018050541516245487
185 0.5287958115183246 0.4482551143200963 0.031413612565445025 0.019253910950661854
160 0.9078534031413612 0.25962695547533093 0.0356020942408377 0.019855595667870037
118 0.3387434554973822 0.5496389891696751 0.040837696335078534 0.015042117930204572
119 0.4356020942408377 0.5469314079422383 0.02931937172774869 0.01444043321299639
224 0.8267015706806282 0.23375451263537905 0.024083769633507852 0.017448856799037304
99 0.3240837696335079 0.575511432009627 0.030366492146596858 0.01865222623345367
7 0.46282722513089003 0.5487364620938628 0.03769633507853403 0.01684717208182912
7 0.5287958115183246 0.3212996389891697 0.0356020942408377 0.01684717208182912
32 0.3204188481675393 0.6588447653429603 0.03769633507853403 0.015643802647412757
22 0.16282722513089004 0.6302647412755716 0.0387434554973822 0.015042117930204572
118 0.2413612565445026 0.4990974729241877 0.040837696335078534 0.0210589651022864
160 0.17225130890052356 0.6570397111913358 0.028272251308900525 0.02286401925391095
160 0.18167539267015706 0.2677496991576414 0.032460732984293195 0.02045728038507822
7 0.6167539267015707 0.6311672683513839 0.027225130890052355 0.018050541516245487
211 0.39057591623036647 0.5716004813477737 0.0356020942408377 0.021660649819494584
22 0.5947643979057592 0.5752105896510229 0.027225130890052355 0.01684717208182912
32 0.5518324607329843 0.5009025270758123 0.031413612565445025 0.017448856799037304
118 0.2089005235602094 0.5761131167268352 0.03664921465968586 0.016245487364620937
13 0.256020942408377 0.2683513838748496 0.04712041884816754 0.018050541516245487
7 0.7057591623036649 0.39861612515042116 0.031413612565445025 0.017448856799037304
200 0.3738219895287958 0.3953068592057762 0.025130890052356022 0.01684717208182912
211 0.6397905759162303 0.476835138387485 0.016753926701570682 0.019855595667870037
200 0.3958115183246073 0.5502406738868832 0.018848167539267015 0.013838748495788207
44 0.7534031413612565 0.5078219013237064 0.028272251308900525 0.02045728038507822
118 0.581151832460733 0.6305655836341757 0.050261780104712044 0.019253910950661854
200 0.7057591623036649 0.37154031287605294 0.027225130890052355 0.015042117930204572
32 0.3010471204188482 0.4202767749699158 0.03455497382198953 0.019855595667870037
58 0.7801047120418848 0.6368832731648616 0.048167539267015703 0.023465703971119134
13 0.8554973821989529 0.25782190132370636 0.04397905759162304 0.022262334536702767
119 0.17539267015706805 0.292719614921781 0.03455497382198953 0.019855595667870037
176 0.268586387434555 0.5505415162454874 0.03664921465968586 0.01444043321299639
185 0.6769633507853403 0.25120336943441635 0.032460732984293195 0.017448856799037304
118 0.7303664921465969 0.42478941034897716 0.04712041884816754 0.02045728038507822
7 0.38952879581151834 0.6826113116726835 0.02931937172774869 0.01865222623345367
22 0.6523560209424084 0.39951865222623345 0.027225130890052355 0.019253910950661854
8 0.4617801047120419 0.5018050541516246 0.033507853403141365 0.021660649819494584
13 0.6010471204188481 0.2951263537906137 0.050261780104712044 0.0210589651022864
118 0.6026178010471204 0.5505415162454874 0.028272251308900525 0.01684717208182912
119 0.662303664921466 0.4786401925391095 0.028272251308900525 0.019855595667870037
32 0.3633507853403141 0.6817087845968712 0.02931937172774869 0.02045728038507822
22 0.7895287958115184 0.29873646209386284 0.0356020942408377 0.0210589651022864
44 0.5413612565445026 0.6287605294825511 0.0356020942408377 0.01444043321299639
7 0.8162303664921466 0.3760529482551143 0.0387434554973822 0.02527075812274368
119 0.693717277486911 0.4786401925391095 0.032460732984293195 0.022262334536702767
149 0.2476439790575916 0.5764139590854392 0.0387434554973822 0.01684717208182912
7 0.6575916230366492 0.5511432009626955 0.033507853403141365 0.019253910950661854
7 0.19947643979057592 0.4479542719614922 0.0387434554973822 0.016245487364620937
22 0.17591623036649215 0.52647412755716 0.02931937172774869 0.015643802647412757
