6 0.7518115942028986 0.3540358744394619 0.024154589371980676 0.020179372197309416
200 0.8118961352657005 0.15829596412556055 0.024758454106280192 0.028699551569506727
7 0.517512077294686 0.20717488789237667 0.027777777777777776 0.02242152466367713
211 0.5320048309178744 0.5542600896860986 0.014492753623188406 0.019730941704035873
200 0.7789855072463768 0.04506726457399103 0.028985507246376812 0.016591928251121078
185 0.48882850241545894 0.2094170403587444 0.029589371980676328 0.019730941704035873
160 0.4344806763285024 0.3006726457399103 0.029589371980676328 0.028251121076233184
8 0.4214975845410628 0.6663677130044843 0.021739130434782608 0.02062780269058296
13 0.17814009661835747 0.7233183856502242 0.028985507246376812 0.02062780269058296
176 0.4692028985507246 0.23632286995515694 0.033816425120772944 0.02600896860986547
119 0.616243961352657 0.4385650224215247 0.02355072463768116 0.02062780269058296
118 0.7934782608695652 0.3289237668161435 0.028985507246376812 0.02197309417040359
149 0.392512077294686 0.4639013452914798 0.03140096618357488 0.021076233183856503
13 0.8520531400966184 0.5219730941704036 0.03140096618357488 0.017937219730941704
7 0.648852657004831 0.07174887892376682 0.02717391304347826 0.021524663677130046
13 0.5585748792270532 0.5822869955156951 0.024154589371980676 0.018385650224215247
8 0.46346618357487923 0.3017937219730942 0.030797101449275364 0.023318385650224215
211 0.42693236714975846 0.639237668161435 0.022946859903381644 0.019282511210762333
13 0.7430555555555556 0.040582959641255606 0.03683574879227053 0.03452914798206278
22 0.4607487922705314 0.43968609865470853 0.022946859903381644 0.021076233183856503
22 0.14221014492753623 0.665695067264574 0.022342995169082124 0.018385650224215247
200 0.47946859903381644 0.3562780269058296 0.027777777777777776 0.01748878923766816
44 0.39643719806763283 0.7208520179372198 0.0392512077294686 0.01748878923766816
211 0.6331521739130435 0.7239910313901345 0.018719806763285024 0.020179372197309416
224 0.6358695652173914 0.6692825112107623 0.024154589371980676 0.019282511210762333
185 0.13345410628019325 0.7224215246636772 0.026570048309178744 0.019730941704035873
22 0.5220410628019324 0.32443946188340805 0.024758454106280192 0.020179372197309416
99 0.5996376811594203 0.2677130044843049 0.022946859903381644 0.023318385650224215
211 0.490036231884058 0.6100896860986547 0.016304347826086956 0.02197309417040359
22 0.8028381642512077 0.6387892376681614 0.025966183574879228 0.01748878923766816
118 0.46980676328502413 0.4979820627802691 0.030193236714975844 0.020179372197309416
211 0.6005434782608695 0.4116591928251121 0.017512077294685992 0.023318385650224215
211 0.5908816425120773 0.15134529147982062 0.010265700483091788 0.019282511210762333
211 0.44082125603864736 0.6986547085201794 0.016908212560386472 0.02062780269058296
118 0.8973429951690821 0.40896860986547084 0.03864734299516908 0.01883408071748879
6 0.17119565217391305 0.6661434977578475 0.024758454106280192 0.018385650224215247
224 0.9067028985507246 0.35739910313901346 0.025966183574879228 0.023318385650224215
13 0.4353864734299517 0.43789237668161435 0.025362318840579712 0.02197309417040359
22 0.7442632850241546 0.523542600896861 0.025966183574879228 0.01748878923766816
224 0.4568236714975845 0.6973094170403588 0.024758454106280192 0.019730941704035873
211 0.3946256038647343 0.20964125560538116 0.02355072463768116 0.027354260089686097
32 0.7554347826086957 0.4094170403587444 0.033816425120772944 0.021524663677130046
211 0.8070652173913043 0.0984304932735426 0.019927536231884056 0.021076233183856503
211 0.7469806763285024 0.46838565022421524 0.010869565217391304 0.018385650224215247
224 0.11352657004830918 0.7228699551569506 0.024154589371980676 0.01883408071748879
32 0.5072463768115942 0.6973094170403588 0.028985507246376812 0.02062780269058296
22 0.36533816425120774 0.638340807174888 0.026570048309178744 0.019282511210762333
211 0.2195048309178744 0.3257847533632287 0.025966183574879228 0.02197309417040359
7 0.586352657004831 0.3524663677130045 0.033816425120772944 0.019730941704035873
200 0.9091183574879227 0.7199551569506727 0.025966183574879228 0.016591928251121078
200 0.41847826086956524 0.6076233183856502 0.022946859903381644 0.02062780269058296
176 0.5549516908212561 0.268609865470852 0.025362318840579712 0.023318385650224215
22 0.5932971014492754 0.2948430493273543 0.022342995169082124 0.01748878923766816
211 0.9214975845410628 0.6975336322869955 0.021739130434782608 0.02197309417040359
13 0.2545289855072464 0.6645739910313901 0.028381642512077296 0.017040358744394617
44 0.5996376811594203 0.665695067264574 0.03743961352657005 0.016591928251121078
224 0.6639492753623188 0.6112107623318386 0.022342995169082124 0.02062780269058296
22 0.7255434782608695 0.41591928251121074 0.030797101449275364 0.026457399103139014
22 0.4939613526570048 0.6672645739910313 0.026570048309178744 0.01883408071748879
6 0.3710748792270531 0.5786995515695067 0.028381642512077296 0.02376681614349776
32 0.7795893719806763 0.4369955156950673 0.022946859903381644 0.018385650224215247
22 0.8786231884057971 0.4369955156950673 0.024154589371980676 0.020179372197309416
22 0.7635869565217391 0.12780269058295965 0.025966183574879228 0.02242152466367713
200 0.793780193236715 0.5239910313901345 0.02355072463768116 0.01569506726457399
118 0.6711956521739131 0.1547085201793722 0.03321256038647343 0.021524663677130046
224 0.23490338164251207 0.6654708520179372 0.024154589371980676 0.019730941704035873
149 0.6210748792270532 0.09775784753363229 0.034420289855072464 0.025112107623318385
160 0.33997584541062803 0.46278026905829595 0.033816425120772944 0.02242152466367713
7 0.5570652173913043 0.7242152466367713 0.0320048309178744 0.02062780269058296
7 0.6708937198067633 0.09955156950672646 0.027777777777777776 0.01883408071748879
22 0.8786231884057971 0.6977578475336322 0.022946859903381644 0.019730941704035873
224 0.8336352657004831 0.15739910313901345 0.02717391304347826 0.026905829596412557
224 0.6482487922705314 0.1251121076233184 0.025966183574879228 0.0242152466367713
224 0.46316425120772947 0.7248878923766816 0.024154589371980676 0.019282511210762333
106 0.4027777777777778 0.4923766816143498 0.036231884057971016 0.017937219730941704
224 0.8366545893719807 0.4943946188340807 0.022342995169082124 0.018385650224215247
211 0.23852657004830918 0.634304932735426 0.016908212560386472 0.018385650224215247
118 0.23520531400966183 0.5800448430493274 0.034420289855072464 0.02197309417040359
76 0.7155797101449275 0.11659192825112108 0.025362318840579712 0.05022421524663677
99 0.5205314009661836 0.47017937219730943 0.024154589371980676 0.02197309417040359
22 0.788647342995169 0.4663677130044843 0.028985507246376812 0.019730941704035873
211 0.9553140096618358 0.12645739910313902 0.043478260869565216 0.036771300448430494
7 0.730072463768116 0.6141255605381166 0.026570048309178744 0.020179372197309416
22 0.857487922705314 0.38251121076233185 0.024154589371980676 0.019730941704035873
185 0.6509661835748792 0.4679372197309417 0.026570048309178744 0.02376681614349776
7 0.5706521739130435 0.15067264573991032 0.030193236714975844 0.01883408071748879
224 0.6727053140096618 0.6408071748878924 0.028985507246376812 0.01883408071748879
99 0.302536231884058 0.6374439461883408 0.022946859903381644 0.018385650224215247
200 0.8931159420289855 0.24506726457399103 0.027777777777777776 0.022869955156950672
76 0.30676328502415456 0.6650224215246637 0.03864734299516908 0.036771300448430494
211 0.4791666666666667 0.6984304932735426 0.022342995169082124 0.021076233183856503
99 0.8221618357487923 0.4098654708520179 0.025966183574879228 0.01883408071748879
149 0.5797101449275363 0.4695067264573991 0.028985507246376812 0.023318385650224215
58 0.7321859903381642 0.15605381165919283 0.02355072463768116 0.025112107623318385
22 0.758756038647343 0.09910313901345291 0.02355072463768116 0.02242152466367713
7 0.4975845410628019 0.47040358744394617 0.026570048309178744 0.02242152466367713
44 0.3336352657004831 0.6360986547085202 0.044082125603864736 0.018385650224215247
200 0.3991545893719807 0.6674887892376682 0.020531400966183576 0.01748878923766816
185 0.1663647342995169 0.5210762331838565 0.03683574879227053 0.021524663677130046
32 0.09027777777777778 0.6932735426008969 0.03804347826086957 0.028699551569506727
22 0.8372584541062802 0.5820627802690583 0.024758454106280192 0.017937219730941704
118 0.6014492753623188 0.4968609865470852 0.036231884057971016 0.019730941704035873
32 0.7560386473429952 0.49551569506726456 0.033816425120772944 0.02062780269058296
106 0.8602053140096618 0.15717488789237669 0.030797101449275364 0.02197309417040359
76 0.7566425120772947 0.18452914798206277 0.03140096618357488 0.03452914798206278
119 0.3580917874396135 0.5228699551569507 0.033816425120772944 0.02062780269058296
211 0.4381038647342995 0.15426008968609867 0.028381642512077296 0.02242152466367713
22 0.8541666666666666 0.49417040358744396 0.024758454106280192 0.01883408071748879
32 0.45108695652173914 0.523542600896861 0.025362318840579712 0.020179372197309416
7 0.9338768115942029 0.5809417040358744 0.0320048309178744 0.019282511210762333
160 0.5634057971014492 0.12376681614349776 0.036231884057971016 0.021524663677130046
6 0.6023550724637681 0.239237668161435 0.02717391304347826 0.021076233183856503
185 0.6298309178743962 0.4952914798206278 0.028985507246376812 0.022869955156950672
224 0.28592995169082125 0.6078475336322869 0.021135265700483092 0.019282511210762333
185 0.5081521739130435 0.2681614349775785 0.028381642512077296 0.019730941704035873
200 0.8061594202898551 0.1860986547085202 0.026570048309178744 0.017937219730941704
7 0.6573067632850241 0.21188340807174888 0.03321256038647343 0.020179372197309416
200 0.44323671497584544 0.24035874439461882 0.025362318840579712 0.019730941704035873
200 0.19353864734299517 0.5219730941704036 0.02355072463768116 0.02062780269058296
44 0.43870772946859904 0.4952914798206278 0.04045893719806763 0.020179372197309416
160 0.6325483091787439 0.581390134529148 0.030797101449275364 0.02197309417040359
211 0.1823671497584541 0.6085201793721973 0.01570048309178744 0.02062780269058296
7 0.6557971014492754 0.6695067264573991 0.028985507246376812 0.017937219730941704
160 0.2617753623188406 0.49372197309417043 0.034420289855072464 0.019730941704035873
7 0.7958937198067633 0.6710762331838565 0.035024154589371984 0.01748878923766816
176 0.4507850241545894 0.12623318385650223 0.022342995169082124 0.02376681614349776
22 0.453804347826087 0.18161434977578475 0.024758454106280192 0.01883408071748879
119 0.8469202898550725 0.3560538116591928 0.030797101449275364 0.01883408071748879
32 0.6280193236714976 0.2085201793721973 0.033816425120772944 0.02242152466367713
200 0.3602053140096618 0.6663677130044843 0.021135265700483092 0.02062780269058296
200 0.4731280193236715 0.12780269058295965 0.024758454106280192 0.02062780269058296
99 0.6509661835748792 0.2390134529147982 0.025362318840579712 0.026905829596412557
58 0.3466183574879227 0.4354260089686099 0.03743961352657005 0.017937219730941704
119 0.5757850241545893 0.4125560538116592 0.034420289855072464 0.02242152466367713
7 0.4598429951690821 0.15246636771300448 0.02717391304347826 0.02242152466367713
224 0.9326690821256038 0.7161434977578476 0.02717391304347826 0.02062780269058296
22 0.7291666666666666 0.4966367713004484 0.024758454106280192 0.020179372197309416
7 0.6742149758454107 0.4132286995515695 0.024758454106280192 0.028251121076233184
7 0.4969806763285024 0.24035874439461882 0.03140096618357488 0.0242152466367713
22 0.9269323671497585 0.3845291479820628 0.025362318840579712 0.021076233183856503
13 0.6219806763285024 0.5246636771300448 0.030193236714975844 0.01883408071748879
200 0.6491545893719807 0.6417040358744395 0.022946859903381644 0.01883408071748879
22 0.717391304347826 0.7044843049327354 0.028985507246376812 0.02242152466367713
7 0.8291062801932367 0.24484304932735426 0.028985507246376812 0.02062780269058296
160 0.7041062801932367 0.1553811659192825 0.028985507246376812 0.022869955156950672
22 0.6304347826086957 0.46816143497757845 0.028985507246376812 0.02062780269058296
118 0.26509661835748793 0.6948430493273543 0.036231884057971016 0.018385650224215247
99 0.8384661835748792 0.6112107623318386 0.025966183574879228 0.01883408071748879
22 0.571256038647343 0.29551569506726455 0.026570048309178744 0.019730941704035873
118 0.8288043478260869 0.21278026905829597 0.02717391304347826 0.019282511210762333
211 0.6141304347826086 0.295067264573991 0.018115942028985508 0.01883408071748879
106 0.1642512077294686 0.437219730941704 0.03985507246376811 0.023318385650224215
22 0.7841183574879227 0.1858744394618834 0.025966183574879228 0.021076233183856503
22 0.3140096618357488 0.4358744394618834 0.03260869565217391 0.02062780269058296
13 0.49969806763285024 0.49730941704035875 0.0320048309178744 0.019730941704035873
7 0.8454106280193237 0.5502242152466368 0.026570048309178744 0.01883408071748879
211 0.6358695652173914 0.437219730941704 0.01570048309178744 0.0242152466367713
22 0.4205917874396135 0.1562780269058296 0.025966183574879228 0.018385650224215247
22 0.7931763285024155 0.5522421524663678 0.02717391304347826 0.021076233183856503
211 0.2530193236714976 0.7210762331838565 0.014492753623188406 0.0242152466367713
149 0.7620772946859904 0.21300448430493274 0.030193236714975844 0.02062780269058296
7 0.5694444444444444 0.5526905829596412 0.028985507246376812 0.021076233183856503
22 0.6956521739130435 0.1836322869955157 0.028985507246376812 0.02376681614349776
118 0.49728260869565216 0.3818385650224215 0.03683574879227053 0.02197309417040359
13 0.4522946859903382 0.35739910313901346 0.033816425120772944 0.017040358744394617
118 0.5329106280193237 0.5827354260089687 0.035628019323671496 0.020179372197309416
99 0.6083937198067633 0.7239910313901345 0.024758454106280192 0.021076233183856503
185 0.14100241545893719 0.635201793721973 0.028381642512077296 0.018385650224215247
118 0.4290458937198068 0.2103139013452915 0.041666666666666664 0.02242152466367713
211 0.8417874396135265 0.32825112107623317 0.016908212560386472 0.019730941704035873
22 0.17904589371980675 0.49865470852017935 0.025966183574879228 0.03139013452914798
110 0.5377415458937198 0.5253363228699551 0.019927536231884056 0.018385650224215247
224 0.7690217391304348 0.5239910313901345 0.024758454106280192 0.019282511210762333
58 0.769927536231884 0.6401345291479821 0.043478260869565216 0.016591928251121078
22 0.3997584541062802 0.18071748878923766 0.025362318840579712 0.0242152466367713
119 0.7234299516908212 0.18452914798206277 0.021739130434782608 0.025560538116591928
7 0.3759057971014493 0.4367713004484305 0.0320048309178744 0.021524663677130046
176 0.33816425120772947 0.6087443946188341 0.03260869565217391 0.019282511210762333
200 0.6778381642512077 0.352914798206278 0.025966183574879228 0.02062780269058296
224 0.5069444444444444 0.6082959641255605 0.019927536231884056 0.016591928251121078
224 0.8894927536231884 0.6690582959641256 0.030193236714975844 0.02062780269058296
160 0.8994565217391305 0.5486547085201794 0.029589371980676328 0.02376681614349776
211 0.7427536231884058 0.6991031390134529 0.024154589371980676 0.02242152466367713
185 0.11775362318840579 0.6661434977578475 0.036231884057971016 0.019282511210762333
118 0.23097826086956522 0.38094170403587446 0.042874396135265704 0.019282511210762333
200 0.7503019323671497 0.43968609865470853 0.025966183574879228 0.018385650224215247
224 0.8819444444444444 0.6387892376681614 0.024758454106280192 0.01748878923766816
7 0.27506038647342995 0.6641255605381166 0.02717391304347826 0.02242152466367713
160 0.4861111111111111 0.7237668161434978 0.030193236714975844 0.02242152466367713
106 0.8532608695652174 0.10022421524663677 0.03743961352657005 0.02376681614349776
58 0.5301932367149759 0.23811659192825113 0.033816425120772944 0.019730941704035873
22 0.6799516908212561 0.24192825112107624 0.026570048309178744 0.026457399103139014
99 0.543780193236715 0.2085201793721973 0.019927536231884056 0.021524663677130046
22 0.241243961352657 0.6096412556053812 0.025966183574879228 0.01748878923766816
22 0.6742149758454107 0.12713004484304932 0.02717391304347826 0.02466367713004484
200 0.8218599033816425 0.35650224215246634 0.01932367149758454 0.016143497757847534
200 0.6253019323671497 0.5538116591928252 0.0320048309178744 0.02062780269058296
160 0.5335144927536232 0.6419282511210762 0.029589371980676328 0.019282511210762333
76 0.7572463768115942 0.5515695067264574 0.03743961352657005 0.036771300448430494
7 0.6086956521739131 0.15246636771300448 0.025362318840579712 0.019730941704035873
99 0.7644927536231884 0.46838565022421524 0.01932367149758454 0.021076233183856503
211 0.5434782608695652 0.3201793721973094 0.01932367149758454 0.01883408071748879
22 0.161231884057971 0.46905829596412557 0.022946859903381644 0.019730941704035873
118 0.2798913043478261 0.4647982062780269 0.03804347826086957 0.02197309417040359
211 0.3813405797101449 0.6652466367713005 0.017512077294685992 0.019282511210762333
211 0.36292270531400966 0.5497757847533632 0.014492753623188406 0.01883408071748879
7 0.23822463768115942 0.4067264573991031 0.028381642512077296 0.02780269058295964
118 0.4245169082125604 0.4679372197309417 0.036231884057971016 0.02376681614349776
58 0.8517512077294686 0.6988789237668162 0.04045893719806763 0.01748878923766816
22 0.8197463768115942 0.49506726457399103 0.022342995169082124 0.02242152466367713
22 0.4954710144927536 0.4103139013452915 0.03321256038647343 0.023318385650224215
224 0.7185990338164251 0.381390134529148 0.027777777777777776 0.020179372197309416
168 0.11020531400966184 0.6298206278026905 0.030797101449275364 0.04439461883408072
149 0.8713768115942029 0.12802690582959642 0.030193236714975844 0.020179372197309416
211 0.8439009661835749 0.4094170403587444 0.016304347826086956 0.01883408071748879
185 0.7309782608695652 0.09820627802690583 0.03321256038647343 0.019730941704035873
7 0.6204710144927537 0.12533632286995516 0.034420289855072464 0.026457399103139014
185 0.15428743961352656 0.49865470852017935 0.029589371980676328 0.030493273542600896
99 0.8100845410628019 0.4383408071748879 0.021135265700483092 0.02197309417040359
76 0.8007246376811594 0.2446188340807175 0.042270531400966184 0.03811659192825112
200 0.8227657004830918 0.3271300448430493 0.019927536231884056 0.022869955156950672
7 0.16606280193236714 0.6360986547085202 0.025362318840579712 0.01748878923766816
32 0.25422705314009664 0.5217488789237669 0.028985507246376812 0.018385650224215247
211 0.8182367149758454 0.6681614349775785 0.016908212560386472 0.02062780269058296
149 0.5957125603864735 0.5244394618834081 0.0320048309178744 0.01569506726457399
106 0.29679951690821255 0.5798206278026906 0.041666666666666664 0.02062780269058296
185 0.601147342995169 0.610762331838565 0.029589371980676328 0.02062780269058296
106 0.5301932367149759 0.12645739910313902 0.03140096618357488 0.021524663677130046
211 0.5848429951690821 0.3804932735426009 0.018719806763285024 0.02197309417040359
7 0.4667874396135266 0.6098654708520179 0.027777777777777776 0.019730941704035873
211 0.7569444444444444 0.5800448430493274 0.021135265700483092 0.020179372197309416
22 0.5730676328502415 0.18228699551569508 0.026570048309178744 0.02466367713004484
22 0.3155193236714976 0.5508968609865471 0.024758454106280192 0.01748878923766816
211 0.3451086956521739 0.5795964125560538 0.021135265700483092 0.02197309417040359
119 0.5060386473429952 0.6401345291479821 0.033816425120772944 0.019282511210762333
110 0.5845410628019324 0.7242152466367713 0.022946859903381644 0.02062780269058296
7 0.5585748792270532 0.23811659192825113 0.028985507246376812 0.019730941704035873
211 0.5830314009661836 0.611659192825112 0.015096618357487922 0.019730941704035873
44 0.9148550724637681 0.638340807174888 0.043478260869565216 0.020179372197309416
200 0.446256038647343 0.5834080717488789 0.027777777777777776 0.01883408071748879
185 0.25271739130434784 0.35896860986547086 0.028381642512077296 0.021076233183856503
211 0.5797101449275363 0.23811659192825113 0.013285024154589372 0.021524663677130046
118 0.6413043478260869 0.29641255605381167 0.033816425120772944 0.01883408071748879
200 0.8508454106280193 0.43811659192825114 0.026570048309178744 0.017937219730941704
7 0.44172705314009664 0.6645739910313901 0.02355072463768116 0.023318385650224215
224 0.5498188405797102 0.18206278026905828 0.02355072463768116 0.02242152466367713
7 0.4272342995169082 0.1266816143497758 0.028381642512077296 0.020179372197309416
99 0.947463768115942 0.6396860986547085 0.020531400966183576 0.02197309417040359
224 0.5495169082125604 0.5542600896860986 0.021739130434782608 0.02062780269058296
160 0.18961352657004832 0.6356502242152466 0.028985507246376812 0.018385650224215247
7 0.6530797101449275 0.27085201793721975 0.028381642512077296 0.01883408071748879
22 0.3100845410628019 0.7242152466367713 0.024758454106280192 0.02062780269058296
22 0.8864734299516909 0.15605381165919283 0.024154589371980676 0.021524663677130046
224 0.7527173913043478 0.612780269058296 0.028381642512077296 0.018385650224215247
7 0.8553743961352657 0.21367713004484304 0.028381642512077296 0.021076233183856503
200 0.23520531400966183 0.46502242152466366 0.025966183574879228 0.0242152466367713
211 0.6642512077294686 0.523542600896861 0.013285024154589372 0.020179372197309416
22 0.5782004830917874 0.2679372197309417 0.02355072463768116 0.02197309417040359
119 0.8707729468599034 0.5515695067264574 0.035024154589371984 0.0242152466367713
224 0.5344202898550725 0.7239910313901345 0.021739130434782608 0.021076233183856503
211 0.23701690821256038 0.4365470852017937 0.034420289855072464 0.021076233183856503
7 0.8982487922705314 0.6975336322869955 0.02717391304347826 0.021076233183856503
118 0.9121376811594203 0.13094170403587443 0.03804347826086957 0.019730941704035873
224 0.5851449275362319 0.697085201793722 0.027777777777777776 0.02197309417040359
7 0.5501207729468599 0.4103139013452915 0.033816425120772944 0.02242152466367713
13 0.21890096618357488 0.6091928251121076 0.02717391304347826 0.020179372197309416
7 0.8206521739130435 0.12847533632286995 0.03260869565217391 0.019282511210762333
118 0.45471014492753625 0.6403587443946188 0.028985507246376812 0.01883408071748879
99 0.8807367149758454 0.384304932735426 0.022342995169082124 0.02062780269058296
16 0.2980072463768116 0.4928251121076233 0.042874396135265704 0.0242152466367713
22 0.22554347826086957 0.3560538116591928 0.025966183574879228 0.01883408071748879
22 0.8182367149758454 0.7013452914798206 0.022946859903381644 0.017937219730941704
224 0.648852657004831 0.09910313901345291 0.024758454106280192 0.02062780269058296
200 0.7817028985507246 0.09887892376681615 0.021135265700483092 0.01748878923766816
200 0.6856884057971014 0.5242152466367713 0.024758454106280192 0.02242152466367713
224 0.6497584541062802 0.552914798206278 0.028985507246376812 0.01883408071748879
200 0.15579710144927536 0.7201793721973094 0.021739130434782608 0.01883408071748879
200 0.8381642512077294 0.6710762331838565 0.024154589371980676 0.01748878923766816
22 0.5344202898550725 0.2697309417040359 0.020531400966183576 0.021076233183856503
200 0.46980676328502413 0.38542600896860985 0.022946859903381644 0.019282511210762333
185 0.47282608695652173 0.5840807174887892 0.026570048309178744 0.01748878923766816
22 0.7560386473429952 0.15695067264573992 0.021739130434782608 0.02062780269058296
160 0.2617753623188406 0.6078475336322869 0.028381642512077296 0.021076233183856503
7 0.509963768115942 0.43946188340807174 0.029589371980676328 0.02242152466367713
160 0.20772946859903382 0.6659192825112108 0.027777777777777776 0.017937219730941704
176 0.6376811594202898 0.15336322869955157 0.03140096618357488 0.02062780269058296
22 0.595108695652174 0.32309417040358746 0.034420289855072464 0.02376681614349776
44 0.21829710144927536 0.5513452914798206 0.0392512077294686 0.018385650224215247
7 0.4722222222222222 0.5242152466367713 0.028985507246376812 0.02242152466367713
13 0.9082125603864735 0.5800448430493274 0.022946859903381644 0.018385650224215247
200 0.8653381642512077 0.40896860986547084 0.021739130434782608 0.01883408071748879
99 0.19021739130434784 0.6914798206278027 0.024154589371980676 0.023318385650224215
118 0.782608695652174 0.15829596412556055 0.03260869565217391 0.02242152466367713
224 0.6189613526570048 0.4103139013452915 0.028985507246376812 0.021524663677130046
224 0.8608091787439613 0.5807174887892377 0.025966183574879228 0.019730941704035873
58 0.717391304347826 0.5538116591928252 0.043478260869565216 0.02062780269058296
118 0.7318840579710145 0.6421524663677131 0.033816425120772944 0.01883408071748879
8 0.48339371980676327 0.4367713004484305 0.025966183574879228 0.0242152466367713
106 0.6844806763285024 0.32466367713004485 0.03804347826086957 0.02242152466367713
58 0.30978260869565216 0.5210762331838565 0.035024154589371984 0.019730941704035873
118 0.2551328502415459 0.5502242152466368 0.035628019323671496 0.019730941704035873
44 0.08454106280193237 0.7226457399103139 0.03864734299516908 0.019282511210762333
8 0.7711352657004831 0.7026905829596413 0.024154589371980676 0.021524663677130046
119 0.47644927536231885 0.1836322869955157 0.025362318840579712 0.021076233183856503
32 0.428743961352657 0.18161434977578475 0.028985507246376812 0.02062780269058296
160 0.6147342995169082 0.35269058295964123 0.028985507246376812 0.021076233183856503
224 0.20018115942028986 0.6087443946188341 0.019927536231884056 0.021076233183856503
118 0.9085144927536232 0.437219730941704 0.035628019323671496 0.021524663677130046
22 0.6582125603864735 0.4959641255605381 0.022946859903381644 0.019730941704035873
6 0.6585144927536232 0.4369955156950673 0.02355072463768116 0.02376681614349776
211 0.830012077294686 0.4365470852017937 0.013888888888888888 0.02197309417040359
160 0.5280797101449275 0.1827354260089686 0.024758454106280192 0.021076233183856503
160 0.726147342995169 0.3538116591928251 0.02355072463768116 0.019730941704035873
185 0.605072463768116 0.5834080717488789 0.024154589371980676 0.01883408071748879
44 0.6672705314009661 0.5827354260089687 0.036231884057971016 0.021076233183856503
32 0.8659420289855072 0.4659192825112108 0.025362318840579712 0.02242152466367713
224 0.2678140096618358 0.7239910313901345 0.021135265700483092 0.019282511210762333
149 0.669987922705314 0.3831838565022421 0.028381642512077296 0.02466367713004484
118 0.8321256038647343 0.6367713004484304 0.030193236714975844 0.017937219730941704
224 0.48943236714975846 0.152914798206278 0.025966183574879228 0.021524663677130046
211 0.623792270531401 0.6103139013452915 0.018115942028985508 0.017937219730941704
44 0.37167874396135264 0.6964125560538117 0.044082125603864736 0.016143497757847534
224 0.38919082125603865 0.6381165919282511 0.021135265700483092 0.017937219730941704
44 0.15670289855072464 0.6917040358744395 0.044082125603864736 0.018385650224215247
118 0.857487922705314 0.7228699551569506 0.033816425120772944 0.017937219730941704
200 0.8586956521739131 0.6387892376681614 0.024154589371980676 0.018385650224215247
200 0.5730676328502415 0.4977578475336323 0.021739130434782608 0.017937219730941704
22 0.33756038647342995 0.5228699551569507 0.020531400966183576 0.019730941704035873
200 0.6410024154589372 0.32242152466367713 0.024758454106280192 0.017937219730941704
44 0.4067028985507246 0.43408071748878924 0.03321256038647343 0.016143497757847534
99 0.366243961352657 0.46524663677130046 0.029589371980676328 0.02376681614349776
13 0.3973429951690821 0.15179372197309418 0.022946859903381644 0.02466367713004484
118 0.4643719806763285 0.46995515695067264 0.03985507246376811 0.02242152466367713
22 0.20229468599033817 0.7224215246636772 0.025362318840579712 0.01883408071748879
211 0.5341183574879227 0.6975336322869955 0.021135265700483092 0.021076233183856503
6 0.6126207729468599 0.6975336322869955 0.028381642512077296 0.021076233183856503
224 0.4082125603864734 0.6390134529147982 0.020531400966183576 0.02062780269058296
160 0.39371980676328505 0.5786995515695067 0.03140096618357488 0.018385650224215247
119 0.5670289855072463 0.3179372197309417 0.027777777777777776 0.019730941704035873
13 0.6183574879227053 0.323542600896861 0.033816425120772944 0.018385650224215247
16 0.1403985507246377 0.46838565022421524 0.022342995169082124 0.021076233183856503
224 0.41455314009661837 0.5226457399103139 0.017512077294685992 0.020179372197309416
160 0.5 0.5831838565022421 0.03260869565217391 0.019282511210762333
160 0.5987318840579711 0.20829596412556053 0.025966183574879228 0.01748878923766816
22 0.8058574879227053 0.7255605381165919 0.02355072463768116 0.017937219730941704
7 0.4692028985507246 0.5531390134529148 0.028985507246376812 0.020179372197309416
211 0.3991545893719807 0.6082959641255605 0.014492753623188406 0.018385650224215247
32 0.8940217391304348 0.21278026905829597 0.02355072463768116 0.021076233183856503
224 0.5703502415458938 0.6663677130044843 0.019927536231884056 0.017937219730941704
118 0.5618961352657005 0.5260089686098655 0.034420289855072464 0.021524663677130046
211 0.6283212560386473 0.6401345291479821 0.021135265700483092 0.02197309417040359
224 0.8671497584541062 0.32825112107623317 0.022946859903381644 0.01883408071748879
149 0.391304347826087 0.5208520179372197 0.028985507246376812 0.020179372197309416
99 0.7503019323671497 0.3242152466367713 0.02355072463768116 0.02062780269058296
211 0.4230072463768116 0.2390134529147982 0.016304347826086956 0.0242152466367713
106 0.6005434782608695 0.6396860986547085 0.03321256038647343 0.019282511210762333
118 0.4335748792270531 0.7219730941704036 0.03260869565217391 0.023318385650224215
58 0.2783816425120773 0.4358744394618834 0.04710144927536232 0.017040358744394617
200 0.5114734299516909 0.5542600896860986 0.022946859903381644 0.01883408071748879
200 0.8291062801932367 0.7248878923766816 0.020531400966183576 0.016591928251121078
22 0.26419082125603865 0.5791479820627803 0.028381642512077296 0.019282511210762333
106 0.42089371980676327 0.5798206278026906 0.03140096618357488 0.019730941704035873
16 0.5480072463768116 0.49573991031390136 0.029589371980676328 0.021076233183856503
211 0.21980676328502416 0.2934977578475336 0.03864734299516908 0.020179372197309416
110 0.9281400966183575 0.1836322869955157 0.027777777777777776 0.019282511210762333
22 0.3278985507246377 0.4912556053811659 0.028985507246376812 0.020179372197309416
119 0.5332125603864735 0.297085201793722 0.03985507246376811 0.01748878923766816
211 0.7092391304347826 0.4966367713004484 0.017512077294685992 0.016591928251121078
200 0.4830917874396135 0.26928251121076235 0.024154589371980676 0.020179372197309416
32 0.6485507246376812 0.3524663677130045 0.036231884057971016 0.023318385650224215
32 0.5948067632850241 0.12354260089686099 0.028985507246376812 0.021076233183856503
211 0.3771135265700483 0.4910313901345291 0.016304347826086956 0.021524663677130046
200 0.6431159420289855 0.6114349775784753 0.020531400966183576 0.020179372197309416
118 0.6820652173913043 0.6704035874439462 0.02355072463768116 0.017937219730941704
168 0.9320652173913043 0.545067264573991 0.042874396135265704 0.028251121076233184
32 0.5428743961352657 0.15201793721973095 0.035024154589371984 0.021524663677130046
200 0.8798309178743962 0.35739910313901346 0.03140096618357488 0.017937219730941704
160 0.36443236714975846 0.7221973094170404 0.021135265700483092 0.019282511210762333
22 0.8861714975845411 0.581390134529148 0.02355072463768116 0.018385650224215247
8 0.38405797101449274 0.5515695067264574 0.027777777777777776 0.01883408071748879
22 0.42995169082125606 0.5230941704035874 0.01932367149758454 0.02197309417040359
32 0.44414251207729466 0.5540358744394619 0.028381642512077296 0.019282511210762333
13 0.4692028985507246 0.4098654708520179 0.025362318840579712 0.028699551569506727
32 0.15670289855072464 0.6071748878923767 0.030797101449275364 0.019730941704035873
185 0.6651570048309179 0.18408071748878924 0.035628019323671496 0.02197309417040359
160 0.9586352657004831 0.18475336322869956 0.02355072463768116 0.026905829596412557
13 0.7747584541062802 0.611659192825112 0.030193236714975844 0.01883408071748879
224 0.49728260869565216 0.5269058295964125 0.024758454106280192 0.017040358744394617
149 0.4148550724637681 0.5517937219730942 0.035024154589371984 0.02197309417040359
13 0.28109903381642515 0.6365470852017937 0.028381642512077296 0.016591928251121078
32 0.6126207729468599 0.38071748878923767 0.034420289855072464 0.023318385650224215
200 0.48128019323671495 0.6405829596412556 0.025362318840579712 0.019282511210762333
211 0.6938405797101449 0.38161434977578473 0.016908212560386472 0.02062780269058296
200 0.5123792270531401 0.7242152466367713 0.024758454106280192 0.02062780269058296
13 0.12198067632850242 0.694170403587444 0.030193236714975844 0.026905829596412557
224 0.8429951690821256 0.1289237668161435 0.020531400966183576 0.019282511210762333
32 0.5972222222222222 0.5535874439461883 0.033816425120772944 0.019282511210762333
224 0.4544082125603865 0.331390134529148 0.021135265700483092 0.01883408071748879
7 0.8900966183574879 0.4661434977578475 0.03140096618357488 0.022869955156950672
44 0.4151570048309179 0.2695067264573991 0.02355072463768116 0.02242152466367713
118 0.8233695652173914 0.5224215246636771 0.035628019323671496 0.017040358744394617
58 0.5211352657004831 0.41053811659192824 0.021739130434782608 0.026457399103139014
22 0.5549516908212561 0.439237668161435 0.030193236714975844 0.019282511210762333
22 0.6971618357487923 0.07152466367713005 0.024758454106280192 0.02197309417040359
22 0.18568840579710144 0.5517937219730942 0.024758454106280192 0.021076233183856503
106 0.8179347826086957 0.4663677130044843 0.03321256038647343 0.019730941704035873
99 0.3423913043478261 0.5517937219730942 0.022946859903381644 0.020179372197309416
224 0.9018719806763285 0.5224215246636771 0.02717391304347826 0.019730941704035873
106 0.8010265700483091 0.3831838565022421 0.04045893719806763 0.019282511210762333
200 0.571256038647343 0.2103139013452915 0.030193236714975844 0.02062780269058296
118 0.8369565217391305 0.18654708520179372 0.036231884057971016 0.01883408071748879
106 0.28894927536231885 0.5508968609865471 0.03683574879227053 0.019282511210762333
99 0.7397342995169082 0.1242152466367713 0.018115942028985508 0.026905829596412557
22 0.9326690821256038 0.4094170403587444 0.028381642512077296 0.019730941704035873
22 0.9012681159420289 0.49372197309417043 0.022342995169082124 0.019730941704035873
211 0.4885265700483092 0.5535874439461883 0.01570048309178744 0.019282511210762333
58 0.5640096618357487 0.6412556053811659 0.03864734299516908 0.019730941704035873
118 0.8614130434782609 0.2452914798206278 0.035628019323671496 0.021524663677130046
22 0.32669082125603865 0.5804932735426009 0.024154589371980676 0.01748878923766816
106 0.30585748792270534 0.6959641255605381 0.0392512077294686 0.017937219730941704
211 0.8472222222222222 0.4661434977578475 0.018115942028985508 0.02197309417040359
149 0.7871376811594203 0.581390134529148 0.0320048309178744 0.018385650224215247
185 0.6980676328502415 0.4139013452914798 0.024154589371980676 0.029596412556053813
99 0.7364130434782609 0.584304932735426 0.019927536231884056 0.02062780269058296
200 0.5283816425120773 0.4979820627802691 0.024154589371980676 0.018385650224215247
99 0.3366545893719807 0.6663677130044843 0.024758454106280192 0.01883408071748879
149 0.7856280193236715 0.07443946188340807 0.03260869565217391 0.02780269058295964
7 0.7678140096618358 0.3827354260089686 0.030797101449275364 0.018385650224215247
224 0.7907608695652174 0.21367713004484304 0.028381642512077296 0.02197309417040359
16 0.5039251207729468 0.32690582959641257 0.03321256038647343 0.023318385650224215
7 0.7318840579710145 0.6701793721973094 0.03743961352657005 0.02197309417040359
224 0.720108695652174 0.07219730941704036 0.035628019323671496 0.021524663677130046
176 0.7653985507246377 0.6717488789237668 0.03321256038647343 0.015246636771300448
118 0.7898550724637681 0.12802690582959642 0.026570048309178744 0.02466367713004484
7 0.4927536231884058 0.3004484304932735 0.028985507246376812 0.021524663677130046
211 0.5153985507246377 0.6672645739910313 0.015096618357487922 0.01883408071748879
200 0.3810386473429952 0.6094170403587444 0.020531400966183576 0.017937219730941704
58 0.7663043478260869 0.24103139013452915 0.022946859903381644 0.02197309417040359
22 0.866243961352657 0.18699551569506725 0.02717391304347826 0.021524663677130046
7 0.6727053140096618 0.5535874439461883 0.03260869565217391 0.018385650224215247
22 0.31219806763285024 0.6087443946188341 0.03260869565217391 0.019282511210762333
22 0.23550724637681159 0.6943946188340807 0.01932367149758454 0.018385650224215247
118 0.3988526570048309 0.12713004484304932 0.0320048309178744 0.020179372197309416
185 0.6799516908212561 0.2713004484304933 0.03260869565217391 0.023318385650224215
99 0.9160628019323671 0.4661434977578475 0.024154589371980676 0.02197309417040359
118 0.44233091787439616 0.2677130044843049 0.02717391304347826 0.021524663677130046
160 0.21920289855072464 0.5219730941704036 0.027777777777777776 0.019730941704035873
118 0.6751207729468599 0.6991031390134529 0.03260869565217391 0.01883408071748879
99 0.9130434782608695 0.15582959641255606 0.026570048309178744 0.021076233183856503
119 0.7943840579710145 0.7002242152466368 0.024758454106280192 0.01748878923766816
22 0.501207729468599 0.18408071748878924 0.025362318840579712 0.02197309417040359
176 0.8786231884057971 0.4943946188340807 0.024154589371980676 0.021076233183856503
99 0.35507246376811596 0.4930493273542601 0.024154589371980676 0.02466367713004484
200 0.6521739130434783 0.7239910313901345 0.027777777777777776 0.021076233183856503
200 0.6458333333333334 0.5248878923766817 0.024758454106280192 0.018385650224215247
118 0.5857487922705314 0.4383408071748879 0.03743961352657005 0.019282511210762333
7 0.28291062801932365 0.5210762331838565 0.028381642512077296 0.02062780269058296
211 0.36292270531400966 0.6087443946188341 0.018115942028985508 0.020179372197309416
8 0.6216787439613527 0.07152466367713005 0.028381642512077296 0.02376681614349776
211 0.8263888888888888 0.10067264573991032 0.017512077294685992 0.02197309417040359
13 0.7593599033816425 0.0710762331838565 0.035628019323671496 0.018385650224215247
224 0.6065821256038647 0.4688340807174888 0.025966183574879228 0.02197309417040359
99 0.3372584541062802 0.6975336322869955 0.021135265700483092 0.019282511210762333
58 0.4381038647342995 0.38699551569506724 0.04045893719806763 0.017937219730941704
6 0.7327898550724637 0.21367713004484304 0.02355072463768116 0.018385650224215247
13 0.40217391304347827 0.697085201793722 0.025362318840579712 0.016591928251121078
106 0.7940821256038647 0.49484304932735423 0.033816425120772944 0.018385650224215247
224 0.25664251207729466 0.6369955156950673 0.024154589371980676 0.01569506726457399
13 0.8855676328502415 0.7181614349775785 0.028381642512077296 0.019282511210762333
211 0.5181159420289855 0.5262331838565022 0.014492753623188406 0.018385650224215247
32 0.8251811594202898 0.5522421524663678 0.030797101449275364 0.021076233183856503
200 0.8309178743961353 0.38408071748878925 0.025362318840579712 0.020179372197309416
118 0.8967391304347826 0.18654708520179372 0.035024154589371984 0.021524663677130046
22 0.643719806763285 0.6995515695067265 0.028985507246376812 0.02062780269058296
13 0.2883454106280193 0.723542600896861 0.024758454106280192 0.018385650224215247
22 0.4746376811594203 0.3291479820627803 0.022946859903381644 0.017040358744394617
118 0.5054347826086957 0.3556053811659193 0.033816425120772944 0.017040358744394617
22 0.9441425120772947 0.15582959641255606 0.0320048309178744 0.025560538116591928
58 0.6268115942028986 0.26883408071748877 0.03743961352657005 0.022869955156950672
119 0.6397946859903382 0.3829596412556054 0.030797101449275364 0.025112107623318385
32 0.34057971014492755 0.7204035874439462 0.035024154589371984 0.018385650224215247
200 0.46105072463768115 0.20919282511210763 0.025966183574879228 0.020179372197309416
149 0.5434782608695652 0.6668161434977579 0.03864734299516908 0.01883408071748879
106 0.4447463768115942 0.6098654708520179 0.029589371980676328 0.02062780269058296
44 0.8004227053140096 0.610762331838565 0.035628019323671496 0.015246636771300448
200 0.8777173913043478 0.5221973094170403 0.025966183574879228 0.018385650224215247
22 0.3100845410628019 0.46367713004484307 0.029589371980676328 0.021524663677130046
7 0.6373792270531401 0.1827354260089686 0.030797101449275364 0.021076233183856503
32 0.7222222222222222 0.32443946188340805 0.028985507246376812 0.02376681614349776
6 0.46467391304347827 0.6659192825112108 0.028381642512077296 0.021524663677130046
106 0.6908212560386473 0.20896860986547086 0.03260869565217391 0.02062780269058296
6 0.561292270531401 0.3798206278026906 0.034420289855072464 0.0242152466367713
200 0.6277173913043478 0.23766816143497757 0.02355072463768116 0.023318385650224215
118 0.6035628019323671 0.18385650224215247 0.03683574879227053 0.02242152466367713
185 0.5585748792270532 0.35044843049327357 0.026570048309178744 0.02197309417040359
110 0.9045893719806763 0.38408071748878925 0.025362318840579712 0.02376681614349776
211 0.9190821256038647 0.49349775784753364 0.014492753623188406 0.020179372197309416
160 0.8614130434782609 0.6697309417040359 0.028381642512077296 0.022869955156950672
106 0.7170893719806763 0.5244394618834081 0.035628019323671496 0.019282511210762333
149 0.4230072463768116 0.35896860986547086 0.042874396135265704 0.020179372197309416
13 0.21588164251207728 0.634304932735426 0.025966183574879228 0.016591928251121078
118 0.23218599033816426 0.4943946188340807 0.028381642512077296 0.020179372197309416
200 0.42330917874396135 0.6968609865470852 0.022946859903381644 0.01883408071748879
22 0.7294685990338164 0.46860986547085204 0.025362318840579712 0.019730941704035873
119 0.6730072463768116 0.07062780269058296 0.025966183574879228 0.021076233183856503
22 0.5815217391304348 0.5838565022421525 0.026570048309178744 0.019730941704035873
6 0.16032608695652173 0.5515695067264574 0.0320048309178744 0.02062780269058296
