185 0.2357219827586207 0.2510330578512397 0.03609913793103448 0.04442148760330578
58 0.1400862068965517 0.49044421487603307 0.04310344827586207 0.038739669421487606
224 0.2920258620689655 0.2605888429752066 0.01939655172413793 0.03770661157024793
211 0.2103987068965517 0.2515495867768595 0.017780172413793104 0.05165289256198347
185 0.11988146551724138 0.8566632231404959 0.03178879310344827 0.03667355371900827
44 0.21551724137931033 0.862603305785124 0.029094827586206896 0.03305785123966942
76 0.16298491379310345 0.8607954545454546 0.03502155172413793 0.08212809917355372
211 0.3286637931034483 0.6074380165289256 0.01939655172413793 0.05578512396694215
224 0.4703663793103448 0.6169938016528925 0.03556034482758621 0.05320247933884298
211 0.12015086206896551 0.7902892561983471 0.02586206896551724 0.05268595041322314
211 0.44127155172413796 0.6890495867768595 0.02586206896551724 0.07024793388429752
211 0.24838362068965517 0.32670454545454547 0.032327586206896554 0.06869834710743801
200 0.12904094827586207 0.5482954545454546 0.025323275862068964 0.03254132231404959
149 0.21901939655172414 0.793904958677686 0.03394396551724138 0.038223140495867766
22 0.18265086206896552 0.32076446280991733 0.021551724137931036 0.0371900826446281
13 0.2200969827586207 0.4287190082644628 0.03609913793103448 0.03512396694214876
211 0.15975215517241378 0.7957128099173554 0.017780172413793104 0.05630165289256198
200 0.09617456896551724 0.9134814049586777 0.026400862068965518 0.038739669421487606
22 0.1635237068965517 0.42794421487603307 0.028556034482758622 0.03977272727272727
32 0.3949353448275862 0.6789772727272727 0.03017241379310345 0.05320247933884298
211 0.25592672413793105 0.3837809917355372 0.018318965517241378 0.04855371900826446
118 0.1931573275862069 0.43078512396694213 0.03178879310344827 0.040289256198347105
44 0.29498922413793105 0.7985537190082644 0.047952586206896554 0.03305785123966942
7 0.17672413793103448 0.49328512396694213 0.034482758620689655 0.045454545454545456
224 0.39709051724137934 0.6190599173553719 0.02586206896551724 0.03460743801652893
106 0.08351293103448276 0.6789772727272727 0.040948275862068964 0.03667355371900827
32 0.1567887931034483 0.31585743801652894 0.034482758620689655 0.05526859504132232
185 0.1349676724137931 0.3762913223140496 0.03609913793103448 0.042871900826446284
118 0.08728448275862069 0.6213842975206612 0.04633620689655173 0.04442148760330578
7 0.23706896551724138 0.3760330578512397 0.028017241379310345 0.03305785123966942
200 0.23329741379310345 0.4922520661157025 0.02586206896551724 0.03925619834710744
211 0.2427262931034483 0.42923553719008267 0.018857758620689655 0.0506198347107438
176 0.12257543103448276 0.9129648760330579 0.03933189655172414 0.05010330578512397
211 0.09644396551724138 0.859245867768595 0.016163793103448277 0.05836776859504132
7 0.34698275862068967 0.2572314049586777 0.032327586206896554 0.04132231404958678
118 0.3230064655172414 0.38584710743801653 0.045797413793103446 0.04855371900826446
185 0.18292025862068967 0.7949380165289256 0.03933189655172414 0.038223140495867766
149 0.1322737068965517 0.24586776859504134 0.025323275862068964 0.03925619834710744
211 0.36476293103448276 0.27298553719008267 0.021551724137931036 0.08212809917355372
119 0.15786637931034483 0.2471590909090909 0.03017241379310345 0.04493801652892562
160 0.36799568965517243 0.6854338842975206 0.029094827586206896 0.04338842975206612
44 0.4296875 0.6175103305785123 0.043642241379310345 0.035640495867768594
224 0.14412715517241378 0.7915805785123967 0.02209051724137931 0.042871900826446284
7 0.10398706896551724 0.4302685950413223 0.02693965517241379 0.056818181818181816
200 0.19423491379310345 0.3739669421487603 0.026400862068965518 0.040289256198347105
176 0.10721982758620689 0.5441632231404959 0.040948275862068964 0.04700413223140496
58 0.13469827586206898 0.4287190082644628 0.036637931034482756 0.040289256198347105
224 0.23033405172413793 0.3199896694214876 0.023168103448275863 0.029442148760330578
22 0.11772629310344827 0.6805268595041323 0.03502155172413793 0.04390495867768595
200 0.12742456896551724 0.3143078512396694 0.025323275862068964 0.04493801652892562
211 0.13793103448275862 0.8628615702479339 0.015086206896551725 0.06043388429752066
118 0.2667025862068966 0.49328512396694213 0.04741379310344827 0.04648760330578512
6 0.15140086206896552 0.9155475206611571 0.03017241379310345 0.04803719008264463
76 0.33135775862068967 0.6880165289256198 0.04310344827586207 0.08264462809917356
6 0.31438577586206895 0.2618801652892562 0.03178879310344827 0.04442148760330578
7 0.12607758620689655 0.6216425619834711 0.032327586206896554 0.052169421487603305
22 0.2677801724137931 0.2556818181818182 0.02586206896551724 0.038223140495867766
211 0.21443965517241378 0.37758264462809915 0.014008620689655173 0.05785123966942149
160 0.20635775862068967 0.32670454545454547 0.02586206896551724 0.03667355371900827
200 0.3714978448275862 0.6231921487603306 0.025323275862068964 0.035640495867768594
99 0.2413793103448276 0.8068181818181818 0.03017241379310345 0.045454545454545456
7 0.10748922413793104 0.4930268595041322 0.028556034482758622 0.038739669421487606
22 0.4213362068965517 0.6815599173553719 0.02478448275862069 0.042871900826446284
22 0.16783405172413793 0.37577479338842973 0.03394396551724138 0.04803719008264463
44 0.2847521551724138 0.3822314049586777 0.03933189655172414 0.04132231404958678
99 0.34563577586206895 0.625 0.02209051724137931 0.05578512396694215
224 0.15598060344827586 0.5482954545454546 0.03394396551724138 0.03770661157024793
7 0.18642241379310345 0.24483471074380164 0.03017241379310345 0.04338842975206612
143 0.20851293103448276 0.4909607438016529 0.03987068965517242 0.04183884297520661
118 0.0902478448275862 0.7933884297520661 0.03178879310344827 0.04648760330578512
99 0.18911637931034483 0.87525826446281 0.023706896551724137 0.054235537190082644
