149 0.3143939393939394 0.1352617079889807 0.02904040404040404 0.020385674931129475
58 0.3869949494949495 0.7278236914600551 0.030303030303030304 0.02534435261707989
106 0.38573232323232326 0.32920110192837465 0.027777777777777776 0.021487603305785124
7 0.8863636363636364 0.6173553719008265 0.01893939393939394 0.01928374655647383
211 0.4441287878787879 0.36363636363636365 0.010732323232323232 0.026446280991735537
160 0.8488005050505051 0.3887052341597796 0.017045454545454544 0.017079889807162536
22 0.8418560606060606 0.4699724517906336 0.02335858585858586 0.019834710743801654
22 0.7023358585858586 0.17355371900826447 0.02335858585858586 0.0209366391184573
22 0.38983585858585856 0.30165289256198347 0.022095959595959596 0.01928374655647383
118 0.24621212121212122 0.6322314049586777 0.030303030303030304 0.02809917355371901
118 0.8273358585858586 0.3856749311294766 0.02335858585858586 0.0209366391184573
7 0.45075757575757575 0.334435261707989 0.023989898989898988 0.023140495867768594
119 0.6291035353535354 0.7402203856749311 0.022095959595959596 0.01928374655647383
185 0.3390151515151515 0.856198347107438 0.030303030303030304 0.02203856749311295
200 0.4889520202020202 0.6203856749311295 0.015782828282828284 0.013223140495867768
22 0.5296717171717171 0.45179063360881544 0.022727272727272728 0.023140495867768594
22 0.26988636363636365 0.6336088154269972 0.022095959595959596 0.024242424242424242
7 0.6972853535353535 0.7925619834710744 0.019570707070707072 0.01928374655647383
58 0.43529040404040403 0.39201101928374654 0.032196969696969696 0.022589531680440773
58 0.6180555555555556 0.17768595041322313 0.027777777777777776 0.015977961432506887
200 0.7474747474747475 0.3493112947658402 0.016414141414141416 0.015426997245179064
22 0.5154671717171717 0.36666666666666664 0.018308080808080808 0.020385674931129475
22 0.47853535353535354 0.47823691460055096 0.022727272727272728 0.0209366391184573
13 0.5533459595959596 0.4223140495867769 0.02462121212121212 0.01818181818181818
200 0.32323232323232326 0.4911845730027548 0.01893939393939394 0.022589531680440773
6 0.7244318181818182 0.46088154269972453 0.025883838383838384 0.025895316804407712
160 0.9570707070707071 0.47878787878787876 0.03156565656565657 0.024242424242424242
211 0.9362373737373737 0.11900826446280992 0.011363636363636364 0.02203856749311295
99 0.45738636363636365 0.365564738292011 0.01452020202020202 0.020385674931129475
22 0.8847853535353535 0.24380165289256198 0.022095959595959596 0.021487603305785124
44 0.6477272727272727 0.7123966942148761 0.027777777777777776 0.017630853994490357
6 0.8617424242424242 0.23884297520661157 0.023989898989898988 0.023691460055096418
118 0.4671717171717172 0.3074380165289256 0.025252525252525252 0.01652892561983471
99 0.375 0.8884297520661157 0.01893939393939394 0.021487603305785124
22 0.8402777777777778 0.8809917355371901 0.015151515151515152 0.0209366391184573
211 0.759469696969697 0.9027548209366392 0.011363636363636364 0.02699724517906336
44 0.27714646464646464 0.5118457300275482 0.03156565656565657 0.023140495867768594
7 0.819760101010101 0.2371900826446281 0.02335858585858586 0.020385674931129475
119 0.8469065656565656 0.6702479338842975 0.017045454545454544 0.021487603305785124
22 0.3832070707070707 0.46859504132231405 0.020202020202020204 0.01818181818181818
110 0.48358585858585856 0.8115702479338843 0.013888888888888888 0.019834710743801654
7 0.3816287878787879 0.4143250688705234 0.018308080808080808 0.023140495867768594
200 0.5975378787878788 0.23002754820936638 0.015782828282828284 0.013774104683195593
6 0.29608585858585856 0.8545454545454545 0.020202020202020204 0.024242424242424242
13 0.3181818181818182 0.34793388429752065 0.026515151515151516 0.024793388429752067
200 0.3885732323232323 0.27575757575757576 0.013257575757575758 0.011570247933884297
118 0.7967171717171717 0.6115702479338843 0.026515151515151516 0.023140495867768594
200 0.3999368686868687 0.49614325068870524 0.01452020202020202 0.015977961432506887
200 0.5287247474747475 0.6209366391184573 0.013257575757575758 0.015426997245179064
7 0.6878156565656566 0.46198347107438015 0.019570707070707072 0.025895316804407712
224 0.5915404040404041 0.1763085399449036 0.022727272727272728 0.015426997245179064
44 0.8914141414141414 0.8322314049586776 0.02904040404040404 0.021487603305785124
13 0.6950757575757576 0.9247933884297521 0.01893939393939394 0.021487603305785124
106 0.5931186868686869 0.8418732782369146 0.025883838383838384 0.019834710743801654
149 0.45265151515151514 0.5278236914600551 0.021464646464646464 0.017630853994490357
58 0.7989267676767676 0.7206611570247934 0.03345959595959596 0.0209366391184573
58 0.5088383838383839 0.6214876033057851 0.022727272727272728 0.018732782369146005
119 0.9195075757575758 0.8837465564738292 0.013257575757575758 0.018732782369146005
185 0.4810606060606061 0.9159779614325069 0.030303030303030304 0.020385674931129475
7 0.6047979797979798 0.10523415977961433 0.027777777777777776 0.024242424242424242
106 0.2922979797979798 0.5699724517906336 0.023989898989898988 0.01928374655647383
211 0.43308080808080807 0.4741046831955923 0.008838383838383838 0.021487603305785124
224 0.29987373737373735 0.7206611570247934 0.01893939393939394 0.0209366391184573
22 0.6376262626262627 0.5426997245179064 0.021464646464646464 0.018732782369146005
224 0.9043560606060606 0.21322314049586777 0.019570707070707072 0.015426997245179064
211 0.8083964646464646 0.5531680440771349 0.010732323232323232 0.026446280991735537
118 0.9169823232323232 0.8330578512396695 0.020833333333333332 0.018732782369146005
176 0.5981691919191919 0.26143250688705233 0.020833333333333332 0.021487603305785124
185 0.3712121212121212 0.668870523415978 0.036616161616161616 0.03305785123966942
7 0.31660353535353536 0.8548209366391185 0.022095959595959596 0.023691460055096418
6 0.8885732323232324 0.18154269972451792 0.019570707070707072 0.021487603305785124
99 0.4255050505050505 0.3349862258953168 0.023989898989898988 0.023140495867768594
7 0.9343434343434344 0.5900826446280992 0.016414141414141416 0.024242424242424242
200 0.3768939393939394 0.8589531680440772 0.015151515151515152 0.015426997245179064
22 0.2471590909090909 0.4052341597796143 0.027146464646464648 0.022589531680440773
200 0.3207070707070707 0.4636363636363636 0.017676767676767676 0.01818181818181818
22 0.8686868686868687 0.20826446280991737 0.01893939393939394 0.017630853994490357
7 0.75 0.659228650137741 0.015151515151515152 0.022589531680440773
7 0.8693181818181818 0.9305785123966942 0.021464646464646464 0.02203856749311295
224 0.579229797979798 0.28457300275482095 0.020833333333333332 0.015977961432506887
118 0.7525252525252525 0.5212121212121212 0.022727272727272728 0.017630853994490357
32 0.5590277777777778 0.621763085399449 0.02462121212121212 0.023691460055096418
224 0.40309343434343436 0.5818181818181818 0.018308080808080808 0.015426997245179064
7 0.2831439393939394 0.8267217630853995 0.017045454545454544 0.021487603305785124
106 0.6818181818181818 0.1721763085399449 0.022727272727272728 0.020385674931129475
13 0.8184974747474747 0.2953168044077135 0.020833333333333332 0.0209366391184573
200 0.7746212121212122 0.5793388429752067 0.020202020202020204 0.023691460055096418
160 0.7209595959595959 0.9022038567493113 0.023989898989898988 0.02809917355371901
7 0.2758838383838384 0.09972451790633609 0.027777777777777776 0.026446280991735537
22 0.7279040404040404 0.10633608815426997 0.023989898989898988 0.026446280991735537
6 0.9277146464646465 0.4482093663911846 0.017045454545454544 0.024793388429752067
200 0.7474747474747475 0.8771349862258954 0.016414141414141416 0.02203856749311295
211 0.7844065656565656 0.23388429752066114 0.013257575757575758 0.021487603305785124
22 0.9681186868686869 0.4256198347107438 0.02335858585858586 0.022589531680440773
149 0.8746843434343434 0.8584022038567493 0.022095959595959596 0.024242424242424242
119 0.8125 0.6661157024793388 0.016414141414141416 0.0209366391184573
99 0.4428661616161616 0.5581267217630854 0.015782828282828284 0.019834710743801654
118 0.9122474747474747 0.668870523415978 0.025252525252525252 0.019834710743801654
160 0.2743055555555556 0.32203856749311294 0.03345959595959596 0.021487603305785124
58 0.45012626262626265 0.7261707988980717 0.03282828282828283 0.023140495867768594
149 0.5246212121212122 0.7859504132231405 0.022727272727272728 0.01928374655647383
118 0.7146464646464646 0.7159779614325069 0.025252525252525252 0.024793388429752067
200 0.48200757575757575 0.334435261707989 0.011994949494949494 0.017630853994490357
200 0.24179292929292928 0.8823691460055096 0.020202020202020204 0.013774104683195593
160 0.46275252525252525 0.5578512396694215 0.023989898989898988 0.021487603305785124
13 0.8923611111111112 0.8600550964187328 0.019570707070707072 0.019834710743801654
200 0.615530303030303 0.25840220385674934 0.013888888888888888 0.014325068870523415
200 0.7935606060606061 0.46115702479338844 0.022727272727272728 0.024242424242424242
200 0.369949494949495 0.6964187327823691 0.016414141414141416 0.015426997245179064
22 0.5 0.8887052341597796 0.01893939393939394 0.019834710743801654
99 0.5056818181818182 0.6771349862258953 0.013888888888888888 0.0209366391184573
13 0.6047979797979798 0.1465564738292011 0.015151515151515152 0.024242424242424242
106 0.8358585858585859 0.3600550964187328 0.02904040404040404 0.023691460055096418
106 0.4438131313131313 0.8630853994490358 0.023989898989898988 0.020385674931129475
143 0.7105429292929293 0.7462809917355372 0.029671717171717172 0.030303030303030304
224 0.3068181818181818 0.18760330578512396 0.025252525252525252 0.015977961432506887
99 0.5375631313131313 0.3972451790633609 0.015782828282828284 0.018732782369146005
22 0.983270202020202 0.7545454545454545 0.017045454545454544 0.020385674931129475
224 0.5659722222222222 0.3134986225895317 0.018308080808080808 0.01652892561983471
58 0.77114898989899 0.46115702479338844 0.027146464646464648 0.02203856749311295
7 0.8816287878787878 0.471900826446281 0.022095959595959596 0.01818181818181818
7 0.5618686868686869 0.5388429752066116 0.01893939393939394 0.018732782369146005
7 0.7143308080808081 0.6570247933884298 0.020833333333333332 0.022589531680440773
224 0.8869949494949495 0.6705234159779614 0.012626262626262626 0.0209366391184573
13 0.8560606060606061 0.8809917355371901 0.016414141414141416 0.017630853994490357
58 0.492739898989899 0.3672176308539945 0.029671717171717172 0.01928374655647383
8 0.6998106060606061 0.3760330578512397 0.020833333333333332 0.02809917355371901
99 0.5492424242424242 0.5137741046831956 0.016414141414141416 0.021487603305785124
118 0.36553030303030304 0.7515151515151515 0.020202020202020204 0.018732782369146005
200 0.7146464646464646 0.34490358126721765 0.016414141414141416 0.017630853994490357
200 0.7146464646464646 0.7707988980716254 0.013888888888888888 0.011019283746556474
110 0.6584595959595959 0.8754820936639118 0.016414141414141416 0.018732782369146005
176 0.5568181818181818 0.7606060606060606 0.026515151515151516 0.01818181818181818
224 0.7654671717171717 0.2622589531680441 0.020833333333333332 0.018732782369146005
44 0.836489898989899 0.8292011019283747 0.027777777777777776 0.019834710743801654
106 0.9277146464646465 0.3972451790633609 0.020833333333333332 0.0209366391184573
160 0.41919191919191917 0.1396694214876033 0.022727272727272728 0.017079889807162536
6 0.6303661616161617 0.6264462809917355 0.013257575757575758 0.024242424242424242
118 0.9747474747474747 0.3432506887052342 0.022727272727272728 0.018732782369146005
22 0.5773358585858586 0.25922865013774105 0.017045454545454544 0.01928374655647383
13 0.8140782828282829 0.8283746556473829 0.018308080808080808 0.022589531680440773
118 0.4217171717171717 0.8867768595041322 0.023989898989898988 0.020385674931129475
224 0.5751262626262627 0.2024793388429752 0.017676767676767676 0.021487603305785124
224 0.7339015151515151 0.6570247933884298 0.017045454545454544 0.021487603305785124
32 0.5309343434343434 0.6487603305785123 0.025252525252525252 0.024793388429752067
200 0.31660353535353536 0.37988980716253445 0.017045454545454544 0.015977961432506887
22 0.9463383838383839 0.3977961432506887 0.017676767676767676 0.0209366391184573
118 0.8289141414141414 0.5553719008264463 0.026515151515151516 0.023140495867768594
224 0.32733585858585856 0.7765840220385675 0.015782828282828284 0.017079889807162536
22 0.4365530303030303 0.9132231404958677 0.018308080808080808 0.022589531680440773
32 0.41035353535353536 0.552892561983471 0.023989898989898988 0.025895316804407712
13 0.3371212121212121 0.2440771349862259 0.027777777777777776 0.018732782369146005
22 0.7945075757575758 0.5512396694214876 0.015782828282828284 0.01928374655647383
211 0.29640151515151514 0.8269972451790634 0.013257575757575758 0.024242424242424242
44 0.7569444444444444 0.7710743801652893 0.025252525252525252 0.01487603305785124
22 0.3630050505050505 0.4928374655647383 0.020202020202020204 0.020385674931129475
211 0.9191919191919192 0.21542699724517905 0.011363636363636364 0.02203856749311295
118 0.8642676767676768 0.8314049586776859 0.023989898989898988 0.0209366391184573
118 0.6111111111111112 0.28512396694214875 0.022727272727272728 0.01818181818181818
13 0.9128787878787878 0.7005509641873279 0.020202020202020204 0.021487603305785124
13 0.7525252525252525 0.2049586776859504 0.015151515151515152 0.019834710743801654
22 0.553030303030303 0.8674931129476584 0.023989898989898988 0.01928374655647383
211 0.5861742424242424 0.78732782369146 0.017045454545454544 0.023140495867768594
149 0.5183080808080808 0.31019283746556475 0.025252525252525252 0.018732782369146005
224 0.2749368686868687 0.4859504132231405 0.022095959595959596 0.019834710743801654
110 0.7329545454545454 0.7961432506887053 0.016414141414141416 0.0209366391184573
106 0.8096590909090909 0.9052341597796143 0.020833333333333332 0.018732782369146005
99 0.9914772727272727 0.2900826446280992 0.013257575757575758 0.022589531680440773
44 0.3595328282828283 0.44214876033057854 0.029671717171717172 0.020385674931129475
76 0.6268939393939394 0.6548209366391184 0.023989898989898988 0.02699724517906336
224 0.8065025252525253 0.49504132231404957 0.018308080808080808 0.017079889807162536
176 0.8806818181818182 0.7283746556473829 0.030303030303030304 0.02975206611570248
211 0.8102904040404041 0.6349862258953168 0.011994949494949494 0.023691460055096418
58 0.7657828282828283 0.14517906336088154 0.027777777777777776 0.023691460055096418
44 0.24873737373737373 0.43553719008264463 0.036616161616161616 0.01818181818181818
99 0.6158459595959596 0.6016528925619835 0.015782828282828284 0.02203856749311295
200 0.6786616161616161 0.8473829201101928 0.016414141414141416 0.017630853994490357
7 0.28535353535353536 0.21349862258953167 0.020202020202020204 0.015977961432506887
224 0.53125 0.5622589531680441 0.017045454545454544 0.015977961432506887
211 0.4384469696969697 0.5831955922865014 0.008207070707070708 0.01818181818181818
99 0.26515151515151514 0.7212121212121212 0.01893939393939394 0.024242424242424242
211 0.3503787878787879 0.40853994490358125 0.010101010101010102 0.024793388429752067
118 0.2547348484848485 0.26831955922865014 0.02335858585858586 0.019834710743801654
32 0.4551767676767677 0.7002754820936639 0.023989898989898988 0.031955922865013774
7 0.507260101010101 0.14269972451790633 0.017045454545454544 0.0209366391184573
185 0.2481060606060606 0.5179063360881543 0.027777777777777776 0.027548209366391185
224 0.32544191919191917 0.5735537190082645 0.019570707070707072 0.015426997245179064
22 0.8607954545454546 0.728099173553719 0.020833333333333332 0.030303030303030304
168 0.24589646464646464 0.6027548209366391 0.037247474747474744 0.04077134986225895
224 0.3298611111111111 0.3256198347107438 0.019570707070707072 0.017630853994490357
185 0.45801767676767674 0.10633608815426997 0.025883838383838384 0.02534435261707989
58 0.2720959595959596 0.15922865013774104 0.03282828282828283 0.018732782369146005
149 0.46085858585858586 0.78099173553719 0.020202020202020204 0.020385674931129475
149 0.5400883838383839 0.1746556473829201 0.02462121212121212 0.017630853994490357
22 0.6521464646464646 0.6269972451790634 0.023989898989898988 0.024242424242424242
58 0.9624368686868687 0.3694214876033058 0.030934343434343436 0.022589531680440773
13 0.28914141414141414 0.13305785123966943 0.027777777777777776 0.021487603305785124
32 0.5943813131313131 0.5683195592286502 0.022095959595959596 0.025895316804407712
185 0.4024621212121212 0.8586776859504133 0.020833333333333332 0.023691460055096418
119 0.9195075757575758 0.153168044077135 0.020833333333333332 0.024242424242424242
224 0.2673611111111111 0.13443526170798897 0.02335858585858586 0.017630853994490357
110 0.4807449494949495 0.39035812672176307 0.015782828282828284 0.020385674931129475
22 0.6202651515151515 0.3159779614325069 0.022095959595959596 0.021487603305785124
22 0.728219696969697 0.7429752066115702 0.019570707070707072 0.023691460055096418
7 0.6369949494949495 0.20165289256198346 0.025252525252525252 0.01652892561983471
13 0.9384469696969697 0.731129476584022 0.020833333333333332 0.027548209366391185
7 0.5088383838383839 0.7057851239669422 0.021464646464646464 0.02203856749311295
200 0.5751262626262627 0.6245179063360882 0.015151515151515152 0.013774104683195593
160 0.43970959595959597 0.30633608815427 0.022095959595959596 0.015426997245179064
211 0.49053030303030304 0.7019283746556474 0.013888888888888888 0.0418732782369146
32 0.7657828282828283 0.29366391184573004 0.020202020202020204 0.018732782369146005
44 0.2471590909090909 0.5396694214876033 0.029671717171717172 0.023691460055096418
99 0.7073863636363636 0.6898071625344353 0.015782828282828284 0.0209366391184573
211 0.8873106060606061 0.5289256198347108 0.00946969696969697 0.023140495867768594
44 0.5454545454545454 0.7341597796143251 0.030303030303030304 0.024793388429752067
99 0.4337121212121212 0.6743801652892562 0.016414141414141416 0.02534435261707989
200 0.48547979797979796 0.5303030303030303 0.015151515151515152 0.012672176308539946
22 0.9106691919191919 0.18457300275482094 0.018308080808080808 0.0209366391184573
211 0.9305555555555556 0.33911845730027546 0.013888888888888888 0.025895316804407712
99 0.773989898989899 0.8027548209366391 0.013888888888888888 0.02203856749311295
224 0.8405934343434344 0.2396694214876033 0.022095959595959596 0.015426997245179064
200 0.915719696969697 0.33746556473829203 0.013257575757575758 0.01487603305785124
44 0.9551767676767676 0.45151515151515154 0.03787878787878788 0.01818181818181818
118 0.5220959595959596 0.7330578512396694 0.022727272727272728 0.024793388429752067
211 0.411300505050505 0.4953168044077135 0.008207070707070708 0.019834710743801654
149 0.4046717171717172 0.8057851239669421 0.026515151515151516 0.020385674931129475
58 0.9138257575757576 0.27575757575757576 0.028409090909090908 0.022589531680440773
22 0.5707070707070707 0.8410468319559229 0.020202020202020204 0.01818181818181818
13 0.7720959595959596 0.23443526170798898 0.017676767676767676 0.015977961432506887
22 0.32007575757575757 0.8027548209366391 0.01893939393939394 0.019834710743801654
106 0.24494949494949494 0.6920110192837465 0.023989898989898988 0.026446280991735537
200 0.79135101010101 0.49559228650137743 0.015782828282828284 0.01487603305785124
7 0.2635732323232323 0.7757575757575758 0.020833333333333332 0.027548209366391185
22 0.39867424242424243 0.13663911845730028 0.019570707070707072 0.0209366391184573
211 0.31376262626262624 0.4380165289256198 0.012626262626262626 0.02534435261707989
118 0.7992424242424242 0.412396694214876 0.026515151515151516 0.025895316804407712
211 0.8696338383838383 0.8815426997245179 0.013257575757575758 0.02203856749311295
22 0.57260101010101 0.5661157024793388 0.022727272727272728 0.020385674931129475
211 0.3055555555555556 0.7479338842975206 0.015151515151515152 0.021487603305785124
149 0.65625 0.39834710743801655 0.02335858585858586 0.0209366391184573
22 0.7815656565656566 0.353168044077135 0.016414141414141416 0.018732782369146005
7 0.3409090909090909 0.35482093663911846 0.01893939393939394 0.0209366391184573
200 0.6152146464646465 0.7636363636363637 0.020833333333333332 0.0209366391184573
176 0.2831439393939394 0.24380165289256198 0.03598484848484849 0.020385674931129475
58 0.7531565656565656 0.10771349862258953 0.027777777777777776 0.021487603305785124
99 0.7989267676767676 0.6942148760330579 0.015782828282828284 0.027548209366391185
118 0.5344065656565656 0.3677685950413223 0.019570707070707072 0.01928374655647383
118 0.7660984848484849 0.8501377410468319 0.022095959595959596 0.019834710743801654
160 0.5445075757575758 0.2537190082644628 0.02335858585858586 0.020385674931129475
211 0.8727904040404041 0.6699724517906336 0.011994949494949494 0.027548209366391185
211 0.5476641414141414 0.5369146005509642 0.017045454545454544 0.02809917355371901
149 0.2809343434343434 0.26831955922865014 0.022727272727272728 0.017630853994490357
6 0.5978535353535354 0.7856749311294766 0.021464646464646464 0.023140495867768594
119 0.9375 0.15564738292011018 0.023989898989898988 0.025895316804407712
224 0.7095959595959596 0.2865013774104683 0.016414141414141416 0.017630853994490357
58 0.3071338383838384 0.5159779614325068 0.030934343434343436 0.015977961432506887
44 0.5148358585858586 0.33581267217630856 0.025883838383838384 0.017079889807162536
7 0.34627525252525254 0.5754820936639119 0.02335858585858586 0.01928374655647383
44 0.35858585858585856 0.8297520661157025 0.030303030303030304 0.017630853994490357
211 0.5416666666666666 0.6214876033057851 0.011363636363636364 0.02534435261707989
211 0.6903409090909091 0.7418732782369146 0.011994949494949494 0.023691460055096418
106 0.41571969696969696 0.9140495867768595 0.02335858585858586 0.023140495867768594
13 0.3213383838383838 0.9118457300275482 0.023989898989898988 0.018732782369146005
149 0.4753787878787879 0.22424242424242424 0.020202020202020204 0.017630853994490357
149 0.4996843434343434 0.7584022038567493 0.019570707070707072 0.015977961432506887
13 0.9772727272727273 0.25730027548209367 0.008838383838383838 0.017630853994490357
22 0.632260101010101 0.2859504132231405 0.019570707070707072 0.018732782369146005
200 0.6003787878787878 0.5942148760330579 0.016414141414141416 0.021487603305785124
99 0.4220328282828283 0.781267217630854 0.015782828282828284 0.024242424242424242
22 0.7244318181818182 0.2 0.019570707070707072 0.018732782369146005
118 0.9191919191919192 0.7300275482093664 0.027777777777777776 0.026446280991735537
58 0.24621212121212122 0.46143250688705234 0.026515151515151516 0.022589531680440773
7 0.4908459595959596 0.6793388429752066 0.022095959595959596 0.03526170798898071
176 0.8724747474747475 0.4482093663911846 0.025252525252525252 0.01928374655647383
22 0.696969696969697 0.31735537190082647 0.013888888888888888 0.018732782369146005
13 0.7960858585858586 0.2068870523415978 0.026515151515151516 0.022589531680440773
110 0.3854166666666667 0.7779614325068871 0.018308080808080808 0.018732782369146005
106 0.24400252525252525 0.07052341597796143 0.02462121212121212 0.02975206611570248
58 0.7080176767676768 0.2283746556473829 0.032196969696969696 0.020385674931129475
6 0.9169823232323232 0.368870523415978 0.015782828282828284 0.022589531680440773
7 0.8731060606060606 0.7542699724517906 0.021464646464646464 0.0209366391184573
7 0.9188762626262627 0.5038567493112948 0.022095959595959596 0.022589531680440773
99 0.3645833333333333 0.7804407713498622 0.015782828282828284 0.023691460055096418
118 0.8759469696969697 0.9052341597796143 0.025883838383838384 0.019834710743801654
99 0.7077020202020202 0.4327823691460055 0.021464646464646464 0.020385674931129475
22 0.8172348484848485 0.10578512396694215 0.02462121212121212 0.02534435261707989
211 0.858270202020202 0.9035812672176309 0.013257575757575758 0.027548209366391185
32 0.5514520202020202 0.1399449035812672 0.027146464646464648 0.03305785123966942
13 0.69760101010101 0.6581267217630854 0.021464646464646464 0.022589531680440773
119 0.8547979797979798 0.5840220385674931 0.01893939393939394 0.0209366391184573
118 0.9043560606060606 0.5559228650137741 0.061237373737373736 0.024242424242424242
99 0.5921717171717171 0.6264462809917355 0.01893939393939394 0.0209366391184573
13 0.43686868686868685 0.4512396694214876 0.020202020202020204 0.0209366391184573
149 0.43623737373737376 0.25179063360881543 0.020202020202020204 0.023140495867768594
211 0.473800505050505 0.1396694214876033 0.01452020202020202 0.025895316804407712
58 0.7948232323232324 0.5798898071625345 0.02904040404040404 0.024793388429752067
224 0.2689393939393939 0.5680440771349863 0.017676767676767676 0.015426997245179064
22 0.5653409090909091 0.3393939393939394 0.027146464646464648 0.0209366391184573
118 0.6581439393939394 0.9206611570247933 0.02335858585858586 0.019834710743801654
13 0.2809343434343434 0.9085399449035813 0.01893939393939394 0.0209366391184573
44 0.41382575757575757 0.44490358126721763 0.030934343434343436 0.020385674931129475
99 0.7266414141414141 0.2603305785123967 0.013888888888888888 0.022589531680440773
224 0.39551767676767674 0.9121212121212121 0.018308080808080808 0.01818181818181818
119 0.3039772727272727 0.2696969696969697 0.025883838383838384 0.01928374655647383
211 0.4703282828282828 0.7308539944903581 0.012626262626262626 0.02809917355371901
13 0.8374368686868687 0.32727272727272727 0.018308080808080808 0.0209366391184573
7 0.33238636363636365 0.5184573002754821 0.025883838383838384 0.018732782369146005
6 0.5574494949494949 0.681267217630854 0.021464646464646464 0.030303030303030304
22 0.8939393939393939 0.4473829201101928 0.01893939393939394 0.0209366391184573
200 0.6556186868686869 0.3435261707988981 0.02335858585858586 0.021487603305785124
200 0.5684974747474747 0.4212121212121212 0.01452020202020202 0.015977961432506887
7 0.8469065656565656 0.6132231404958678 0.013257575757575758 0.018732782369146005
7 0.27872474747474746 0.6002754820936639 0.028409090909090908 0.021487603305785124
211 0.8595328282828283 0.11267217630853994 0.018308080808080808 0.02809917355371901
44 0.3188131313131313 0.6628099173553719 0.02904040404040404 0.024242424242424242
99 0.5707070707070707 0.14738292011019283 0.012626262626262626 0.021487603305785124
185 0.8882575757575758 0.3925619834710744 0.022727272727272728 0.023691460055096418
22 0.8434343434343434 0.26749311294765843 0.020202020202020204 0.01928374655647383
211 0.3611111111111111 0.8038567493112948 0.012626262626262626 0.0209366391184573
7 0.7291666666666666 0.28760330578512394 0.020202020202020204 0.0209366391184573
7 0.3465909090909091 0.7741046831955923 0.021464646464646464 0.02203856749311295
176 0.6991792929292929 0.34683195592286503 0.02335858585858586 0.029201101928374655
99 0.8358585858585859 0.6170798898071626 0.012626262626262626 0.02203856749311295
211 0.3888888888888889 0.8586776859504133 0.012626262626262626 0.020385674931129475
118 0.7916666666666666 0.10964187327823692 0.023989898989898988 0.019834710743801654
22 0.6022727272727273 0.6534435261707989 0.023989898989898988 0.02534435261707989
200 0.42803030303030304 0.5559228650137741 0.015151515151515152 0.013223140495867768
149 0.5325126262626263 0.5068870523415978 0.020833333333333332 0.02534435261707989
224 0.8352272727272727 0.6964187327823691 0.015151515151515152 0.0209366391184573
118 0.4494949494949495 0.8338842975206612 0.022727272727272728 0.01818181818181818
160 0.40309343434343436 0.5242424242424243 0.028409090909090908 0.023691460055096418
32 0.4236111111111111 0.7509641873278237 0.020202020202020204 0.02203856749311295
160 0.2989267676767677 0.10330578512396695 0.019570707070707072 0.022589531680440773
118 0.9068813131313131 0.6184573002754821 0.022095959595959596 0.020385674931129475
118 0.8686868686868687 0.39146005509641874 0.021464646464646464 0.01818181818181818
211 0.4422348484848485 0.1071625344352617 0.00946969696969697 0.03140495867768595
32 0.6679292929292929 0.45895316804407715 0.022727272727272728 0.0209366391184573
200 0.860479797979798 0.6694214876033058 0.012626262626262626 0.014325068870523415
118 0.7152777777777778 0.5449035812672176 0.022727272727272728 0.017630853994490357
185 0.6259469696969697 0.7104683195592286 0.017045454545454544 0.02699724517906336
200 0.6401515151515151 0.17713498622589532 0.015151515151515152 0.013774104683195593
224 0.5205176767676768 0.25013774104683195 0.02335858585858586 0.02203856749311295
7 0.9823232323232324 0.4019283746556474 0.01893939393939394 0.01818181818181818
6 0.24021464646464646 0.800275482093664 0.037247474747474744 0.025895316804407712
224 0.9283459595959596 0.6449035812672176 0.011994949494949494 0.013774104683195593
106 0.4880050505050505 0.6493112947658403 0.025252525252525252 0.025895316804407712
118 0.33428030303030304 0.8831955922865014 0.025883838383838384 0.02534435261707989
149 0.26452020202020204 0.7443526170798898 0.022727272727272728 0.01652892561983471
160 0.5577651515151515 0.28457300275482095 0.027146464646464648 0.01818181818181818
224 0.726010101010101 0.49366391184573005 0.015151515151515152 0.017630853994490357
200 0.8633207070707071 0.4983471074380165 0.01452020202020202 0.01487603305785124
13 0.5378787878787878 0.7052341597796143 0.020202020202020204 0.024242424242424242
200 0.42613636363636365 0.22203856749311296 0.016414141414141416 0.012121212121212121
168 0.430239898989899 0.5292011019283747 0.025883838383838384 0.03691460055096419
22 0.6224747474747475 0.1465564738292011 0.020202020202020204 0.02203856749311295
99 0.4990530303030303 0.5881542699724518 0.015782828282828284 0.022589531680440773
118 0.6098484848484849 0.20385674931129477 0.027777777777777776 0.023140495867768594
99 0.7146464646464646 0.796969696969697 0.016414141414141416 0.023691460055096418
119 0.4551767676767677 0.25234159779614324 0.020202020202020204 0.023140495867768594
211 0.59375 0.2834710743801653 0.011994949494949494 0.021487603305785124
44 0.8589015151515151 0.5542699724517907 0.03345959595959596 0.023140495867768594
22 0.6158459595959596 0.7851239669421488 0.018308080808080808 0.0209366391184573
119 0.7013888888888888 0.20275482093663913 0.02904040404040404 0.018732782369146005
58 0.4510732323232323 0.22258953168044077 0.029671717171717172 0.018732782369146005
7 0.8996212121212122 0.1137741046831956 0.020202020202020204 0.024793388429752067
8 0.24400252525252525 0.7490358126721763 0.028409090909090908 0.025895316804407712
32 0.5397727272727273 0.8887052341597796 0.025252525252525252 0.02534435261707989
22 0.32702020202020204 0.2699724517906336 0.022727272727272728 0.019834710743801654
106 0.8712121212121212 0.3322314049586777 0.021464646464646464 0.02203856749311295
118 0.8405934343434344 0.7236914600550964 0.02335858585858586 0.02809917355371901
13 0.6180555555555556 0.8716253443526171 0.021464646464646464 0.02534435261707989
160 0.276199494949495 0.3760330578512397 0.028409090909090908 0.022589531680440773
13 0.8068181818181818 0.2650137741046832 0.021464646464646464 0.02203856749311295
200 0.2828282828282828 0.718457300275482 0.015151515151515152 0.018732782369146005
118 0.5261994949494949 0.7592286501377411 0.027146464646464648 0.0209366391184573
7 0.5691287878787878 0.512396694214876 0.02335858585858586 0.02203856749311295
118 0.5047348484848485 0.22699724517906336 0.028409090909090908 0.017630853994490357
32 0.8652146464646465 0.471900826446281 0.02335858585858586 0.021487603305785124
160 0.9359217171717171 0.37107438016528926 0.022095959595959596 0.01818181818181818
13 0.7054924242424242 0.4024793388429752 0.02462121212121212 0.025895316804407712
7 0.7351641414141414 0.5460055096418733 0.020833333333333332 0.0209366391184573
160 0.6373106060606061 0.8738292011019284 0.02335858585858586 0.0209366391184573
22 0.3491161616161616 0.2716253443526171 0.01893939393939394 0.019834710743801654
32 0.4715909090909091 0.618732782369146 0.027777777777777776 0.023140495867768594
160 0.29766414141414144 0.6027548209366391 0.030934343434343436 0.018732782369146005
6 0.5886994949494949 0.9159779614325069 0.02462121212121212 0.029201101928374655
200 0.8440656565656566 0.9041322314049587 0.015151515151515152 0.015426997245179064
224 0.8525883838383839 0.6977961432506887 0.011994949494949494 0.021487603305785124
22 0.773989898989899 0.20578512396694215 0.022727272727272728 0.020385674931129475
99 0.9043560606060606 0.9333333333333333 0.017045454545454544 0.027548209366391185
58 0.5729166666666666 0.22865013774104684 0.034722222222222224 0.017630853994490357
22 0.9535984848484849 0.728099173553719 0.019570707070707072 0.023691460055096418
200 0.8222853535353535 0.14793388429752066 0.01452020202020202 0.015977961432506887
200 0.31470959595959597 0.6914600550964187 0.015782828282828284 0.017630853994490357
110 0.9005681818181818 0.7831955922865014 0.020833333333333332 0.023691460055096418
13 0.8203914141414141 0.8559228650137741 0.017045454545454544 0.021487603305785124
118 0.6145833333333334 0.5432506887052342 0.02335858585858586 0.018732782369146005
22 0.34122474747474746 0.9104683195592287 0.020833333333333332 0.022589531680440773
99 0.9024621212121212 0.33746556473829203 0.011994949494949494 0.022589531680440773
185 0.3860479797979798 0.16473829201101928 0.02335858585858586 0.023140495867768594
22 0.3630050505050505 0.8575757575757575 0.026515151515151516 0.021487603305785124
200 0.4807449494949495 0.4184573002754821 0.013257575757575758 0.01487603305785124
200 0.77114898989899 0.5231404958677686 0.01452020202020202 0.01487603305785124
22 0.5637626262626263 0.5933884297520661 0.017676767676767676 0.019834710743801654
200 0.9409722222222222 0.4727272727272727 0.015782828282828284 0.01652892561983471
58 0.3465909090909091 0.1630853994490358 0.030303030303030304 0.017630853994490357
119 0.7155934343434344 0.8484848484848485 0.025883838383838384 0.0209366391184573
58 0.32417929292929293 0.7504132231404959 0.02462121212121212 0.01652892561983471
211 0.4971590909090909 0.3349862258953168 0.01452020202020202 0.02865013774104683
99 0.7632575757575758 0.4090909090909091 0.015151515151515152 0.024793388429752067
7 0.8702651515151515 0.6426997245179064 0.017045454545454544 0.01928374655647383
211 0.829229797979798 0.9297520661157025 0.00946969696969697 0.017079889807162536
22 0.7133838383838383 0.14573002754820938 0.020202020202020204 0.024793388429752067
119 0.9662247474747475 0.7573002754820937 0.020833333333333332 0.024793388429752067
32 0.6742424242424242 0.23057851239669422 0.017676767676767676 0.015977961432506887
176 0.45202020202020204 0.47988980716253443 0.02904040404040404 0.023140495867768594
13 0.4078282828282828 0.6983471074380165 0.023989898989898988 0.023691460055096418
200 0.4264520202020202 0.8071625344352618 0.015782828282828284 0.014325068870523415
118 0.3873106060606061 0.831129476584022 0.02335858585858586 0.020385674931129475
13 0.5773358585858586 0.1046831955922865 0.027146464646464648 0.017630853994490357
13 0.5009469696969697 0.7853994490358127 0.019570707070707072 0.021487603305785124
224 0.4715909090909091 0.17245179063360883 0.025252525252525252 0.017630853994490357
200 0.7032828282828283 0.8977961432506887 0.020202020202020204 0.024793388429752067
224 0.3333333333333333 0.13415977961432507 0.01893939393939394 0.01928374655647383
106 0.5965909090909091 0.7360881542699724 0.020202020202020204 0.023140495867768594
118 0.6720328282828283 0.7143250688705234 0.02335858585858586 0.021487603305785124
22 0.8551136363636364 0.3597796143250689 0.019570707070707072 0.024242424242424242
200 0.5694444444444444 0.7887052341597797 0.01893939393939394 0.01928374655647383
119 0.797979797979798 0.6658402203856749 0.015151515151515152 0.020385674931129475
211 0.4605429292929293 0.8887052341597796 0.011994949494949494 0.02203856749311295
22 0.38983585858585856 0.2443526170798898 0.027146464646464648 0.024793388429752067
32 0.7184343434343434 0.5181818181818182 0.026515151515151516 0.024793388429752067
44 0.6347853535353535 0.8476584022038568 0.025883838383838384 0.022589531680440773
32 0.44349747474747475 0.13774104683195593 0.022095959595959596 0.026446280991735537
200 0.8904671717171717 0.33168044077134984 0.01452020202020202 0.013223140495867768
224 0.6808712121212122 0.39944903581267216 0.022095959595959596 0.023140495867768594
200 0.31849747474747475 0.631404958677686 0.030934343434343436 0.0209366391184573
44 0.6887626262626263 0.5435261707988981 0.027777777777777776 0.01928374655647383
76 0.8661616161616161 0.26914600550964185 0.027777777777777776 0.030303030303030304
7 0.8690025252525253 0.18154269972451792 0.019570707070707072 0.021487603305785124
118 0.5489267676767676 0.78732782369146 0.02335858585858586 0.02203856749311295
7 0.88510101010101 0.4195592286501377 0.01893939393939394 0.01928374655647383
149 0.27051767676767674 0.8013774104683196 0.02335858585858586 0.01928374655647383
160 0.7465277777777778 0.46198347107438015 0.025883838383838384 0.021487603305785124
22 0.8882575757575758 0.5859504132231405 0.020202020202020204 0.021487603305785124
185 0.2951388888888889 0.48925619834710743 0.027146464646464648 0.02534435261707989
149 0.6843434343434344 0.8184573002754821 0.025252525252525252 0.020385674931129475
99 0.3115530303030303 0.546831955922865 0.015782828282828284 0.023691460055096418
110 0.5599747474747475 0.39641873278236917 0.023989898989898988 0.024793388429752067
160 0.29292929292929293 0.3490358126721763 0.017676767676767676 0.01928374655647383
119 0.9513888888888888 0.12038567493112948 0.022727272727272728 0.025895316804407712
13 0.24873737373737373 0.3484848484848485 0.03409090909090909 0.01818181818181818
22 0.46117424242424243 0.39228650137741045 0.022095959595959596 0.018732782369146005
58 0.7803030303030303 0.7721763085399449 0.026515151515151516 0.021487603305785124
13 0.42140151515151514 0.4730027548209366 0.018308080808080808 0.020385674931129475
44 0.38636363636363635 0.6415977961432507 0.02904040404040404 0.022589531680440773
22 0.37941919191919193 0.10495867768595041 0.022727272727272728 0.02699724517906336
106 0.3374368686868687 0.38319559228650135 0.02335858585858586 0.025895316804407712
224 0.8825757575757576 0.8818181818181818 0.015151515151515152 0.021487603305785124
118 0.7970328282828283 0.7471074380165289 0.02462121212121212 0.019834710743801654
22 0.6941287878787878 0.7137741046831956 0.019570707070707072 0.017079889807162536
7 0.6051136363636364 0.5159779614325068 0.015782828282828284 0.022589531680440773
200 0.6521464646464646 0.1415977961432507 0.026515151515151516 0.019834710743801654
58 0.7518939393939394 0.7451790633608816 0.027777777777777776 0.01487603305785124
224 0.9011994949494949 0.474931129476584 0.018308080808080808 0.01652892561983471
6 0.5448232323232324 0.22424242424242424 0.023989898989898988 0.01652892561983471
7 0.4624368686868687 0.8630853994490358 0.019570707070707072 0.021487603305785124
22 0.48390151515151514 0.5862258953168044 0.017045454545454544 0.0209366391184573
22 0.5621843434343434 0.8922865013774105 0.018308080808080808 0.01928374655647383
118 0.8184974747474747 0.3253443526170799 0.018308080808080808 0.017079889807162536
22 0.3538510101010101 0.13663911845730028 0.022095959595959596 0.019834710743801654
106 0.733270202020202 0.7713498622589532 0.02462121212121212 0.0209366391184573
185 0.36174242424242425 0.6060606060606061 0.03156565656565657 0.024242424242424242
22 0.6581439393939394 0.6520661157024793 0.020833333333333332 0.022589531680440773
32 0.2916666666666667 0.8019283746556474 0.01893939393939394 0.021487603305785124
13 0.2840909090909091 0.8815426997245179 0.025252525252525252 0.024242424242424242
22 0.8907828282828283 0.27300275482093667 0.01893939393939394 0.01818181818181818
149 0.5306186868686869 0.4212121212121212 0.029671717171717172 0.01818181818181818
149 0.7720959595959596 0.49476584022038567 0.023989898989898988 0.0209366391184573
160 0.4775883838383838 0.4509641873278237 0.025883838383838384 0.021487603305785124
224 0.7070707070707071 0.8201101928374656 0.01893939393939394 0.017079889807162536
22 0.5833333333333334 0.45234159779614325 0.023989898989898988 0.018732782369146005
211 0.49684343434343436 0.5325068870523416 0.012626262626262626 0.023691460055096418
118 0.7291666666666666 0.878236914600551 0.023989898989898988 0.019834710743801654
58 0.8033459595959596 0.35426997245179065 0.029671717171717172 0.023140495867768594
160 0.26325757575757575 0.8815426997245179 0.03156565656565657 0.019834710743801654
7 0.2708333333333333 0.46115702479338844 0.025252525252525252 0.02203856749311295
118 0.7692550505050505 0.6611570247933884 0.020833333333333332 0.024242424242424242
211 0.7998737373737373 0.8264462809917356 0.010101010101010102 0.0209366391184573
7 0.7077020202020202 0.2556473829201102 0.023989898989898988 0.0209366391184573
118 0.8898358585858586 0.7 0.02335858585858586 0.025895316804407712
200 0.8993055555555556 0.7253443526170799 0.018308080808080808 0.020385674931129475
106 0.40498737373737376 0.22121212121212122 0.02335858585858586 0.01818181818181818
7 0.8178661616161617 0.7493112947658402 0.01452020202020202 0.0209366391184573
7 0.6429924242424242 0.5707988980716253 0.019570707070707072 0.024242424242424242
7 0.6455176767676768 0.6873278236914601 0.020833333333333332 0.020385674931129475
7 0.6452020202020202 0.8991735537190083 0.023989898989898988 0.024242424242424242
7 0.6019570707070707 0.8950413223140495 0.017045454545454544 0.023691460055096418
118 0.4131944444444444 0.6426997245179064 0.022095959595959596 0.024793388429752067
7 0.46559343434343436 0.8071625344352618 0.02335858585858586 0.018732782369146005
118 0.3860479797979798 0.5509641873278237 0.02335858585858586 0.019834710743801654
118 0.27335858585858586 0.40633608815426997 0.026515151515151516 0.01928374655647383
58 0.6849747474747475 0.8771349862258954 0.03409090909090909 0.02203856749311295
119 0.7563131313131313 0.5490358126721763 0.027777777777777776 0.022589531680440773
22 0.4696969696969697 0.8341597796143251 0.021464646464646464 0.0209366391184573
106 0.509469696969697 0.11074380165289256 0.022727272727272728 0.02534435261707989
176 0.9182449494949495 0.11432506887052342 0.02462121212121212 0.021487603305785124
211 0.6578282828282829 0.7920110192837465 0.013888888888888888 0.024793388429752067
13 0.8914141414141414 0.30275482093663914 0.012626262626262626 0.022589531680440773
7 0.2755681818181818 0.3493112947658402 0.017045454545454544 0.019834710743801654
106 0.4043560606060606 0.10633608815426997 0.025883838383838384 0.026446280991735537
119 0.7506313131313131 0.49366391184573005 0.01893939393939394 0.02534435261707989
224 0.7771464646464646 0.4369146005509642 0.016414141414141416 0.01652892561983471
22 0.7569444444444444 0.4349862258953168 0.01893939393939394 0.020385674931129475
224 0.25757575757575757 0.24269972451790633 0.021464646464646464 0.01818181818181818
22 0.6057449494949495 0.4203856749311295 0.02462121212121212 0.0209366391184573
176 0.23768939393939395 0.8294765840220386 0.0422979797979798 0.021487603305785124
22 0.49873737373737376 0.8630853994490358 0.01893939393939394 0.017079889807162536
106 0.4273989898989899 0.6143250688705234 0.025252525252525252 0.0209366391184573
22 0.5782828282828283 0.48457300275482096 0.022727272727272728 0.02699724517906336
118 0.31502525252525254 0.8269972451790634 0.025252525252525252 0.0209366391184573
176 0.7796717171717171 0.8267217630853995 0.036616161616161616 0.021487603305785124
22 0.757260101010101 0.3785123966942149 0.020833333333333332 0.01652892561983471
211 0.704229797979798 0.46170798898071624 0.011994949494949494 0.026446280991735537
149 0.9381313131313131 0.27658402203856747 0.021464646464646464 0.023140495867768594
22 0.5126262626262627 0.5606060606060606 0.022727272727272728 0.01928374655647383
160 0.5078914141414141 0.6517906336088154 0.020833333333333332 0.02203856749311295
160 0.8806818181818182 0.5 0.022727272727272728 0.023691460055096418
224 0.8860479797979798 0.21212121212121213 0.017045454545454544 0.014325068870523415
149 0.48358585858585856 0.10964187327823692 0.021464646464646464 0.024242424242424242
106 0.3333333333333333 0.44104683195592287 0.023989898989898988 0.021487603305785124
160 0.8371212121212122 0.7515151515151515 0.025252525252525252 0.024242424242424242
149 0.41887626262626265 0.19586776859504132 0.022095959595959596 0.023691460055096418
7 0.8358585858585859 0.2955922865013774 0.015151515151515152 0.01928374655647383
6 0.7544191919191919 0.715702479338843 0.022727272727272728 0.02975206611570248
160 0.6625631313131313 0.9008264462809917 0.02462121212121212 0.0209366391184573
160 0.521780303030303 0.706060606060606 0.022095959595959596 0.022589531680440773
224 0.5782828282828283 0.5410468319559228 0.01893939393939394 0.015426997245179064
22 0.6272095959595959 0.3939393939393939 0.027146464646464648 0.02534435261707989
22 0.5978535353535354 0.8694214876033057 0.027777777777777776 0.019834710743801654
7 0.47474747474747475 0.7016528925619835 0.021464646464646464 0.022589531680440773
160 0.6950757575757576 0.8501377410468319 0.025252525252525252 0.018732782369146005
211 0.9387626262626263 0.6454545454545455 0.013888888888888888 0.020385674931129475
6 0.48674242424242425 0.5586776859504132 0.03156565656565657 0.019834710743801654
185 0.36174242424242425 0.4650137741046832 0.025252525252525252 0.02203856749311295
118 0.9349747474747475 0.8608815426997245 0.022727272727272728 0.01928374655647383
119 0.30271464646464646 0.46391184573002753 0.017045454545454544 0.018732782369146005
44 0.6496212121212122 0.4275482093663912 0.025252525252525252 0.019834710743801654
58 0.4602272727272727 0.4192837465564738 0.03409090909090909 0.017630853994490357
106 0.41414141414141414 0.6685950413223141 0.026515151515151516 0.023691460055096418
211 0.8314393939393939 0.6382920110192838 0.007575757575757576 0.01928374655647383
119 0.6906565656565656 0.6289256198347107 0.025252525252525252 0.020385674931129475
160 0.7534722222222222 0.7986225895316804 0.02335858585858586 0.023691460055096418
22 0.5012626262626263 0.8104683195592286 0.01893939393939394 0.019834710743801654
118 0.6044823232323232 0.45179063360881544 0.019570707070707072 0.019834710743801654
200 0.23832070707070707 0.9088154269972452 0.019570707070707072 0.020385674931129475
118 0.9352904040404041 0.5325068870523416 0.022095959595959596 0.01818181818181818
22 0.8639520202020202 0.1493112947658402 0.020833333333333332 0.023140495867768594
185 0.5451388888888888 0.5920110192837466 0.02462121212121212 0.022589531680440773
22 0.42613636363636365 0.10606060606060606 0.020202020202020204 0.024793388429752067
99 0.5833333333333334 0.42451790633608816 0.017676767676767676 0.024793388429752067
7 0.4971590909090909 0.3925619834710744 0.02335858585858586 0.023691460055096418
160 0.4090909090909091 0.7253443526170799 0.025252525252525252 0.023691460055096418
106 0.8090277777777778 0.8035812672176309 0.02335858585858586 0.01818181818181818
22 0.9018308080808081 0.1537190082644628 0.018308080808080808 0.026446280991735537
99 0.7099116161616161 0.6060606060606061 0.01452020202020202 0.02534435261707989
211 0.5874368686868687 0.6493112947658403 0.01452020202020202 0.023691460055096418
200 0.7736742424242424 0.10826446280991736 0.013257575757575758 0.01818181818181818
119 0.5991161616161617 0.7644628099173554 0.01893939393939394 0.01818181818181818
99 0.5877525252525253 0.5162534435261708 0.017676767676767676 0.024242424242424242
185 0.60385101010101 0.6807162534435262 0.025883838383838384 0.02809917355371901
7 0.8077651515151515 0.7754820936639119 0.018308080808080808 0.015977961432506887
22 0.3885732323232323 0.749862258953168 0.018308080808080808 0.01652892561983471
160 0.29577020202020204 0.16143250688705235 0.028409090909090908 0.0209366391184573
44 0.6332070707070707 0.9203856749311294 0.026515151515151516 0.015977961432506887
119 0.28125 0.7768595041322314 0.02335858585858586 0.02865013774104683
149 0.545770202020202 0.20330578512396694 0.02335858585858586 0.019834710743801654
106 0.41571969696969696 0.25234159779614324 0.022095959595959596 0.024242424242424242
224 0.27809343434343436 0.4380165289256198 0.019570707070707072 0.015426997245179064
106 0.6982323232323232 0.7702479338842976 0.021464646464646464 0.019834710743801654
143 0.8484848484848485 0.8055096418732782 0.020202020202020204 0.0209366391184573
7 0.7256944444444444 0.8203856749311295 0.017045454545454544 0.01652892561983471
13 0.3421717171717172 0.49173553719008267 0.022727272727272728 0.020385674931129475
22 0.9071969696969697 0.3928374655647383 0.020202020202020204 0.017630853994490357
211 0.9144570707070707 0.6426997245179064 0.01452020202020202 0.023691460055096418
118 0.45707070707070707 0.9184573002754821 0.023989898989898988 0.02203856749311295
224 0.46811868686868685 0.7559228650137741 0.017045454545454544 0.02203856749311295
211 0.3778409090909091 0.19393939393939394 0.013257575757575758 0.019834710743801654
118 0.5823863636363636 0.8931129476584022 0.019570707070707072 0.0209366391184573
7 0.9053030303030303 0.30247933884297523 0.015151515151515152 0.017630853994490357
143 0.7361111111111112 0.3765840220385675 0.023989898989898988 0.025895316804407712
118 0.4289772727272727 0.16611570247933885 0.018308080808080808 0.021487603305785124
211 0.9226641414141414 0.2994490358126722 0.019570707070707072 0.017079889807162536
185 0.7190656565656566 0.5730027548209367 0.023989898989898988 0.03085399449035813
118 0.5956439393939394 0.3942148760330578 0.034722222222222224 0.024793388429752067
6 0.8529040404040404 0.5253443526170799 0.017676767676767676 0.01928374655647383
224 0.8753156565656566 0.3622589531680441 0.017045454545454544 0.01928374655647383
22 0.9071969696969697 0.2418732782369146 0.023989898989898988 0.027548209366391185
7 0.7168560606060606 0.374931129476584 0.025883838383838384 0.024793388429752067
7 0.26799242424242425 0.6887052341597796 0.02335858585858586 0.018732782369146005
149 0.53125 0.2809917355371901 0.028409090909090908 0.019834710743801654
224 0.7922979797979798 0.5225895316804408 0.016414141414141416 0.021487603305785124
224 0.367739898989899 0.2721763085399449 0.020833333333333332 0.018732782369146005
8 0.5268308080808081 0.5358126721763086 0.020833333333333332 0.023691460055096418
200 0.9356060606060606 0.7008264462809918 0.021464646464646464 0.02203856749311295
22 0.819760101010101 0.6129476584022039 0.017045454545454544 0.020385674931129475
118 0.8276515151515151 0.7768595041322314 0.021464646464646464 0.017630853994490357
118 0.3374368686868687 0.6041322314049586 0.02335858585858586 0.01818181818181818
211 0.37184343434343436 0.24765840220385674 0.013888888888888888 0.023691460055096418
224 0.4090909090909091 0.3859504132231405 0.022727272727272728 0.02699724517906336
149 0.7380050505050505 0.23112947658402203 0.025252525252525252 0.01928374655647383
200 0.47316919191919193 0.3650137741046832 0.015782828282828284 0.01046831955922865
58 0.8267045454545454 0.44297520661157025 0.030934343434343436 0.02203856749311295
200 0.7228535353535354 0.40137741046831954 0.016414141414141416 0.017079889807162536
224 0.6619318181818182 0.5738292011019284 0.02335858585858586 0.025895316804407712
7 0.33112373737373735 0.5432506887052342 0.02462121212121212 0.026446280991735537
211 0.5890151515151515 0.2024793388429752 0.011363636363636364 0.020385674931129475
99 0.2828282828282828 0.7460055096418733 0.013888888888888888 0.0209366391184573
185 0.35700757575757575 0.8840220385674931 0.02462121212121212 0.02699724517906336
224 0.40561868686868685 0.7506887052341598 0.018308080808080808 0.01487603305785124
44 0.4428661616161616 0.6462809917355372 0.027146464646464648 0.02203856749311295
13 0.40372474747474746 0.831129476584022 0.022095959595959596 0.01818181818181818
160 0.7844065656565656 0.14573002754820938 0.018308080808080808 0.020385674931129475
22 0.9608585858585859 0.1584022038567493 0.025252525252525252 0.03140495867768595
149 0.8295454545454546 0.6669421487603305 0.021464646464646464 0.01928374655647383
22 0.4264520202020202 0.36170798898071627 0.02335858585858586 0.017079889807162536
6 0.773989898989899 0.9024793388429752 0.021464646464646464 0.026446280991735537
160 0.72885101010101 0.6035812672176308 0.02462121212121212 0.022589531680440773
13 0.3368055555555556 0.40881542699724516 0.018308080808080808 0.0209366391184573
7 0.29387626262626265 0.5410468319559228 0.018308080808080808 0.023140495867768594
224 0.5325126262626263 0.8388429752066116 0.019570707070707072 0.017079889807162536
224 0.4807449494949495 0.8639118457300275 0.018308080808080808 0.017630853994490357
118 0.6777146464646465 0.42920110192837463 0.027146464646464648 0.019834710743801654
119 0.8213383838383839 0.5275482093663911 0.025252525252525252 0.020385674931129475
224 0.5214646464646465 0.9137741046831956 0.020202020202020204 0.023691460055096418
224 0.6240530303030303 0.10495867768595041 0.019570707070707072 0.02809917355371901
200 0.5233585858585859 0.6798898071625344 0.013888888888888888 0.017630853994490357
22 0.7765151515151515 0.5495867768595041 0.020202020202020204 0.020385674931129475
22 0.4308712121212121 0.7 0.022095959595959596 0.022589531680440773
160 0.26073232323232326 0.9077134986225895 0.027777777777777776 0.021487603305785124
224 0.9005681818181818 0.5322314049586777 0.01452020202020202 0.015426997245179064
7 0.6385732323232324 0.10495867768595041 0.020833333333333332 0.02809917355371901
224 0.5265151515151515 0.14297520661157026 0.020202020202020204 0.021487603305785124
76 0.9655934343434344 0.39972451790633606 0.020833333333333332 0.030303030303030304
149 0.7705176767676768 0.9256198347107438 0.027146464646464648 0.024242424242424242
211 0.7806186868686869 0.481267217630854 0.00946969696969697 0.01818181818181818
106 0.40404040404040403 0.6132231404958678 0.01893939393939394 0.017630853994490357
58 0.4933712121212121 0.8360881542699724 0.02335858585858586 0.020385674931129475
58 0.6606691919191919 0.5429752066115703 0.020833333333333332 0.01487603305785124
224 0.9450757575757576 0.3393939393939394 0.012626262626262626 0.013223140495867768
211 0.8068181818181818 0.44104683195592287 0.010101010101010102 0.024793388429752067
22 0.8317550505050505 0.8038567493112948 0.017045454545454544 0.017630853994490357
119 0.7386363636363636 0.17603305785123968 0.03282828282828283 0.024793388429752067
13 0.29797979797979796 0.325068870523416 0.020202020202020204 0.02203856749311295
200 0.8541666666666666 0.3327823691460055 0.015151515151515152 0.026446280991735537
118 0.8178661616161617 0.46639118457300277 0.02462121212121212 0.020385674931129475
99 0.3639520202020202 0.5801652892561984 0.011994949494949494 0.024242424242424242
118 0.3765782828282828 0.13553719008264462 0.02462121212121212 0.0209366391184573
211 0.5618686868686869 0.2559228650137741 0.008838383838383838 0.01928374655647383
200 0.51010101010101 0.531404958677686 0.013888888888888888 0.013774104683195593
200 0.4551767676767677 0.61267217630854 0.027777777777777776 0.0209366391184573
185 0.48674242424242425 0.7297520661157024 0.023989898989898988 0.024793388429752067
185 0.7951388888888888 0.9278236914600551 0.019570707070707072 0.018732782369146005
119 0.9652777777777778 0.12451790633608815 0.026515151515151516 0.027548209366391185
58 0.509469696969697 0.1743801652892562 0.03787878787878788 0.020385674931129475
211 0.7591540404040404 0.23057851239669422 0.018308080808080808 0.01818181818181818
99 0.6272095959595959 0.5170798898071626 0.017045454545454544 0.024793388429752067
211 0.6328914141414141 0.5696969696969697 0.015782828282828284 0.02865013774104683
224 0.6764520202020202 0.656198347107438 0.015782828282828284 0.01652892561983471
99 0.8636363636363636 0.4190082644628099 0.01893939393939394 0.020385674931129475
110 0.819760101010101 0.4126721763085399 0.022095959595959596 0.03085399449035813
58 0.3614267676767677 0.35730027548209364 0.03851010101010101 0.015977961432506887
7 0.5186237373737373 0.4807162534435262 0.022095959595959596 0.024793388429752067
118 0.3873106060606061 0.44380165289256196 0.02462121212121212 0.01818181818181818
44 0.3974116161616162 0.8859504132231405 0.027146464646464648 0.015426997245179064
6 0.9412878787878788 0.4223140495867769 0.02904040404040404 0.024793388429752067
160 0.54135101010101 0.31129476584022037 0.028409090909090908 0.0209366391184573
211 0.3125 0.3256198347107438 0.012626262626262626 0.024242424242424242
58 0.6685606060606061 0.7396694214876033 0.03409090909090909 0.01928374655647383
211 0.7007575757575758 0.5727272727272728 0.012626262626262626 0.024793388429752067
7 0.44917929292929293 0.27713498622589533 0.020833333333333332 0.018732782369146005
119 0.9491792929292929 0.7559228650137741 0.017045454545454544 0.02203856749311295
118 0.5546085858585859 0.6512396694214876 0.02335858585858586 0.023140495867768594
185 0.6511994949494949 0.7672176308539945 0.018308080808080808 0.01928374655647383
106 0.6811868686868687 0.5746556473829201 0.026515151515151516 0.0209366391184573
22 0.47821969696969696 0.25041322314049586 0.025883838383838384 0.025895316804407712
32 0.5814393939393939 0.5928374655647383 0.021464646464646464 0.02865013774104683
44 0.7806186868686869 0.1743801652892562 0.03345959595959596 0.01818181818181818
200 0.45012626262626265 0.6724517906336088 0.016414141414141416 0.020385674931129475
118 0.6600378787878788 0.8501377410468319 0.02335858585858586 0.02203856749311295
13 0.2922979797979798 0.6617079889807163 0.025252525252525252 0.02534435261707989
7 0.6101641414141414 0.34077134986225893 0.02335858585858586 0.017079889807162536
200 0.7919823232323232 0.9038567493112948 0.015782828282828284 0.017079889807162536
119 0.6294191919191919 0.2578512396694215 0.012626262626262626 0.015426997245179064
6 0.75 0.6914600550964187 0.02904040404040404 0.02534435261707989
22 0.31186868686868685 0.2418732782369146 0.021464646464646464 0.019834710743801654
7 0.7733585858585859 0.60633608815427 0.020202020202020204 0.023691460055096418
7 0.31470959595959597 0.881267217630854 0.022095959595959596 0.01818181818181818
119 0.44349747474747475 0.7559228650137741 0.022095959595959596 0.018732782369146005
200 0.25126262626262624 0.29421487603305785 0.015151515151515152 0.011019283746556474
160 0.6202651515151515 0.6834710743801653 0.02462121212121212 0.024793388429752067
22 0.24589646464646464 0.8537190082644628 0.02462121212121212 0.024793388429752067
22 0.4217171717171717 0.8597796143250689 0.025252525252525252 0.021487603305785124
99 0.6382575757575758 0.1487603305785124 0.010101010101010102 0.02865013774104683
211 0.9232954545454546 0.9325068870523416 0.020833333333333332 0.02809917355371901
211 0.5785984848484849 0.3134986225895317 0.010732323232323232 0.023140495867768594
99 0.32386363636363635 0.16363636363636364 0.025252525252525252 0.026446280991735537
22 0.8320707070707071 0.1790633608815427 0.021464646464646464 0.0209366391184573
224 0.4034090909090909 0.4721763085399449 0.020202020202020204 0.018732782369146005
176 0.4264520202020202 0.5022038567493113 0.029671717171717172 0.017079889807162536
106 0.42424242424242425 0.5831955922865014 0.022727272727272728 0.021487603305785124
160 0.4034090909090909 0.7804407713498622 0.01893939393939394 0.01818181818181818
7 0.38636363636363635 0.5820936639118457 0.017676767676767676 0.01818181818181818
211 0.571969696969697 0.1743801652892562 0.013888888888888888 0.023691460055096418
7 0.5946969696969697 0.5415977961432507 0.020202020202020204 0.019834710743801654
106 0.4696969696969697 0.6727272727272727 0.022727272727272728 0.026446280991735537
211 0.3109217171717172 0.5699724517906336 0.010732323232323232 0.020385674931129475
8 0.6704545454545454 0.48457300275482096 0.02904040404040404 0.03140495867768595
224 0.36332070707070707 0.41074380165289254 0.017045454545454544 0.01928374655647383
22 0.36047979797979796 0.32837465564738294 0.022727272727272728 0.023140495867768594
119 0.2657828282828283 0.8292011019283747 0.025252525252525252 0.019834710743801654
44 0.24779040404040403 0.48512396694214877 0.032196969696969696 0.017079889807162536
200 0.3923611111111111 0.38732782369146007 0.013257575757575758 0.014325068870523415
185 0.45707070707070707 0.5856749311294766 0.03409090909090909 0.023140495867768594
7 0.9450757575757576 0.2509641873278237 0.013888888888888888 0.022589531680440773
32 0.286300505050505 0.29449035812672175 0.02335858585858586 0.025895316804407712
7 0.7850378787878788 0.6622589531680441 0.017045454545454544 0.023140495867768594
185 0.5394570707070707 0.3396694214876033 0.025883838383838384 0.024793388429752067
22 0.64614898989899 0.7388429752066116 0.018308080808080808 0.017630853994490357
118 0.7998737373737373 0.29449035812672175 0.01893939393939394 0.020385674931129475
22 0.7471590909090909 0.2892561983471074 0.018308080808080808 0.01652892561983471
6 0.8061868686868687 0.1418732782369146 0.01893939393939394 0.030303030303030304
13 0.36016414141414144 0.6396694214876033 0.02335858585858586 0.019834710743801654
13 0.4649621212121212 0.33636363636363636 0.022095959595959596 0.021487603305785124
22 0.34595959595959597 0.2983471074380165 0.01893939393939394 0.020385674931129475
185 0.8251262626262627 0.8801652892561983 0.017676767676767676 0.022589531680440773
149 0.69760101010101 0.10743801652892562 0.022727272727272728 0.02865013774104683
7 0.7443181818181818 0.25950413223140495 0.020202020202020204 0.0209366391184573
44 0.9125631313131313 0.8606060606060606 0.027146464646464648 0.0209366391184573
149 0.6410984848484849 0.515702479338843 0.015782828282828284 0.027548209366391185
58 0.5833333333333334 0.709366391184573 0.03282828282828283 0.021487603305785124
118 0.4775883838383838 0.8895316804407714 0.02335858585858586 0.023691460055096418
200 0.5025252525252525 0.731404958677686 0.017676767676767676 0.01046831955922865
76 0.8194444444444444 0.5829201101928375 0.026515151515151516 0.03415977961432507
224 0.6761363636363636 0.7933884297520661 0.020202020202020204 0.017630853994490357
76 0.24526515151515152 0.37245179063360884 0.032196969696969696 0.03746556473829201
106 0.8484848484848485 0.9269972451790633 0.022727272727272728 0.02699724517906336
32 0.9283459595959596 0.2460055096418733 0.018308080808080808 0.029201101928374655
7 0.2490530303030303 0.5672176308539945 0.028409090909090908 0.023691460055096418
211 0.5946969696969697 0.8140495867768595 0.027777777777777776 0.021487603305785124
32 0.5419823232323232 0.9140495867768595 0.022095959595959596 0.027548209366391185
119 0.8513257575757576 0.18264462809917356 0.02335858585858586 0.01928374655647383
118 0.5047348484848485 0.45206611570247934 0.025883838383838384 0.021487603305785124
118 0.7528409090909091 0.60633608815427 0.020833333333333332 0.024793388429752067
13 0.7828282828282829 0.8523415977961433 0.020202020202020204 0.02203856749311295
7 0.24463383838383837 0.6586776859504132 0.02462121212121212 0.023691460055096418
13 0.9242424242424242 0.4768595041322314 0.03409090909090909 0.021487603305785124
13 0.3503787878787879 0.5214876033057851 0.011363636363636364 0.015977961432506887
44 0.7326388888888888 0.4283746556473829 0.029671717171717172 0.020385674931129475
32 0.33428030303030304 0.6947658402203857 0.020833333333333332 0.02865013774104683
200 0.3661616161616162 0.5479338842975207 0.013888888888888888 0.012672176308539946
200 0.5782828282828283 0.6534435261707989 0.021464646464646464 0.02534435261707989
118 0.9422348484848485 0.5055096418732782 0.025883838383838384 0.025895316804407712
99 0.3592171717171717 0.10523415977961433 0.015151515151515152 0.02534435261707989
44 0.8405934343434344 0.20743801652892563 0.034722222222222224 0.022589531680440773
7 0.3188131313131313 0.40578512396694216 0.025252525252525252 0.024793388429752067
224 0.5189393939393939 0.8914600550964187 0.021464646464646464 0.017630853994490357
106 0.35827020202020204 0.1931129476584022 0.025883838383838384 0.01818181818181818
22 0.5003156565656566 0.9151515151515152 0.020833333333333332 0.019834710743801654
13 0.319760101010101 0.10358126721763085 0.02462121212121212 0.02534435261707989
119 0.889520202020202 0.6435261707988981 0.017676767676767676 0.023140495867768594
224 0.9223484848484849 0.590633608815427 0.015151515151515152 0.02203856749311295
118 0.36237373737373735 0.7267217630853995 0.021464646464646464 0.023140495867768594
211 0.3851010101010101 0.6107438016528925 0.010101010101010102 0.017079889807162536
22 0.7136994949494949 0.874931129476584 0.029671717171717172 0.02203856749311295
32 0.5918560606060606 0.34049586776859503 0.022095959595959596 0.02203856749311295
224 0.9059343434343434 0.5892561983471074 0.016414141414141416 0.01818181818181818
118 0.5969065656565656 0.3143250688705234 0.02462121212121212 0.01818181818181818
22 0.7765151515151515 0.7457300275482094 0.017676767676767676 0.021487603305785124
22 0.34595959595959597 0.7509641873278237 0.01893939393939394 0.017630853994490357
118 0.3797348484848485 0.8063360881542699 0.022095959595959596 0.021487603305785124
99 0.29987373737373735 0.6936639118457301 0.013888888888888888 0.024242424242424242
224 0.49936868686868685 0.48016528925619834 0.01893939393939394 0.020385674931129475
13 0.6376262626262627 0.7881542699724517 0.022727272727272728 0.015977961432506887
22 0.67739898989899 0.37134986225895317 0.023989898989898988 0.018732782369146005
118 0.8794191919191919 0.10964187327823692 0.021464646464646464 0.024242424242424242
160 0.8058712121212122 0.8804407713498622 0.022095959595959596 0.02203856749311295
200 0.6796085858585859 0.9223140495867769 0.015782828282828284 0.01652892561983471
224 0.9706439393939394 0.731404958677686 0.015782828282828284 0.021487603305785124
160 0.4431818181818182 0.1975206611570248 0.022727272727272728 0.01928374655647383
224 0.9106691919191919 0.44958677685950416 0.018308080808080808 0.017630853994490357
211 0.9144570707070707 0.531404958677686 0.013257575757575758 0.024793388429752067
106 0.4441287878787879 0.8881542699724518 0.022095959595959596 0.024242424242424242
13 0.5748106060606061 0.8688705234159779 0.02462121212121212 0.02203856749311295
224 0.9498106060606061 0.8818181818181818 0.020833333333333332 0.023691460055096418
224 0.4633838383838384 0.20027548209366391 0.013888888888888888 0.01487603305785124
7 0.7582070707070707 0.32066115702479336 0.023989898989898988 0.02534435261707989
13 0.7780934343434344 0.38016528925619836 0.02335858585858586 0.018732782369146005
118 0.5088383838383839 0.5074380165289256 0.025252525252525252 0.017630853994490357
211 0.8153409090909091 0.9292011019283747 0.017045454545454544 0.02809917355371901
7 0.48327020202020204 0.27823691460055094 0.019570707070707072 0.018732782369146005
7 0.5334595959595959 0.11101928374655648 0.025252525252525252 0.03581267217630854
118 0.9185606060606061 0.9057851239669421 0.02904040404040404 0.027548209366391185
7 0.24873737373737373 0.32011019283746556 0.025252525252525252 0.024242424242424242
118 0.34122474747474746 0.465564738292011 0.02462121212121212 0.018732782369146005
200 0.6950757575757576 0.6019283746556474 0.015151515151515152 0.015977961432506887
211 0.9558080808080808 0.34049586776859503 0.012626262626262626 0.024242424242424242
22 0.44886363636363635 0.17052341597796145 0.01893939393939394 0.01818181818181818
160 0.7755681818181818 0.7206611570247934 0.029671717171717172 0.024242424242424242
224 0.7629419191919192 0.3526170798898072 0.015782828282828284 0.014325068870523415
13 0.8828914141414141 0.15151515151515152 0.018308080808080808 0.02865013774104683
118 0.5028409090909091 0.4203856749311295 0.027146464646464648 0.018732782369146005
7 0.6739267676767676 0.7661157024793388 0.022095959595959596 0.022589531680440773
22 0.5808080808080808 0.6787878787878788 0.023989898989898988 0.031955922865013774
200 0.5123106060606061 0.8371900826446281 0.017045454545454544 0.015977961432506887
22 0.8500631313131313 0.7793388429752066 0.02462121212121212 0.020385674931129475
211 0.45612373737373735 0.7545454545454545 0.00946969696969697 0.012672176308539946
211 0.48200757575757575 0.7556473829201102 0.013257575757575758 0.023691460055096418
224 0.6543560606060606 0.6013774104683196 0.015782828282828284 0.01818181818181818
118 0.5732323232323232 0.737741046831956 0.026515151515151516 0.023140495867768594
22 0.8731060606060606 0.2997245179063361 0.021464646464646464 0.017630853994490357
6 0.2967171717171717 0.4046831955922865 0.020202020202020204 0.021487603305785124
58 0.6679292929292929 0.10964187327823692 0.036616161616161616 0.0209366391184573
118 0.6685606060606061 0.6865013774104683 0.026515151515151516 0.0209366391184573
200 0.4476010101010101 0.5046831955922865 0.01893939393939394 0.018732782369146005
200 0.8702651515151515 0.5856749311294766 0.020833333333333332 0.024242424242424242
149 0.8172348484848485 0.6931129476584023 0.020833333333333332 0.02203856749311295
118 0.553030303030303 0.10853994490358126 0.020202020202020204 0.02865013774104683
22 0.34122474747474746 0.724793388429752 0.02335858585858586 0.022589531680440773
106 0.34311868686868685 0.8044077134986226 0.02462121212121212 0.018732782369146005
32 0.42266414141414144 0.4162534435261708 0.027146464646464648 0.021487603305785124
13 0.5501893939393939 0.5647382920110193 0.02335858585858586 0.0209366391184573
224 0.2724116161616162 0.5407713498622589 0.022095959595959596 0.01928374655647383
7 0.3409090909090909 0.10192837465564739 0.020202020202020204 0.02534435261707989
6 0.55239898989899 0.4815426997245179 0.027777777777777776 0.027548209366391185
99 0.9444444444444444 0.6231404958677685 0.012626262626262626 0.026446280991735537
7 0.7995580808080808 0.237465564738292 0.018308080808080808 0.015426997245179064
185 0.3734217171717172 0.38292011019283745 0.022095959595959596 0.027548209366391185
160 0.9602272727272727 0.3140495867768595 0.021464646464646464 0.017630853994490357
185 0.32575757575757575 0.2950413223140496 0.02904040404040404 0.023691460055096418
118 0.7660984848484849 0.8768595041322315 0.02462121212121212 0.025895316804407712
119 0.39867424242424243 0.41542699724517906 0.015782828282828284 0.024242424242424242
99 0.3506944444444444 0.5493112947658402 0.017045454545454544 0.0209366391184573
106 0.8563762626262627 0.8600550964187328 0.019570707070707072 0.024242424242424242
106 0.7784090909090909 0.3228650137741047 0.022727272727272728 0.018732782369146005
99 0.7660984848484849 0.6336088154269972 0.02462121212121212 0.02203856749311295
106 0.7326388888888888 0.14545454545454545 0.019570707070707072 0.0209366391184573
7 0.48516414141414144 0.5052341597796143 0.020833333333333332 0.017630853994490357
22 0.39172979797979796 0.6663911845730027 0.018308080808080808 0.015977961432506887
22 0.6111111111111112 0.9179063360881543 0.016414141414141416 0.023140495867768594
200 0.5220959595959596 0.20303030303030303 0.016414141414141416 0.012672176308539946
22 0.6139520202020202 0.8440771349862259 0.017045454545454544 0.018732782369146005
58 0.5558712121212122 0.4534435261707989 0.034722222222222224 0.019834710743801654
7 0.5684974747474747 0.8151515151515152 0.025883838383838384 0.023691460055096418
118 0.34627525252525254 0.6674931129476585 0.025883838383838384 0.030303030303030304
200 0.5580808080808081 0.7082644628099174 0.021464646464646464 0.020385674931129475
7 0.3039772727272727 0.29614325068870523 0.019570707070707072 0.017079889807162536
13 0.3835227272727273 0.4953168044077135 0.02335858585858586 0.018732782369146005
106 0.6234217171717171 0.8983471074380165 0.02335858585858586 0.023691460055096418
160 0.6123737373737373 0.6267217630853994 0.022727272727272728 0.020385674931129475
6 0.9507575757575758 0.1884297520661157 0.012626262626262626 0.019834710743801654
211 0.5255681818181818 0.22727272727272727 0.013257575757575758 0.022589531680440773
200 0.6139520202020202 0.7374655647382921 0.015782828282828284 0.01928374655647383
118 0.3143939393939394 0.2159779614325069 0.026515151515151516 0.023140495867768594
200 0.9895833333333334 0.2556473829201102 0.015782828282828284 0.015426997245179064
224 0.444760101010101 0.8074380165289257 0.018308080808080808 0.01818181818181818
118 0.8421717171717171 0.14683195592286502 0.023989898989898988 0.024793388429752067
22 0.7998737373737373 0.38319559228650135 0.020202020202020204 0.023691460055096418
211 0.8042929292929293 0.5223140495867769 0.011363636363636364 0.018732782369146005
224 0.8522727272727273 0.2975206611570248 0.017676767676767676 0.015426997245179064
149 0.5827020202020202 0.7611570247933884 0.022727272727272728 0.01818181818181818
13 0.2828282828282828 0.6920110192837465 0.021464646464646464 0.0209366391184573
224 0.8409090909090909 0.10826446280991736 0.020202020202020204 0.024793388429752067
224 0.8194444444444444 0.6393939393939394 0.012626262626262626 0.01487603305785124
224 0.6714015151515151 0.628099173553719 0.01452020202020202 0.018732782369146005
211 0.369949494949495 0.1650137741046832 0.012626262626262626 0.023691460055096418
224 0.5157828282828283 0.865564738292011 0.017676767676767676 0.015426997245179064
7 0.3904671717171717 0.35647382920110193 0.028409090909090908 0.02203856749311295
119 0.35353535353535354 0.6955922865013774 0.023989898989898988 0.021487603305785124
118 0.5047348484848485 0.2801652892561983 0.02335858585858586 0.01818181818181818
99 0.42771464646464646 0.7267217630853995 0.017045454545454544 0.024242424242424242
22 0.7452651515151515 0.5765840220385675 0.02335858585858586 0.022589531680440773
200 0.7834595959595959 0.29476584022038566 0.013888888888888888 0.014325068870523415
119 0.35669191919191917 0.24545454545454545 0.021464646464646464 0.01928374655647383
224 0.7929292929292929 0.4385674931129477 0.016414141414141416 0.019834710743801654
224 0.6452020202020202 0.456198347107438 0.021464646464646464 0.019834710743801654
119 0.4690656565656566 0.5292011019283747 0.017676767676767676 0.015977961432506887
211 0.4412878787878788 0.41680440771349864 0.011363636363636364 0.020385674931129475
224 0.678030303030303 0.3446280991735537 0.021464646464646464 0.022589531680440773
119 0.7307449494949495 0.35234159779614327 0.025883838383838384 0.021487603305785124
119 0.29545454545454547 0.3774104683195592 0.030303030303030304 0.02865013774104683
200 0.36363636363636365 0.5195592286501377 0.016414141414141416 0.015426997245179064
6 0.3191287878787879 0.7203856749311295 0.019570707070707072 0.02809917355371901
119 0.9071969696969697 0.8837465564738292 0.012626262626262626 0.017630853994490357
22 0.9261363636363636 0.781542699724518 0.022727272727272728 0.021487603305785124
185 0.6963383838383839 0.14490358126721764 0.016414141414141416 0.02534435261707989
160 0.2904040404040404 0.6336088154269972 0.027777777777777776 0.017630853994490357
160 0.63510101010101 0.5991735537190083 0.022727272727272728 0.020385674931129475
224 0.7433712121212122 0.8225895316804408 0.018308080808080808 0.018732782369146005
211 0.4797979797979798 0.20055096418732782 0.01893939393939394 0.0209366391184573
200 0.7878787878787878 0.8790633608815427 0.013888888888888888 0.013774104683195593
211 0.8996212121212122 0.668870523415978 0.012626262626262626 0.026446280991735537
7 0.5861742424242424 0.14545454545454545 0.022095959595959596 0.02534435261707989
200 0.8207070707070707 0.7195592286501378 0.017676767676767676 0.0209366391184573
211 0.7165404040404041 0.17300275482093663 0.010101010101010102 0.023140495867768594
22 0.7275883838383839 0.690633608815427 0.022095959595959596 0.020385674931129475
185 0.8636363636363636 0.6137741046831956 0.017676767676767676 0.024242424242424242
211 0.7386363636363636 0.19972451790633608 0.012626262626262626 0.025895316804407712
200 0.7900883838383839 0.8013774104683196 0.013257575757575758 0.012672176308539946
211 0.5369318181818182 0.6787878787878788 0.01452020202020202 0.024242424242424242
22 0.3020833333333333 0.909366391184573 0.022095959595959596 0.021487603305785124
176 0.6505681818181818 0.2889807162534435 0.018308080808080808 0.023691460055096418
211 0.35511363636363635 0.38154269972451793 0.011994949494949494 0.024793388429752067
106 0.6679292929292929 0.515426997245179 0.03535353535353535 0.025895316804407712
224 0.38825757575757575 0.6966942148760331 0.01893939393939394 0.01487603305785124
119 0.2866161616161616 0.4633608815426997 0.016414141414141416 0.0209366391184573
13 0.6856060606060606 0.9013774104683195 0.023989898989898988 0.024242424242424242
7 0.7537878787878788 0.17355371900826447 0.021464646464646464 0.017630853994490357
22 0.8974116161616161 0.36639118457300274 0.020833333333333332 0.023140495867768594
99 0.8241792929292929 0.26749311294765843 0.017045454545454544 0.024793388429752067
7 0.7017045454545454 0.4889807162534435 0.028409090909090908 0.024793388429752067
149 0.9289772727272727 0.6184573002754821 0.019570707070707072 0.020385674931129475
58 0.6833964646464646 0.31735537190082647 0.011994949494949494 0.018732782369146005
7 0.8734217171717171 0.8044077134986226 0.029671717171717172 0.019834710743801654
160 0.6328914141414141 0.7647382920110193 0.02335858585858586 0.019834710743801654
32 0.5328282828282829 0.865840220385675 0.017676767676767676 0.023691460055096418
200 0.9030934343434344 0.643801652892562 0.01452020202020202 0.015977961432506887
7 0.9046717171717171 0.4203856749311295 0.020202020202020204 0.026446280991735537
211 0.26830808080808083 0.29449035812672175 0.010101010101010102 0.022589531680440773
32 0.6328914141414141 0.3426997245179063 0.02335858585858586 0.023140495867768594
22 0.3298611111111111 0.19090909090909092 0.02462121212121212 0.017079889807162536
200 0.8980429292929293 0.9057851239669421 0.017045454545454544 0.014325068870523415
7 0.8939393939393939 0.884573002754821 0.012626262626262626 0.020385674931129475
224 0.5192550505050505 0.8132231404958677 0.019570707070707072 0.01652892561983471
44 0.6571969696969697 0.256198347107438 0.039141414141414144 0.0209366391184573
224 0.9292929292929293 0.1859504132231405 0.01893939393939394 0.017079889807162536
44 0.6464646464646465 0.3162534435261708 0.02904040404040404 0.017630853994490357
7 0.6139520202020202 0.5680440771349863 0.022095959595959596 0.02203856749311295
22 0.6912878787878788 0.6878787878787879 0.020202020202020204 0.01928374655647383
44 0.3648989898989899 0.9118457300275482 0.027777777777777776 0.0209366391184573
76 0.8497474747474747 0.6393939393939394 0.025252525252525252 0.024793388429752067
118 0.8083964646464646 0.17851239669421487 0.022095959595959596 0.023140495867768594
13 0.5583964646464646 0.17520661157024794 0.022095959595959596 0.019834710743801654
22 0.6076388888888888 0.7074380165289256 0.019570707070707072 0.023140495867768594
22 0.803030303030303 0.8515151515151516 0.017676767676767676 0.022589531680440773
211 0.7768308080808081 0.41074380165289254 0.018308080808080808 0.024793388429752067
200 0.7900883838383839 0.6371900826446281 0.020833333333333332 0.020385674931129475
211 0.9330808080808081 0.7550964187327823 0.012626262626262626 0.01818181818181818
44 0.740530303030303 0.8487603305785124 0.02904040404040404 0.020385674931129475
22 0.5176767676767676 0.3942148760330578 0.021464646464646464 0.023691460055096418
7 0.4283459595959596 0.8319559228650137 0.020833333333333332 0.02203856749311295
200 0.3191287878787879 0.6027548209366391 0.015782828282828284 0.015426997245179064
211 0.8377525252525253 0.5256198347107438 0.012626262626262626 0.018732782369146005
211 0.7351641414141414 0.5184573002754821 0.010732323232323232 0.02203856749311295
99 0.45422979797979796 0.45206611570247934 0.017045454545454544 0.021487603305785124
32 0.24526515151515152 0.7757575757575758 0.025883838383838384 0.024242424242424242
160 0.3819444444444444 0.2184573002754821 0.02904040404040404 0.01818181818181818
44 0.8746843434343434 0.7807162534435261 0.032196969696969696 0.02203856749311295
224 0.38099747474747475 0.5201101928374655 0.015782828282828284 0.0209366391184573
6 0.3434343434343434 0.2190082644628099 0.03535353535353535 0.02699724517906336
224 0.9816919191919192 0.3146005509641873 0.01893939393939394 0.019834710743801654
99 0.4671717171717172 0.2804407713498623 0.013888888888888888 0.024242424242424242
106 0.24400252525252525 0.7203856749311295 0.028409090909090908 0.021487603305785124
8 0.2708333333333333 0.07107438016528926 0.027777777777777776 0.02865013774104683
160 0.2673611111111111 0.6617079889807163 0.029671717171717172 0.024242424242424242
7 0.8248106060606061 0.49504132231404957 0.02462121212121212 0.024793388429752067
118 0.6796085858585859 0.1446280991735537 0.025883838383838384 0.01928374655647383
32 0.6745580808080808 0.5994490358126722 0.02335858585858586 0.02534435261707989
200 0.7992424242424242 0.3239669421487603 0.01893939393939394 0.018732782369146005
7 0.8547979797979798 0.4446280991735537 0.022727272727272728 0.02203856749311295
106 0.2635732323232323 0.21267217630853993 0.027146464646464648 0.017630853994490357
22 0.788510101010101 0.26611570247933886 0.022727272727272728 0.018732782369146005
200 0.9321338383838383 0.8829201101928374 0.017045454545454544 0.01928374655647383
106 0.7436868686868687 0.4046831955922865 0.025252525252525252 0.020385674931129475
22 0.5659722222222222 0.9154269972451791 0.022095959595959596 0.029201101928374655
119 0.6578282828282829 0.8165289256198347 0.023989898989898988 0.0209366391184573
44 0.9738005050505051 0.19118457300275482 0.028409090909090908 0.018732782369146005
32 0.8465909090909091 0.4977961432506887 0.021464646464646464 0.025895316804407712
6 0.5009469696969697 0.20027548209366391 0.02335858585858586 0.020385674931129475
7 0.7632575757575758 0.8264462809917356 0.021464646464646464 0.02203856749311295
200 0.4996843434343434 0.25206611570247933 0.015782828282828284 0.012672176308539946
7 0.7436868686868687 0.903305785123967 0.021464646464646464 0.024793388429752067
149 0.3061868686868687 0.7746556473829201 0.025252525252525252 0.018732782369146005
7 0.33585858585858586 0.8294765840220386 0.01893939393939394 0.015977961432506887
160 0.696969696969697 0.515702479338843 0.026515151515151516 0.02975206611570248
118 0.3383838383838384 0.6355371900826446 0.022727272727272728 0.021487603305785124
118 0.4898989898989899 0.14214876033057852 0.020202020202020204 0.0209366391184573
224 0.9015151515151515 0.5027548209366391 0.017676767676767676 0.020385674931129475
224 0.48042929292929293 0.781267217630854 0.01893939393939394 0.017630853994490357
7 0.7364267676767676 0.7165289256198347 0.02335858585858586 0.02809917355371901
99 0.8914141414141414 0.7556473829201102 0.01893939393939394 0.021487603305785124
200 0.9390782828282829 0.3146005509641873 0.025883838383838384 0.0209366391184573
211 0.7364267676767676 0.4928374655647383 0.00946969696969697 0.02699724517906336
13 0.9529671717171717 0.28236914600550966 0.02462121212121212 0.023691460055096418
224 0.9636994949494949 0.2537190082644628 0.019570707070707072 0.01818181818181818
118 0.4640151515151515 0.5046831955922865 0.021464646464646464 0.017630853994490357
200 0.8690025252525253 0.6986225895316804 0.01452020202020202 0.0209366391184573
106 0.367739898989899 0.2997245179063361 0.02335858585858586 0.018732782369146005
118 0.4917929292929293 0.3077134986225895 0.023989898989898988 0.01818181818181818
118 0.39362373737373735 0.19476584022038568 0.020833333333333332 0.017079889807162536
13 0.8847853535353535 0.9316804407713498 0.020833333333333332 0.0209366391184573
200 0.40845959595959597 0.16611570247933885 0.022727272727272728 0.021487603305785124
211 0.7522095959595959 0.1490358126721763 0.018308080808080808 0.03360881542699724
224 0.4652777777777778 0.6476584022038567 0.020202020202020204 0.021487603305785124
7 0.8374368686868687 0.5837465564738292 0.02335858585858586 0.017079889807162536
99 0.8162878787878788 0.2066115702479339 0.016414141414141416 0.01652892561983471
200 0.8712121212121212 0.5267217630853994 0.016414141414141416 0.017630853994490357
211 0.5284090909090909 0.5887052341597796 0.013888888888888888 0.025895316804407712
99 0.4621212121212121 0.14077134986225895 0.013888888888888888 0.023691460055096418
224 0.7559974747474747 0.5768595041322314 0.019570707070707072 0.024242424242424242
6 0.5410353535353535 0.8126721763085399 0.026515151515151516 0.0209366391184573
211 0.9501262626262627 0.5895316804407713 0.016414141414141416 0.026446280991735537
224 0.9210858585858586 0.4228650137741047 0.017676767676767676 0.025895316804407712
13 0.8601641414141414 0.7542699724517906 0.022095959595959596 0.019834710743801654
6 0.7342171717171717 0.315702479338843 0.01893939393939394 0.02534435261707989
22 0.29797979797979796 0.4380165289256198 0.022727272727272728 0.0209366391184573
7 0.2840909090909091 0.18760330578512396 0.026515151515151516 0.01928374655647383
7 0.836489898989899 0.8564738292011019 0.01893939393939394 0.024793388429752067
44 0.9845328282828283 0.3741046831955923 0.025883838383838384 0.018732782369146005
118 0.6180555555555556 0.23415977961432508 0.026515151515151516 0.02203856749311295
58 0.7411616161616161 0.928099173553719 0.02904040404040404 0.020385674931129475
44 0.7774621212121212 0.6909090909090909 0.030934343434343436 0.026446280991735537
22 0.7149621212121212 0.925068870523416 0.022095959595959596 0.02203856749311295
118 0.2727272727272727 0.8553719008264463 0.027777777777777776 0.020385674931129475
22 0.8456439393939394 0.41790633608815425 0.02335858585858586 0.021487603305785124
32 0.5505050505050505 0.8391184573002755 0.020202020202020204 0.0209366391184573
22 0.4412878787878788 0.7804407713498622 0.017676767676767676 0.01928374655647383
7 0.8276515151515151 0.9038567493112948 0.01893939393939394 0.020385674931129475
149 0.9741161616161617 0.2837465564738292 0.01893939393939394 0.0209366391184573
22 0.5157828282828283 0.5884297520661157 0.015151515151515152 0.024242424242424242
