211 0.503370786516854 0.3718381112984823 0.021348314606741574 0.0775716694772344
118 0.7724719101123596 0.3634064080944351 0.051685393258426963 0.06408094435075885
211 0.48146067415730337 0.6222596964586846 0.038202247191011236 0.06070826306913996
99 0.5632022471910112 0.5497470489038786 0.023033707865168538 0.05902192242833052
149 0.3887640449438202 0.2487352445193929 0.04044943820224719 0.05733558178752108
200 0.7657303370786517 0.2403035413153457 0.038202247191011236 0.06913996627318718
200 0.6146067415730337 0.49494097807757165 0.03932584269662921 0.0657672849915683
22 0.7823033707865169 0.606239460370995 0.026404494382022473 0.05227655986509275
176 0.7039325842696629 0.6867622259696459 0.0348314606741573 0.05986509274873524
211 0.5831460674157304 0.5505902192242833 0.015730337078651686 0.05396290050590219
8 0.5806179775280899 0.49156829679595276 0.026404494382022473 0.05733558178752108
200 0.6030898876404495 0.3676222596964587 0.03089887640449438 0.048903878583473864
160 0.5008426966292134 0.43043844856661045 0.03314606741573034 0.06155143338954469
200 0.5570224719101123 0.49072512647554806 0.019662921348314606 0.05564924114671164
211 0.701123595505618 0.6091905564924115 0.028089887640449437 0.0699831365935919
119 0.7300561797752809 0.613406408094435 0.03202247191011236 0.06829679595278246
185 0.5053370786516854 0.24494097807757167 0.042134831460674156 0.049747048903878585
149 0.727808988764045 0.23693086003372682 0.044382022471910115 0.07251264755480608
119 0.7553370786516854 0.6112984822934233 0.026404494382022473 0.06239460370994941
160 0.6581460674157303 0.489460370994941 0.029775280898876405 0.05480607082630692
7 0.6696629213483146 0.6897133220910624 0.024719101123595506 0.05733558178752108
149 0.6879213483146067 0.3086003372681282 0.04325842696629213 0.05396290050590219
13 0.3831460674157303 0.4957841483979764 0.03707865168539326 0.048903878583473864
224 0.4435393258426966 0.306070826306914 0.03202247191011236 0.05902192242833052
211 0.3396067415730337 0.4426644182124789 0.025280898876404494 0.06070826306913996
13 0.6926966292134832 0.5421585160202361 0.0449438202247191 0.05396290050590219
160 0.2851123595505618 0.3827993254637437 0.037640449438202245 0.050590219224283306
176 0.30926966292134833 0.32166947723440137 0.04887640449438202 0.06492411467116357
44 0.34606741573033706 0.6285834738617201 0.043820224719101124 0.04300168634064081
22 0.35421348314606743 0.4945193929173693 0.02752808988764045 0.046374367622259695
176 0.31713483146067417 0.38532883642495785 0.03202247191011236 0.05227655986509275
224 0.7348314606741573 0.4245362563237774 0.028089887640449437 0.04300168634064081
119 0.35308988764044946 0.24957841483979765 0.03651685393258427 0.05227655986509275
22 0.5808988764044943 0.6930860033726813 0.0348314606741573 0.06239460370994941
106 0.5382022471910113 0.3655143338954469 0.05730337078651685 0.0581787521079258
149 0.4469101123595506 0.5442664418212478 0.042134831460674156 0.0581787521079258
224 0.3797752808988764 0.37900505902192244 0.02696629213483146 0.05311973018549747
211 0.7800561797752809 0.4388701517706577 0.024157303370786518 0.0851602023608769
200 0.5634831460674158 0.6222596964586846 0.028089887640449437 0.0657672849915683
149 0.5162921348314606 0.698566610455312 0.03707865168539326 0.06661045531197302
22 0.5623595505617978 0.433389544688027 0.035955056179775284 0.0657672849915683
7 0.6558988764044944 0.3684654300168634 0.04887640449438202 0.05396290050590219
7 0.4707865168539326 0.30522765598650925 0.030337078651685393 0.05564924114671164
119 0.49775280898876406 0.30354131534569984 0.028089887640449437 0.05564924114671164
149 0.3651685393258427 0.5522765598650927 0.04044943820224719 0.05396290050590219
32 0.7292134831460674 0.3081787521079258 0.04044943820224719 0.05311973018549747
106 0.27640449438202247 0.2588532883642496 0.038202247191011236 0.05564924114671164
211 0.4460674157303371 0.37268128161888703 0.029213483146067417 0.050590219224283306
118 0.49297752808988765 0.5459527824620574 0.04325842696629213 0.05986509274873524
32 0.41460674157303373 0.6239460370994941 0.019101123595505618 0.08600337268128162
211 0.5379213483146067 0.6209949409780776 0.02752808988764045 0.06155143338954469
224 0.7941011235955057 0.2436762225969646 0.029775280898876405 0.06408094435075885
22 0.6202247191011236 0.31155143338954466 0.035955056179775284 0.049747048903878585
22 0.7306179775280899 0.3634064080944351 0.03314606741573034 0.045531197301854974
32 0.5935393258426966 0.42959527824620575 0.03202247191011236 0.05986509274873524
168 0.6941011235955056 0.3634064080944351 0.03089887640449438 0.06239460370994941
99 0.5741573033707865 0.36804384485666103 0.02359550561797753 0.05480607082630692
211 0.6553370786516854 0.23735244519392917 0.02752808988764045 0.0733558178752108
44 0.2856741573033708 0.4426644182124789 0.04325842696629213 0.047217537942664416
32 0.5485955056179775 0.7015177065767285 0.026404494382022473 0.06239460370994941
7 0.37050561797752807 0.43929173693086004 0.037640449438202245 0.05564924114671164
119 0.4435393258426966 0.48903878583473864 0.03651685393258427 0.05564924114671164
7 0.4435393258426966 0.6285834738617201 0.03539325842696629 0.05311973018549747
211 0.4165730337078652 0.24578414839797638 0.01741573033707865 0.0581787521079258
185 0.5216292134831461 0.6256323777403036 0.03876404494382023 0.07251264755480608
119 0.797752808988764 0.3073355817875211 0.035955056179775284 0.05143338954468803
13 0.5356741573033708 0.48988195615514335 0.025280898876404494 0.05564924114671164
22 0.7345505617977528 0.5370994940978078 0.04101123595505618 0.050590219224283306
119 0.6845505617977528 0.48650927487352447 0.034269662921348316 0.05902192242833052
149 0.7151685393258427 0.48187183811129847 0.038202247191011236 0.05480607082630692
6 0.6542134831460674 0.3077571669477234 0.025280898876404494 0.05396290050590219
149 0.3199438202247191 0.24915682967959527 0.034269662921348316 0.05986509274873524
110 0.5348314606741573 0.306070826306914 0.03146067415730337 0.050590219224283306
22 0.7047752808988764 0.42158516020236086 0.03651685393258427 0.05564924114671164
22 0.7570224719101124 0.3048060708263069 0.042134831460674156 0.06155143338954469
22 0.5455056179775281 0.24494097807757167 0.025842696629213482 0.0581787521079258
22 0.47275280898876404 0.48903878583473864 0.024157303370786518 0.06239460370994941
118 0.6660112359550562 0.42411467116357504 0.04101123595505618 0.05902192242833052
22 0.5334269662921348 0.5476391231028668 0.03651685393258427 0.05649241146711636
176 0.6671348314606742 0.6214165261382799 0.037640449438202245 0.06239460370994941
119 0.6887640449438203 0.2403035413153457 0.038202247191011236 0.06745362563237774
211 0.623314606741573 0.3705733558178752 0.012921348314606741 0.06155143338954469
99 0.3129213483146067 0.6344856661045531 0.02247191011235955 0.05649241146711636
118 0.6632022471910113 0.5430016863406408 0.026404494382022473 0.05396290050590219
22 0.5115168539325843 0.4856661045531197 0.026404494382022473 0.06745362563237774
200 0.39747191011235955 0.31323777403035413 0.03089887640449438 0.049747048903878585
44 0.5747191011235955 0.24451939291736932 0.0348314606741573 0.05733558178752108
13 0.3193820224719101 0.5577571669477235 0.03539325842696629 0.04300168634064081
22 0.5643258426966292 0.3077571669477234 0.023033707865168538 0.050590219224283306
160 0.6323033707865169 0.4354974704890388 0.03539325842696629 0.06155143338954469
211 0.4887640449438202 0.48988195615514335 0.015730337078651686 0.06239460370994941
118 0.798876404494382 0.4211635750421585 0.03146067415730337 0.05480607082630692
22 0.4106741573033708 0.4903035413153457 0.029213483146067417 0.05143338954468803
7 0.3514044943820225 0.3777403035413153 0.034269662921348316 0.045531197301854974
176 0.5269662921348315 0.43128161888701516 0.028089887640449437 0.05986509274873524
7 0.6401685393258427 0.5459527824620574 0.026404494382022473 0.05143338954468803
118 0.38764044943820225 0.6344856661045531 0.03707865168539326 0.0581787521079258
13 0.4379213483146067 0.433389544688027 0.03202247191011236 0.05227655986509275
224 0.6151685393258427 0.616779089376054 0.033707865168539325 0.07504215851602024
7 0.35337078651685394 0.3149241146711636 0.04044943820224719 0.0581787521079258
7 0.43848314606741573 0.24620573355817876 0.028651685393258425 0.05733558178752108
185 0.47584269662921347 0.36467116357504215 0.038202247191011236 0.048060708263069137
224 0.7612359550561798 0.4211635750421585 0.020224719101123594 0.05480607082630692
22 0.4682584269662921 0.4325463743676223 0.029775280898876405 0.05227655986509275
7 0.4134831460674157 0.37015177065767285 0.03932584269662921 0.048903878583473864
7 0.5926966292134831 0.24283305227655985 0.024719101123595506 0.05733558178752108
13 0.4050561797752809 0.5463743676222597 0.038202247191011236 0.05733558178752108
99 0.3143258426966292 0.44561551433389546 0.028651685393258425 0.07166947723440135
7 0.6429775280898876 0.6007588532883642 0.01741573033707865 0.05986509274873524
176 0.6207865168539326 0.24536256323777403 0.03707865168539326 0.05564924114671164
