13 0.5834564254062038 0.5740740740740741 0.04579025110782865 0.04909560723514212
7 0.3515509601181684 0.46425495262704564 0.03545051698670606 0.046511627906976744
200 0.8401033973412112 0.5697674418604651 0.0361890694239291 0.050818260120585705
176 0.569423929098966 0.4074074074074074 0.0413589364844904 0.04823428079242033
22 0.6920236336779911 0.40482342807924204 0.051698670605613 0.046511627906976744
99 0.3988183161004431 0.18690783807062877 0.03840472673559823 0.046511627906976744
7 0.8393648449039882 0.45434969853574503 0.0361890694239291 0.050818260120585705
7 0.40841949778434267 0.24031007751937986 0.033973412112259974 0.04823428079242033
200 0.6355243722304283 0.23428079242032732 0.0361890694239291 0.04478897502153316
7 0.8940177252584933 0.5172265288544359 0.03914327917282127 0.05426356589147287
211 0.9217134416543574 0.5167958656330749 0.019202363367799114 0.04995693367786391
22 0.672082717872969 0.5189491817398794 0.03988183161004431 0.04392764857881137
13 0.7909896602658789 0.6218776916451335 0.04579025110782865 0.04306632213608958
149 0.46639586410635153 0.6266149870801033 0.04357459379615953 0.04909560723514212
224 0.5679468242245199 0.29112833763996554 0.03988183161004431 0.04478897502153316
185 0.413589364844904 0.4061154177433247 0.047267355982274745 0.050818260120585705
118 0.8079763663220089 0.181739879414298 0.03840472673559823 0.056847545219638244
7 0.507754800590842 0.23901808785529716 0.03914327917282127 0.047372954349698536
224 0.7211964549483013 0.28639104220499567 0.03175775480059084 0.050818260120585705
110 0.5070162481536189 0.1821705426356589 0.048005908419497784 0.04392764857881137
99 0.6517725258493353 0.6261843238587425 0.0361890694239291 0.04995693367786391
13 0.5487444608567208 0.5198105081826012 0.053175775480059084 0.04565030146425495
32 0.8537666174298375 0.5120585701981051 0.0413589364844904 0.04909560723514212
13 0.5243722304283605 0.46554694229112836 0.050221565731166914 0.05426356589147287
7 0.5265878877400295 0.3505598621877692 0.03692762186115214 0.053402239448751075
22 0.5679468242245199 0.4625322997416021 0.03840472673559823 0.046511627906976744
13 0.3696454948301329 0.23987941429801896 0.045051698670605614 0.04392764857881137
99 0.6318316100443131 0.3479758828596038 0.030280649926144758 0.05167958656330749
22 0.5646233382570163 0.23557278208441 0.03471196454948301 0.04565030146425495
22 0.5487444608567208 0.18044788975021533 0.03692762186115214 0.05254091300602928
149 0.6089364844903988 0.40310077519379844 0.04357459379615953 0.04478897502153316
7 0.36447562776957165 0.18819982773471144 0.03766617429837518 0.04392764857881137
118 0.7200886262924667 0.347114556416882 0.04431314623338257 0.04823428079242033
110 0.558714918759232 0.35271317829457366 0.03766617429837518 0.047372954349698536
7 0.5361890694239291 0.4074074074074074 0.03988183161004431 0.04823428079242033
200 0.594903988183161 0.3505598621877692 0.03766617429837518 0.04995693367786391
22 0.7632939438700148 0.17657192075796727 0.04948301329394387 0.04823428079242033
118 0.8814623338257016 0.5697674418604651 0.042097488921713444 0.050818260120585705
200 0.835672082717873 0.6248923341946597 0.04062038404726736 0.04565030146425495
58 0.32902511078286556 0.5198105081826012 0.048005908419497784 0.040482342807924204
7 0.39032496307237813 0.29931093884582255 0.045051698670605614 0.050818260120585705
224 0.4675036927621861 0.18087855297157623 0.03692762186115214 0.04306632213608958
211 0.6022895125553914 0.29069767441860467 0.0258493353028065 0.04909560723514212
211 0.5372968980797637 0.23944875107665806 0.019940915805022157 0.04995693367786391
118 0.6432791728212703 0.2885443583118002 0.04579025110782865 0.04823428079242033
149 0.6750369276218612 0.34926787252368646 0.04874446085672083 0.050818260120585705
143 0.39254062038404725 0.4616709732988803 0.05096011816838995 0.046511627906976744
22 0.4449778434268833 0.5185185185185185 0.03914327917282127 0.046511627906976744
106 0.28286558345642543 0.2997416020671835 0.03249630723781388 0.04823428079242033
13 0.42134416543574593 0.6244616709732989 0.04357459379615953 0.04478897502153316
32 0.47156573116691286 0.2368647717484927 0.04948301329394387 0.04995693367786391
176 0.8013293943870015 0.5680447889750215 0.03545051698670606 0.04565030146425495
8 0.6081979320531757 0.46511627906976744 0.03914327917282127 0.04995693367786391
99 0.731536189069424 0.5749354005167958 0.02880354505169867 0.059431524547803614
44 0.3559822747415066 0.14728682170542637 0.03840472673559823 0.029285099052540915
118 0.43353028064992616 0.2958656330749354 0.04431314623338257 0.04909560723514212
7 0.75 0.28725236864771747 0.03175775480059084 0.05426356589147287
118 0.42466765140324964 0.5736434108527132 0.04579025110782865 0.046511627906976744
7 0.32090103397341213 0.3006029285099053 0.042097488921713444 0.04995693367786391
211 0.6240768094534712 0.5736434108527132 0.028064992614475627 0.04995693367786391
22 0.36447562776957165 0.35400516795865633 0.03471196454948301 0.046511627906976744
119 0.6325701624815362 0.5167958656330749 0.04062038404726736 0.046511627906976744
211 0.7522156573116692 0.22739018087855298 0.022895125553914326 0.04823428079242033
160 0.5254800590841949 0.2950043066322136 0.048005908419497784 0.04909560723514212
106 0.32311669128508125 0.19035314384151594 0.058345642540620385 0.046511627906976744
211 0.4342688330871492 0.23987941429801896 0.025110782865583457 0.050818260120585705
22 0.4427621861152142 0.35142118863049093 0.03471196454948301 0.04995693367786391
22 0.4948301329394387 0.1347975882859604 0.03988183161004431 0.03359173126614987
149 0.4807976366322009 0.2954349698535745 0.04431314623338257 0.04995693367786391
200 0.275480059084195 0.1937984496124031 0.04283604135893648 0.04823428079242033
58 0.4911373707533235 0.4095607235142119 0.059084194977843424 0.047372954349698536
22 0.9076809453471196 0.4590869939707149 0.03692762186115214 0.06373815676141258
118 0.7961595273264401 0.4590869939707149 0.051698670605613 0.04995693367786391
22 0.7813884785819794 0.41214470284237725 0.04579025110782865 0.040482342807924204
149 0.7865583456425406 0.23083548664944015 0.04431314623338257 0.04478897502153316
7 0.6499261447562777 0.46382428940568476 0.04431314623338257 0.047372954349698536
118 0.5240029542097489 0.1326442721791559 0.024372230428360415 0.034453057708871665
110 0.5745937961595273 0.6296296296296297 0.04283604135893648 0.04478897502153316
200 0.7230428360413589 0.23126614987080105 0.03545051698670606 0.047372954349698536
200 0.43611521418020677 0.46296296296296297 0.03914327917282127 0.04392764857881137
224 0.5468980797636632 0.132213608957795 0.02880354505169867 0.03186907838070629
118 0.2810192023633678 0.24332472006890613 0.03471196454948301 0.05254091300602928
118 0.38515509601181686 0.1429801894918174 0.02141802067946824 0.041343669250646
224 0.7854505169867061 0.3458225667527993 0.03766617429837518 0.059431524547803614
118 0.3707533234859675 0.409130060292851 0.053175775480059084 0.04478897502153316
224 0.4966765140324963 0.35099052540913006 0.0361890694239291 0.04909560723514212
211 0.7559084194977843 0.3449612403100775 0.02141802067946824 0.050818260120585705
200 0.4357459379615953 0.1838931955211025 0.03249630723781388 0.047372954349698536
99 0.4364844903988183 0.13824289405684753 0.029542097488921712 0.023255813953488372
118 0.7898818316100443 0.2885443583118002 0.0465288035450517 0.05167958656330749
44 0.4102658788774003 0.14599483204134367 0.02880354505169867 0.03186907838070629
200 0.5963810930576071 0.5180878552971576 0.042097488921713444 0.04392764857881137
58 0.7226735598227474 0.5172265288544359 0.0568685376661743 0.047372954349698536
99 0.8733382570162481 0.4569336778639104 0.03175775480059084 0.05770887166236004
224 0.8094534711964549 0.5103359173126615 0.047267355982274745 0.04909560723514212
224 0.6495568685376661 0.4052540913006029 0.03914327917282127 0.05426356589147287
7 0.5324963072378139 0.6296296296296297 0.0413589364844904 0.04823428079242033
200 0.6148449039881831 0.6300602928509905 0.03766617429837518 0.04220499569336779
13 0.69903988183161 0.46037898363479757 0.04948301329394387 0.04909560723514212
200 0.6624815361890695 0.11412575366063739 0.03249630723781388 0.047372954349698536
176 0.5985967503692762 0.2360034453057709 0.03914327917282127 0.05167958656330749
22 0.36927621861152143 0.5176571920757967 0.03692762186115214 0.046511627906976744
149 0.7418759231905465 0.4595176571920758 0.0465288035450517 0.04909560723514212
118 0.5889955686853766 0.1821705426356589 0.048005908419497784 0.050818260120585705
22 0.7695716395864106 0.5676141257536607 0.04431314623338257 0.046511627906976744
118 0.6779911373707533 0.23255813953488372 0.050221565731166914 0.04823428079242033
44 0.48338257016248154 0.5706287683031869 0.07311669128508123 0.03875968992248062
224 0.4634416543574594 0.13695090439276486 0.024372230428360415 0.03273040482342808
22 0.45125553914327915 0.4086993970714901 0.03545051698670606 0.047372954349698536
211 0.46971935007385524 0.35486649440137813 0.0206794682422452 0.06201550387596899
106 0.8157311669128509 0.40310077519379844 0.030280649926144758 0.05512489233419466
22 0.38072378138847857 0.5689061154177433 0.04357459379615953 0.04392764857881137
22 0.6861152141802068 0.2868217054263566 0.03840472673559823 0.05167958656330749
118 0.7141802067946824 0.17743324720068906 0.047267355982274745 0.04995693367786391
200 0.7688330871491876 0.5142118863049095 0.03840472673559823 0.04478897502153316
185 0.8245937961595273 0.6705426356589147 0.04948301329394387 0.040482342807924204
118 0.4774741506646972 0.46210163652024117 0.0465288035450517 0.04909560723514212
110 0.6532496307237814 0.5671834625322998 0.03766617429837518 0.04565030146425495
149 0.32348596750369274 0.24375538329026702 0.047267355982274745 0.04478897502153316
99 0.3559822747415066 0.301464254952627 0.029542097488921712 0.053402239448751075
106 0.4944608567208272 0.5202411714039621 0.05096011816838995 0.04478897502153316
7 0.8364106351550961 0.4005167958656331 0.03471196454948301 0.05167958656330749
110 0.4021418020679468 0.35185185185185186 0.0465288035450517 0.047372954349698536
118 0.4065731166912851 0.520671834625323 0.04357459379615953 0.04909560723514212
22 0.5395125553914328 0.5740740740740741 0.03914327917282127 0.05254091300602928
