7 0.6336872586872587 0.4352422907488987 0.033783783783783786 0.03700440528634361
7 0.5323359073359073 0.44052863436123346 0.03571428571428571 0.029955947136563875
76 0.6843629343629344 0.6845814977973568 0.032818532818532815 0.05462555066079295
160 0.583011583011583 0.5898678414096916 0.03861003861003861 0.03436123348017621
160 0.6187258687258688 0.5392070484581498 0.03861003861003861 0.03700440528634361
44 0.2668918918918919 0.6325991189427312 0.04922779922779923 0.038766519823788544
200 0.3672779922779923 0.5903083700440529 0.033783783783783786 0.03524229074889868
32 0.5670849420849421 0.439647577092511 0.037644787644787646 0.038766519823788544
119 0.7485521235521235 0.6819383259911894 0.04343629343629344 0.04405286343612335
224 0.6192084942084942 0.5872246696035243 0.027992277992277992 0.03788546255506608
7 0.46621621621621623 0.4907488986784141 0.02895752895752896 0.04229074889867841
149 0.32142857142857145 0.5418502202643172 0.04247104247104247 0.038766519823788544
99 0.32094594594594594 0.44493392070484583 0.033783783783783786 0.03524229074889868
32 0.5386100386100386 0.6427312775330396 0.04633204633204633 0.04140969162995595
58 0.3547297297297297 0.44273127753303965 0.04343629343629344 0.03259911894273128
44 0.5371621621621622 0.5374449339207048 0.05694980694980695 0.033480176211453744
7 0.650096525096525 0.5819383259911894 0.03571428571428571 0.039647577092511016
7 0.6708494208494209 0.4881057268722467 0.08301158301158301 0.029955947136563875
22 0.40540540540540543 0.5374449339207048 0.032818532818532815 0.03524229074889868
106 0.40878378378378377 0.3951541850220264 0.041505791505791506 0.039647577092511016
224 0.361003861003861 0.6356828193832599 0.02895752895752896 0.03612334801762115
7 0.4594594594594595 0.44140969162995597 0.03667953667953668 0.03700440528634361
211 0.6163127413127413 0.6348017621145374 0.01833976833976834 0.039647577092511016
22 0.612934362934363 0.48590308370044055 0.02895752895752896 0.03259911894273128
119 0.24227799227799227 0.6762114537444934 0.03474903474903475 0.03612334801762115
200 0.49565637065637064 0.6378854625550661 0.037644787644787646 0.03700440528634361
22 0.28040540540540543 0.3947136563876652 0.03571428571428571 0.038766519823788544
106 0.3252895752895753 0.5907488986784141 0.059845559845559844 0.03612334801762115
22 0.5477799227799228 0.48546255506607927 0.03571428571428571 0.03700440528634361
211 0.4406370656370656 0.4933920704845815 0.01833976833976834 0.033480176211453744
200 0.4671814671814672 0.5383259911894274 0.023166023166023165 0.038766519823788544
99 0.48455598455598453 0.39559471365638765 0.02702702702702703 0.04052863436123348
7 0.4391891891891892 0.5872246696035243 0.03667953667953668 0.039647577092511016
118 0.7451737451737451 0.43392070484581496 0.03667953667953668 0.03612334801762115
224 0.4908301158301158 0.5392070484581498 0.03571428571428571 0.03524229074889868
22 0.5888030888030888 0.3894273127753304 0.03088803088803089 0.03700440528634361
32 0.5936293436293436 0.686784140969163 0.04054054054054054 0.039647577092511016
185 0.5907335907335908 0.6361233480176212 0.03474903474903475 0.033480176211453744
200 0.25 0.5845814977973568 0.03861003861003861 0.039647577092511016
200 0.5574324324324325 0.3920704845814978 0.033783783783783786 0.033480176211453744
224 0.6988416988416989 0.38854625550660793 0.02702702702702703 0.03700440528634361
32 0.584942084942085 0.5370044052863436 0.04247104247104247 0.03436123348017621
211 0.3972007722007722 0.4955947136563877 0.027992277992277992 0.03436123348017621
224 0.6747104247104247 0.3894273127753304 0.02895752895752896 0.033480176211453744
200 0.22828185328185327 0.439647577092511 0.026061776061776062 0.03524229074889868
119 0.2997104247104247 0.633920704845815 0.033783783783783786 0.03788546255506608
211 0.4638030888030888 0.3951541850220264 0.016409266409266408 0.03788546255506608
224 0.2842664092664093 0.586784140969163 0.03185328185328185 0.03171806167400881
200 0.513030888030888 0.39118942731277534 0.029922779922779922 0.04052863436123348
106 0.6578185328185329 0.5352422907488987 0.03957528957528957 0.03612334801762115
149 0.3687258687258687 0.3964757709251101 0.05405405405405406 0.038766519823788544
160 0.6428571428571429 0.3894273127753304 0.03861003861003861 0.03524229074889868
185 0.4015444015444015 0.5920704845814978 0.0444015444015444 0.03524229074889868
99 0.7384169884169884 0.5299559471365639 0.0444015444015444 0.030837004405286344
185 0.2611003861003861 0.4431718061674009 0.041505791505791506 0.033480176211453744
32 0.34121621621621623 0.49162995594713654 0.033783783783783786 0.038766519823788544
99 0.6081081081081081 0.4352422907488987 0.02895752895752896 0.03700440528634361
160 0.5617760617760618 0.6383259911894273 0.03088803088803089 0.03259911894273128
7 0.2591698841698842 0.5370044052863436 0.03185328185328185 0.03436123348017621
118 0.6862934362934363 0.7303964757709251 0.025096525096525095 0.04229074889867841
118 0.6833976833976834 0.6356828193832599 0.0444015444015444 0.03788546255506608
13 0.6645752895752896 0.4343612334801762 0.033783783783783786 0.03524229074889868
7 0.6452702702702703 0.6361233480176212 0.033783783783783786 0.04229074889867841
119 0.3692084942084942 0.4951541850220264 0.037644787644787646 0.04229074889867841
106 0.31467181467181465 0.39823788546255506 0.04247104247104247 0.04229074889867841
224 0.4194015444015444 0.49162995594713654 0.027992277992277992 0.033480176211453744
13 0.5222007722007722 0.4911894273127753 0.03474903474903475 0.044933920704845816
211 0.7128378378378378 0.6814977973568281 0.029922779922779922 0.039647577092511016
118 0.5805984555984556 0.4841409691629956 0.037644787644787646 0.04140969162995595
44 0.5135135135135135 0.5859030837004405 0.05019305019305019 0.03524229074889868
22 0.6307915057915058 0.6837004405286343 0.033783783783783786 0.03171806167400881
118 0.7533783783783784 0.3854625550660793 0.041505791505791506 0.044933920704845816
119 0.2784749034749035 0.6762114537444934 0.033783783783783786 0.03259911894273128
13 0.4251930501930502 0.4440528634361233 0.045366795366795366 0.03524229074889868
13 0.7171814671814671 0.7286343612334801 0.03474903474903475 0.03171806167400881
13 0.27413127413127414 0.49647577092511014 0.04826254826254826 0.03788546255506608
7 0.3894787644787645 0.4422907488986784 0.04343629343629344 0.038766519823788544
211 0.5323359073359073 0.392511013215859 0.02027027027027027 0.03436123348017621
13 0.4657335907335907 0.6361233480176212 0.033783783783783786 0.03700440528634361
99 0.2890926640926641 0.5409691629955947 0.026061776061776062 0.03524229074889868
32 0.555019305019305 0.5889867841409692 0.03474903474903475 0.02907488986784141
58 0.4937258687258687 0.44008810572687224 0.033783783783783786 0.030837004405286344
224 0.4724903474903475 0.5898678414096916 0.037644787644787646 0.04140969162995595
22 0.7533783783783784 0.7299559471365639 0.03957528957528957 0.04140969162995595
118 0.24517374517374518 0.3973568281938326 0.04054054054054054 0.038766519823788544
22 0.33204633204633205 0.633920704845815 0.032818532818532815 0.03436123348017621
224 0.4922779922779923 0.4894273127753304 0.03474903474903475 0.04140969162995595
22 0.4416023166023166 0.3969162995594714 0.029922779922779922 0.04669603524229075
7 0.23986486486486486 0.49647577092511014 0.033783783783783786 0.03612334801762115
22 0.291988416988417 0.4436123348017621 0.029922779922779922 0.03788546255506608
7 0.706081081081081 0.4330396475770925 0.033783783783783786 0.03259911894273128
118 0.4406370656370656 0.539647577092511 0.037644787644787646 0.03436123348017621
58 0.36824324324324326 0.539647577092511 0.0472972972972973 0.030837004405286344
32 0.39623552123552125 0.6387665198237885 0.03957528957528957 0.03700440528634361
99 0.6124517374517374 0.39295154185022024 0.027992277992277992 0.038766519823788544
7 0.721042471042471 0.38458149779735684 0.025096525096525095 0.03788546255506608
22 0.4358108108108108 0.6343612334801763 0.041505791505791506 0.03524229074889868
7 0.305984555984556 0.4933920704845815 0.03667953667953668 0.03700440528634361
106 0.222007722007722 0.5400881057268723 0.03474903474903475 0.03524229074889868
